1,1,0.695
1,1,0.635
1,1,0.313
1,1,2.177
1,1,0.979
1,1,1.641
1,1,0.557
1,1,0.674
1,1,0.82
1,1,1.512
1,1,0.563
1,1,0.914
1,1,0.357
1,1,0.614
1,1,0.574
1,1,0.774
1,1,0.71
1,1,0.598
1,1,0.302
1,1,0.642
1,1,0.988
1,1,0.544
1,1,0.342
1,1,0.471
1,1,0.536
1,1,0.308
1,1,0.866
1,1,0.561
1,1,0.395
1,1,0.88
1,1,2.095
1,1,0.599
1,1,0.6
1,1,0.597
1,1,0.791
1,1,0.383
1,1,0.476
1,1,0.979
1,1,0.698
1,1,0.463
1,1,0.735
1,1,0.81
1,1,1.202
1,1,0.889
1,1,0.696
1,1,0.916
1,1,0.806
1,2,0.647
1,2,0.033
1,2,0.491
1,2,0.425
1,2,0.438
1,2,1.073
1,2,0.31
1,2,0.745
1,2,0.027
1,2,0.522
1,2,0.676
1,2,0.449
1,2,0.919
1,2,0.674
1,2,0.228
1,2,0.554
1,2,0.412
1,2,0.745
1,2,0.725
1,2,0.95
1,2,0.91
1,2,0.726
1,2,0.027
1,2,0.48
1,2,0.566
1,2,0.648
1,2,0.864
1,2,0.753
1,2,0.959
1,2,0.653
1,2,0.52
1,3,0.312
1,3,0.777
1,3,1.479
1,3,0.752
1,3,0.543
1,3,0.388
1,3,0.365
1,3,0.668
1,3,0.384
1,3,0.572
1,3,1.018
1,3,0.847
1,3,0.87
1,3,0.355
1,3,0.346
1,3,0.109
1,3,0.998
1,3,0.758
1,3,0.805
1,3,0.799
1,3,0.562
1,3,0.61
1,3,0.173
1,3,0.289
1,3,0.365
1,3,0.618
1,3,0.44
1,3,1.307
1,3,0.111
1,3,0.315
1,3,0.604
1,3,0.943
1,4,1.116
1,4,0.347
1,4,0.815
1,4,1.148
1,4,0.412
1,4,0.536
1,4,0.65
1,4,0.467
1,4,0.389
1,4,0.481
1,4,0.598
1,4,0.755
1,4,0.729
1,4,0.261
1,4,0.459
1,4,0.064
1,4,0.431
1,4,0.286
1,4,0.619
1,4,0.972
1,4,0.414
1,4,0.457
1,4,0.43
1,4,0.337
1,5,0.21
1,5,0.85
1,5,0.648
1,5,0.229
1,5,0.409
1,5,0.445
1,5,0.332
1,5,0.532
1,5,0.574
1,5,0.234
1,5,0.377
1,5,0.95
1,5,0.517
1,5,0.891
1,5,0.898
1,5,1.265
1,5,0.2
1,5,1.391
1,5,0.051
1,5,0.426
1,5,0.27
1,5,0.853
1,5,0.899
1,5,0.539
1,5,0.878
1,5,0.518
1,5,0.328
1,5,0.213
1,5,0.436
1,5,0.672
1,5,0.254
1,6,0.355
1,6,0.453
1,6,0.627
1,6,1.63
1,6,0.636
1,6,0.325
1,6,0.086
1,6,0.668
1,6,0.538
1,6,0.632
1,6,0.987
1,6,0.552
1,6,0.474
1,6,0.213
1,6,0.714
1,6,0.714
1,6,0.552
1,6,0.304
1,6,0.628
1,6,0.345
1,6,0.52
1,6,0.32
1,6,0.652
1,6,0.279
1,6,0.278
1,6,0.47
1,6,0.627
1,6,0.52
1,6,0.478
1,6,0.302
1,7,0.405
1,7,0.62
1,7,0.408
1,7,0.208
1,7,0.862
1,7,0.627
1,7,0.169
1,7,0.477
1,7,0.574
1,7,0.22
1,7,0.653
1,7,0.032
1,7,0.677
1,7,0.617
1,7,0.579
1,7,0.78
1,7,0.876
1,7,0.384
1,7,0.059
1,7,0.205
1,7,0.462
1,7,0.499
1,7,0.781
1,7,0.317
1,7,1.157
1,7,0.413
1,7,0.357
1,7,1.105
1,7,0.354
1,7,0.329
1,7,0.202
1,7,0.384
1,7,0.234
1,7,0.295
1,7,0.438
1,7,0.256
1,7,0.395
1,7,0.98
1,7,0.52
1,8,0.369
1,8,0.47
1,8,0.596
1,8,0.332
1,8,0.509
1,8,1.674
1,8,0.214
1,8,0.116
1,8,0.448
1,8,0.179
1,8,0.318
1,8,0.253
1,8,0.501
1,8,0.381
1,8,0.297
1,8,0.036
1,8,0.303
1,8,0.065
1,8,0.087
1,8,0.337
1,8,0.388
1,8,0.709
1,8,0.023
1,8,0.483
1,8,0.505
1,9,0.911
1,9,0.029
1,9,0.332
1,9,0.318
1,9,0.618
1,9,0.204
1,9,0.046
1,9,0.43
1,9,0.259
1,9,0.726
1,9,0.471
1,9,0.179
1,9,0.042
1,9,0.348
1,9,0.724
1,9,0.033
1,9,0.331
1,9,0.572
1,9,0.332
1,9,0.227
1,10,0.232
1,10,0.217
1,10,0.416
1,10,0.48
1,10,0.176
1,10,0.48
1,10,0.476
1,10,0.798
1,10,0.745
1,10,0.376
1,10,0.319
1,10,0.578
1,10,0.499
1,10,0.739
1,10,0.505
1,10,0.196
1,10,0.341
1,10,0.281
1,11,0.734
1,11,0.199
1,11,0.883
1,11,0.312
1,11,0.058
1,11,0.444
1,11,0.526
1,11,0.618
1,11,0.013
1,11,0.481
1,11,0.633
1,11,0.476
1,11,0.358
1,11,0.475
1,11,0.475
1,11,0.552
1,11,0.346
1,12,0.351
1,12,0.152
1,12,0.25
1,12,0.099
1,12,0.377
1,12,0.198
1,12,0.204
1,12,0.155
1,12,0.414
1,12,0.699
1,12,0.091
1,12,0.178
1,12,0.263
1,12,0.007
1,12,0.306
1,12,0.449
1,12,0.085
1,12,0.505
1,12,0.314
1,12,0.924
1,12,0.525
1,12,0.297
1,12,0.5
1,12,0.078
1,12,0.625
1,12,0.281
1,12,0.36
1,12,0.256
1,12,0.332
1,13,0.27
1,13,0.433
1,13,0.44
1,13,0.533
1,13,0.18
1,13,1.118
1,13,0.324
1,13,0.388
1,13,0.243
1,13,0.401
1,13,0.233
1,13,0.042
1,13,0.251
1,13,0.279
1,13,0.288
1,13,0.835
1,13,0.583
1,13,0.279
1,13,0.303
1,13,0.512
1,14,0.025
1,14,0.324
1,14,0.663
1,14,0.722
1,14,1.136
1,14,0.378
1,14,0.84
1,14,0.442
1,14,0.482
1,14,0.365
1,14,0.253
1,14,0.121
1,14,0.339
1,14,0.509
1,14,0.007
1,14,0.45
1,14,0.113
1,14,0.613
1,14,0.502
1,14,0.196
1,14,0.023
1,14,0.223
1,14,0.442
1,14,0.543
1,15,0.246
1,15,0.578
1,15,0.553
1,15,0.089
1,15,0.542
1,15,0.178
1,15,0.116
1,15,0.04
1,15,0.828
1,15,0.08
1,15,0.396
1,15,0.043
1,15,0.353
1,15,0.02
1,15,0.031
1,15,0.422
1,15,0.657
1,15,0.269
1,15,0.086
1,15,1.125
1,15,0.01
1,15,0.011
1,15,0.008
1,15,0.01
1,15,0.069
1,15,0.526
1,16,0.029
1,16,0.571
1,16,0.125
1,16,0.322
1,16,0.025
1,16,0.225
1,16,0.638
1,16,0.46
1,16,0.023
1,16,0.373
1,16,0.405
1,16,0.835
1,16,0.379
1,16,0.911
1,16,0.568
1,16,0.079
1,16,0.129
1,16,0.357
1,16,0.862
1,16,0.01
1,16,0.029
1,16,0.432
1,16,0.009
1,16,0.487
1,16,0.335
1,16,0.014
1,16,0.542
1,17,0.357
1,17,0.183
1,17,0.558
1,17,0.179
1,17,0.526
1,17,0.084
1,17,0.515
1,17,0.206
1,17,0.629
1,17,1.062
1,17,0.184
1,17,0.209
1,17,0.077
1,17,0.417
1,17,1.228
1,17,0.661
1,18,0.01
1,18,0.122
1,18,0.027
1,18,0.325
1,18,0.46
1,18,0.03
1,18,0.656
1,18,0.016
1,18,0.019
1,18,0.012
1,18,0.528
1,18,0.408
1,18,0.902
1,18,0.024
1,18,0.484
1,18,0.031
1,18,0.012
1,18,0.067
1,18,0.305
1,18,0.456
1,18,0.093
1,18,0.122
1,18,0.249
1,18,0.073
1,18,0.007
1,18,0.256
1,18,0.008
1,18,0.369
1,19,0.272
1,19,0.311
1,19,0.203
1,19,0.18
1,19,0.327
1,19,1.526
1,19,1.498
1,19,0.026
1,19,0.359
1,19,0.467
1,19,0.254
1,19,0.446
1,19,0.642
1,19,0.476
1,19,0.424
1,19,0.558
1,19,0.169
1,20,0.571
1,20,0.255
1,20,0.233
1,20,0.601
1,20,0.056
1,20,0.324
1,20,0.463
1,20,0.881
1,20,0.837
1,20,1.097
1,20,1.424
1,20,0.517
1,20,0.371
1,20,0.326
1,21,0.035
1,21,0.085
1,21,0.351
1,21,0.353
1,21,0.526
1,21,0.034
1,21,0.506
1,21,0.403
1,21,0.007
1,21,0.488
1,21,0.676
1,21,0.027
1,21,0.924
1,21,0.018
1,21,0.035
1,21,0.06
1,21,0.607
1,22,0.565
1,22,0.396
1,22,1.024
1,22,0.028
1,22,0.412
1,22,0.041
1,22,0.042
1,22,0.111
1,22,0.016
1,22,0.013
1,22,0.235
1,22,0.049
1,22,0.062
1,22,0.548
1,22,0.005
1,22,0.027
1,22,0.302
1,22,0.362
1,22,0.319
1,22,0.015
1,22,0.009
1,22,0.006
1,23,0.554
1,23,0.169
1,23,0.302
1,23,0.036
1,23,0.431
1,23,0.732
1,23,0.693
1,23,0.247
1,23,0.391
1,23,0.118
1,23,0.256
1,23,0.308
1,24,0.01
1,24,0.009
1,24,0.298
1,24,1.082
1,24,0.028
1,24,0.044
1,24,0.089
1,24,0.559
1,24,0.054
1,24,0.244
1,24,0.008
1,24,0.449
1,24,0.51
1,24,0.435
1,24,0.012
1,24,0.601
1,24,1.119
1,24,0.063
1,24,0.006
1,24,0.7
1,24,0.433
1,25,0.011
1,25,0.783
1,25,0.416
1,25,0.069
1,25,0.461
1,25,0.035
1,25,0.916
1,25,0.26
1,25,0.676
1,25,0.226
1,25,0.455
1,25,0.012
1,25,0.43
1,25,0.103
1,25,0.064
1,25,0.189
1,25,0.41
1,25,0.354
1,25,0.03
1,25,0.059
1,26,0.348
1,26,0.014
1,26,0.012
1,26,0.855
1,26,0.419
1,26,0.012
1,26,0.026
1,26,0.685
1,26,0.174
1,26,0.194
1,26,0.807
1,26,0.031
1,26,0.012
1,26,0.455
1,26,0.023
1,26,0.426
1,26,0.288
1,26,0.009
1,27,0.026
1,27,0.009
1,27,0.876
1,27,0.608
1,27,0.591
1,27,0.017
1,27,0.059
1,27,1.511
1,27,0.019
1,27,0.358
1,27,0.017
1,27,0.388
1,27,0.376
1,27,0.724
1,27,0.14
1,27,0.856
1,27,0.158
1,27,0.104
1,27,0.062
1,27,0.597
1,28,0.862
1,28,0.449
1,28,0.014
1,28,0.746
1,28,0.283
1,28,0.045
1,28,0.033
1,28,0.391
1,28,0.271
1,28,0.461
1,28,0.011
1,28,0.341
1,28,0.042
1,28,0.6
1,28,0.048
1,28,0.057
1,28,0.38
1,28,0.505
1,28,0.357
1,28,0.082
1,28,0.32
1,28,0.63
1,28,0.248
1,28,0.974
1,28,0.032
1,28,0.526
1,28,0.063
1,29,0.125
1,29,0.147
1,29,0.33
1,29,0.722
1,29,0.85
1,29,0.275
1,30,0.191
1,30,0.414
1,30,0.694
1,30,0.415
1,30,0.009
1,30,0.241
1,30,0.014
1,30,0.042
1,30,0.03
1,30,0.145
1,30,0.054
1,30,0.307
1,30,0.13
1,30,0.097
1,30,0.333
2,1,0.836
2,1,0.769
2,1,1.514
2,1,0.692
2,1,1.273
2,1,0.95
2,1,0.823
2,1,0.735
2,1,0.904
2,1,0.88
2,1,0.518
2,1,1.007
2,1,0.514
2,1,0.706
2,1,0.739
2,1,1.206
2,1,0.825
2,1,1.643
2,1,1.157
2,1,1.192
2,1,1.288
2,1,1.56
2,1,0.98
2,1,1.36
2,1,1.151
2,1,0.878
2,1,0.46
2,1,0.546
2,1,0.294
2,1,1.129
2,1,0.648
2,1,0.629
2,1,0.959
2,1,0.696
2,1,0.89
2,1,0.434
2,1,1.249
2,1,0.51
2,1,0.696
2,1,1.081
2,1,1.252
2,1,0.554
2,1,1.362
2,1,0.825
2,1,1.593
2,1,0.996
2,1,0.573
2,1,0.664
2,1,1.105
2,1,1.508
2,1,0.684
2,1,0.882
2,1,1.119
2,1,0.538
2,1,0.774
2,1,0.167
2,1,0.907
2,1,1.232
2,1,0.518
2,1,1.045
2,1,1.13
2,1,1.023
2,1,0.39
2,1,1.123
2,2,1.255
2,2,0.779
2,2,0.536
2,2,0.792
2,2,0.876
2,2,0.737
2,2,0.916
2,2,1.241
2,2,0.987
2,2,0.306
2,2,1.664
2,2,1.453
2,2,0.612
2,2,1.313
2,2,1.35
2,2,0.513
2,2,0.71
2,2,1.189
2,2,0.816
2,2,0.356
2,2,0.312
2,2,0.692
2,2,0.661
2,2,1.093
2,2,1.396
2,2,1.176
2,2,0.801
2,2,0.835
2,2,0.363
2,2,1.073
2,2,0.365
2,2,0.773
2,2,1.161
2,2,0.383
2,2,0.463
2,2,0.615
2,2,0.742
2,2,0.358
2,2,1.479
2,2,0.289
2,2,1.125
2,2,1.04
2,2,0.472
2,2,0.6
2,2,0.815
2,2,1.628
2,2,1.347
2,2,0.774
2,2,1.049
2,2,0.977
2,2,0.705
2,3,0.926
2,3,0.917
2,3,0.471
2,3,1.138
2,3,0.949
2,3,0.21
2,3,0.278
2,3,1.246
2,3,0.877
2,3,0.783
2,3,0.983
2,3,0.566
2,3,0.512
2,3,1.298
2,3,0.751
2,3,0.849
2,3,0.797
2,3,0.813
2,3,1.098
2,3,0.006
2,3,0.302
2,3,1.324
2,3,0.709
2,3,0.431
2,3,0.386
2,3,0.918
2,3,0.736
2,3,0.89
2,3,0.532
2,3,0.06
2,3,0.635
2,3,0.648
2,3,1.285
2,3,0.662
2,3,0.926
2,3,1.193
2,3,1.136
2,3,0.103
2,3,0.89
2,3,1.392
2,3,0.516
2,3,1.213
2,3,1.014
2,3,0.935
2,3,1.105
2,3,1.399
2,3,0.276
2,3,0.01
2,4,0.941
2,4,0.583
2,4,0.851
2,4,0.35
2,4,0.381
2,4,0.247
2,4,0.76
2,4,0.008
2,4,0.427
2,4,0.905
2,4,0.249
2,4,0.383
2,4,0.606
2,4,0.681
2,4,0.734
2,4,0.579
2,4,0.144
2,4,0.319
2,4,0.798
2,4,0.443
2,4,0.907
2,4,0.298
2,4,0.933
2,4,0.81
2,4,0.521
2,4,0.829
2,4,0.622
2,4,0.166
2,4,0.943
2,4,0.214
2,4,0.796
2,4,0.508
2,4,0.911
2,4,1.212
2,4,1.373
2,4,0.826
2,4,1.046
2,4,0.894
2,4,0.299
2,4,0.612
2,4,0.401
2,4,0.941
2,4,0.947
2,4,0.69
2,4,0.886
2,4,0.328
2,4,0.123
2,4,0.08
2,4,0.797
2,4,0.379
2,4,1.011
2,4,0.48
2,4,0.844
2,4,0.981
2,5,1.442
2,5,0.421
2,5,0.986
2,5,0.435
2,5,0.435
2,5,0.835
2,5,0.58
2,5,0.184
2,5,0.569
2,5,1.141
2,5,1.026
2,5,0.915
2,5,0.381
2,5,0.862
2,5,0.759
2,5,0.672
2,5,0.301
2,5,0.2
2,5,0.547
2,5,0.743
2,5,0.286
2,5,0.556
2,5,0.717
2,5,0.691
2,5,0.141
2,5,0.807
2,5,0.69
2,5,0.405
2,5,0.091
2,5,1.016
2,5,0.468
2,5,0.289
2,5,0.925
2,5,0.266
2,5,1.108
2,5,0.472
2,5,0.983
2,5,1.226
2,5,0.219
2,5,0.805
2,5,0.426
2,5,0.922
2,5,0.521
2,5,1.3
2,5,0.667
2,5,0.871
2,5,0.814
2,5,1.047
2,6,0.49
2,6,1.019
2,6,0.886
2,6,0.199
2,6,0.377
2,6,0.625
2,6,0.167
2,6,0.607
2,6,0.674
2,6,0.344
2,6,0.064
2,6,0.38
2,6,0.913
2,6,1.12
2,6,0.426
2,6,0.879
2,6,0.678
2,6,0.976
2,6,0.399
2,6,0.146
2,6,0.328
2,6,0.038
2,6,1.286
2,6,0.105
2,6,0.411
2,6,1.344
2,6,0.491
2,6,0.445
2,6,1.264
2,6,0.265
2,6,0.059
2,6,1.072
2,6,0.268
2,6,0.933
2,6,0.628
2,6,0.289
2,6,0.332
2,6,0.704
2,6,0.257
2,6,0.101
2,6,0.01
2,6,0.864
2,6,0.049
2,6,0.465
2,6,0.299
2,6,0.459
2,6,1.143
2,6,0.039
2,7,0.276
2,7,0.367
2,7,0.187
2,7,0.72
2,7,0.223
2,7,0.178
2,7,0.338
2,7,0.687
2,7,0.803
2,7,0.05
2,7,0.824
2,7,0.643
2,7,0.143
2,7,0.592
2,7,0.376
2,7,0.444
2,7,0.037
2,7,0.101
2,7,0.816
2,7,0.7
2,7,0.403
2,7,0.041
2,7,1.138
2,7,0.446
2,7,1.667
2,7,0.079
2,7,0.38
2,7,0.442
2,7,0.787
2,7,0.823
2,7,0.097
2,7,0.467
2,7,0.41
2,7,0.258
2,7,0.093
2,7,0.602
2,7,0.599
2,7,0.153
2,8,0.471
2,8,0.095
2,8,0.601
2,8,0.314
2,8,0.311
2,8,0.656
2,8,0.764
2,8,0.444
2,8,0.698
2,8,1.261
2,8,0.51
2,8,0.694
2,8,0.471
2,8,0.264
2,8,1.022
2,8,0.975
2,8,0.123
2,8,0.794
2,8,0.509
2,8,0.757
2,8,0.828
2,8,0.528
2,8,0.447
2,8,1.005
2,8,0.099
2,8,0.467
2,8,0.732
2,8,0.807
2,8,0.104
2,8,0.491
2,8,0.761
2,8,0.583
2,8,0.581
2,8,0.3
2,8,0.279
2,8,0.281
2,8,0.669
2,8,0.226
2,8,0.562
2,8,0.269
2,8,0.794
2,8,0.535
2,8,1.009
2,8,0.175
2,8,0.733
2,9,0.28
2,9,1.163
2,9,0.339
2,9,0.561
2,9,0.522
2,9,0.647
2,9,0.647
2,9,0.621
2,9,1.295
2,9,0.667
2,9,0.431
2,9,0.343
2,9,0.378
2,9,0.16
2,9,0.895
2,9,0.834
2,9,0.484
2,9,0.336
2,9,0.469
2,9,0.331
2,9,0.452
2,9,0.673
2,9,1.275
2,9,0.113
2,9,0.19
2,9,0.715
2,9,0.67
2,9,0.635
2,9,0.247
2,9,1.102
2,9,0.409
2,9,0.589
2,9,0.31
2,9,0.507
2,9,0.287
2,9,0.415
2,9,0.56
2,9,0.284
2,9,0.499
2,9,0.235
2,10,0.372
2,10,0.179
2,10,0.768
2,10,0.171
2,10,0.349
2,10,0.17
2,10,0.459
2,10,0.49
2,10,0.155
2,10,0.687
2,10,0.497
2,10,0.633
2,10,0.413
2,10,0.719
2,10,0.089
2,10,0.142
2,10,0.832
2,10,0.367
2,10,0.324
2,10,0.058
2,10,0.198
2,10,0.881
2,10,1.259
2,10,0.287
2,10,0.036
2,10,0.18
2,10,0.841
2,10,0.327
2,10,0.549
2,10,0.686
2,10,0.263
2,10,0.226
2,10,0.119
2,10,0.451
2,10,0.097
2,10,0.027
2,10,1.33
2,10,0.378
2,10,0.273
2,10,0.154
2,10,0.225
2,10,0.143
2,10,0.478
2,10,0.683
2,10,0.07
2,10,0.354
2,10,0.475
2,11,1.293
2,11,0.212
2,11,0.35
2,11,0.649
2,11,0.842
2,11,0.486
2,11,0.491
2,11,0.648
2,11,0.068
2,11,0.208
2,11,0.092
2,11,0.126
2,11,0.624
2,11,0.281
2,11,0.165
2,11,0.163
2,11,0.117
2,11,0.364
2,11,0.513
2,11,0.422
2,11,0.374
2,11,0.557
2,11,0.024
2,11,0.412
2,11,0.461
2,11,0.58
2,11,0.586
2,11,0.098
2,11,0.047
2,11,0.714
2,11,0.137
2,11,0.241
2,11,0.036
2,11,0.188
2,12,0.143
2,12,0.097
2,12,0.231
2,12,0.839
2,12,0.464
2,12,0.175
2,12,0.34
2,12,0.264
2,12,0.07
2,12,0.615
2,12,0.552
2,12,0.042
2,12,0.557
2,12,0.308
2,12,0.264
2,12,0.137
2,12,0.589
2,12,0.302
2,12,0.458
2,12,0.511
2,12,0.519
2,12,0.749
2,12,0.28
2,12,0.493
2,12,1.197
2,12,0.314
2,12,0.274
2,13,0.245
2,13,0.513
2,13,0.664
2,13,0.839
2,13,0.142
2,13,0.355
2,13,0.501
2,13,0.575
2,13,0.211
2,13,1.57
2,13,0.427
2,13,0.768
2,13,0.786
2,13,0.727
2,13,0.316
2,13,0.629
2,13,0.092
2,13,0.613
2,13,0.586
2,13,0.757
2,13,0.564
2,13,0.376
2,13,0.525
2,13,0.397
2,13,0.329
2,13,0.291
2,13,0.469
2,13,0.331
2,13,0.452
2,13,0.952
2,13,1.508
2,13,0.633
2,13,0.452
2,13,0.406
2,13,0.173
2,13,0.107
2,13,0.122
2,14,0.184
2,14,0.9
2,14,0.052
2,14,0.599
2,14,0.351
2,14,0.17
2,14,0.037
2,14,0.705
2,14,0.122
2,14,0.694
2,14,0.006
2,14,0.394
2,14,0.467
2,14,0.406
2,14,0.761
2,14,0.048
2,14,0.472
2,14,0.421
2,14,0.008
2,14,0.15
2,14,0.832
2,14,0.18
2,14,0.407
2,14,0.509
2,14,0.597
2,14,0.42
2,14,0.132
2,14,0.2
2,14,0.138
2,14,0.332
2,14,0.023
2,14,0.011
2,14,0.548
2,14,0.197
2,14,0.087
2,14,0.42
2,15,0.482
2,15,0.688
2,15,0.198
2,15,0.689
2,15,0.761
2,15,0.093
2,15,0.954
2,15,0.193
2,15,0.621
2,15,0.116
2,15,0.643
2,15,0.103
2,15,0.058
2,15,0.058
2,15,0.236
2,15,0.325
2,15,0.138
2,15,0.011
2,15,0.401
2,15,0.866
2,15,0.336
2,15,1.069
2,15,1.062
2,15,0.064
2,15,0.428
2,15,0.034
2,15,0.022
2,15,0.117
2,15,0.078
2,15,0.017
2,15,0.768
2,15,0.02
2,15,0.415
2,16,0.314
2,16,0.031
2,16,0.746
2,16,0.077
2,16,0.611
2,16,0.238
2,16,0.955
2,16,0.016
2,16,0.104
2,16,0.018
2,16,0.023
2,16,0.062
2,16,0.098
2,16,0.306
2,16,0.263
2,16,0.158
2,16,0.01
2,16,0.076
2,16,0.492
2,16,0.679
2,16,0.045
2,16,1.025
2,16,0.028
2,16,0.102
2,16,0.134
2,16,0.69
2,16,0.455
2,16,0.859
2,16,0.598
2,16,0.015
2,17,0.241
2,17,0.092
2,17,0.179
2,17,0.154
2,17,0.667
2,17,0.552
2,17,0.306
2,17,0.355
2,17,0.282
2,17,0.094
2,17,0.272
2,17,0.4
2,17,0.278
2,17,0.063
2,17,0.524
2,17,0.201
2,17,0.698
2,18,0.346
2,18,0.063
2,18,0.436
2,18,0.131
2,18,0.04
2,18,0.644
2,18,0.295
2,18,0.117
2,18,1.323
2,18,0.174
2,18,0.347
2,18,0.2
2,18,0.066
2,18,0.906
2,18,0.577
2,18,0.065
2,18,0.385
2,18,0.711
2,18,0.144
2,18,0.275
2,18,0.102
2,18,0.084
2,19,0.066
2,19,0.641
2,19,0.091
2,19,0.014
2,19,0.234
2,19,0.678
2,19,0.536
2,19,0.012
2,19,0.011
2,19,0.441
2,19,0.295
2,19,0.039
2,19,0.46
2,19,0.896
2,19,0.014
2,19,0.459
2,19,0.009
2,19,0.388
2,19,0.244
2,19,0.476
2,19,0.605
2,19,0.447
2,19,0.027
2,19,0.558
2,20,1.029
2,20,0.136
2,20,0.623
2,20,0.394
2,20,0.093
2,20,0.012
2,20,0.398
2,20,0.14
2,20,0.161
2,20,0.122
2,20,0.696
2,20,0.881
2,20,0.214
2,20,0.435
2,20,0.484
2,20,0.273
2,20,0.047
2,20,0.366
2,20,0.256
2,20,0.834
2,20,0.536
2,21,0.455
2,21,0.063
2,21,0.248
2,21,0.296
2,21,0.214
2,21,0.374
2,21,0.181
2,21,0.459
2,21,0.159
2,21,0.26
2,21,0.414
2,21,0.333
2,21,0.941
2,21,0.818
2,21,0.556
2,21,0.473
2,21,0.065
2,21,0.325
2,21,0.055
2,21,0.046
2,21,0.038
2,21,0.497
2,21,0.117
2,21,0.295
2,21,0.331
2,21,0.313
2,21,0.282
2,22,0.045
2,22,0.008
2,22,0.053
2,22,0.098
2,22,0.483
2,22,0.603
2,22,0.232
2,22,0.249
2,22,0.466
2,22,0.039
2,22,1.228
2,22,0.279
2,22,0.051
2,22,0.087
2,22,0.045
2,22,0.033
2,22,0.301
2,22,0.04
2,22,0.279
2,22,0.045
2,22,1.096
2,22,0.065
2,22,0.344
2,22,0.366
2,22,0.049
2,22,0.361
2,22,0.096
2,23,0.148
2,23,1.09
2,23,0.231
2,23,0.112
2,23,0.311
2,23,0.542
2,23,0.959
2,23,0.458
2,23,0.059
2,23,0.54
2,23,0.47
2,23,0.46
2,23,0.025
2,23,0.123
2,23,0.314
2,23,0.011
2,23,0.181
2,23,0.11
2,23,0.356
2,23,0.949
2,23,0.75
2,23,0.19
2,23,0.25
2,23,0.227
2,23,0.119
2,23,0.376
2,23,0.123
2,24,0.725
2,24,1
2,24,0.436
2,24,0.497
2,24,0.131
2,24,0.078
2,24,0.451
2,24,0.493
2,24,0.164
2,24,0.609
2,24,0.88
2,24,0.472
2,24,0.072
2,24,0.052
2,24,0.076
2,24,1.019
2,24,0.298
2,24,0.097
2,25,0.363
2,25,0.097
2,25,0.331
2,25,0.578
2,25,0.762
2,25,0.582
2,25,0.046
2,25,0.042
2,25,0.311
2,25,1.102
2,25,0.776
2,25,0.045
2,25,1.015
2,25,0.035
2,25,0.551
2,25,0.313
2,25,0.019
2,25,0.513
2,26,0.554
2,26,0.015
2,26,0.659
2,26,0.718
2,26,0.529
2,26,0.249
2,26,0.196
2,26,0.354
2,26,0.073
2,26,0.322
2,26,0.195
2,26,0.008
2,26,0.029
2,26,0.269
2,26,0.302
2,26,0.21
2,26,0.324
2,26,0.174
2,26,0.056
2,26,0.204
2,26,0.079
2,27,1.054
2,27,0.769
2,27,0.226
2,27,0.403
2,27,0.235
2,27,0.362
2,27,0.044
2,27,0.938
2,27,1.23
2,27,0.529
2,27,0.017
2,27,0.529
2,27,0.356
2,27,0.354
2,27,0.088
2,27,0.367
2,27,0.043
2,27,0.998
2,27,0.608
2,28,0.052
2,28,0.187
2,28,0.412
2,28,0.157
2,28,0.113
2,28,0.414
2,28,0.542
2,28,0.176
2,28,0.087
2,28,0.296
2,28,0.242
2,28,0.805
2,28,1.078
2,28,0.404
2,28,1.482
2,28,0.177
2,29,0.339
2,29,0.828
2,29,0.859
2,29,1.025
2,29,0.11
2,29,0.685
2,29,0.268
2,29,0.269
2,30,0.274
2,30,0.195
2,30,0.576
2,30,0.073
2,30,0.068
2,30,0.566
2,30,0.346
2,30,0.295
2,30,0.26
2,30,0.038
2,30,0.017
2,30,0.017
2,30,0.412
2,30,0.765
2,30,0.351
2,30,0.502
2,30,0.344
2,30,1.605
2,30,0.422
2,30,0.653
2,30,0.029
2,30,0.045
2,30,0.462
2,30,0.289
2,30,0.019
3,1,0.392
3,1,0.548
3,1,0.598
3,1,0.441
3,1,0.724
3,1,0.999
3,1,0.546
3,1,0.344
3,1,1.183
3,1,1.062
3,1,0.458
3,1,1.054
3,1,0.732
3,1,1.381
3,1,0.128
3,1,0.437
3,1,0.858
3,1,0.582
3,1,0.701
3,1,0.098
3,1,0.618
3,1,0.917
3,1,0.715
3,1,0.659
3,1,0.992
3,1,1.664
3,1,0.404
3,1,1.425
3,1,0.441
3,1,0.701
3,1,0.477
3,1,0.867
3,1,0.777
3,1,0.193
3,1,0.789
3,1,0.588
3,1,0.836
3,1,0.819
3,1,0.439
3,1,0.759
3,1,0.229
3,1,0.916
3,1,0.21
3,1,0.898
3,1,0.774
3,1,0.839
3,1,1.401
3,1,0.888
3,1,0.828
3,1,0.644
3,1,1.084
3,1,1.214
3,1,0.609
3,1,0.016
3,1,0.767
3,1,1.373
3,1,0.841
3,1,0.575
3,1,0.713
3,1,0.518
3,1,0.991
3,1,1.667
3,2,0.338
3,2,0.685
3,2,0.76
3,2,0.901
3,2,0.289
3,2,0.244
3,2,0.053
3,2,0.355
3,2,0.797
3,2,0.966
3,2,0.266
3,2,0.854
3,2,0.595
3,2,0.894
3,2,0.612
3,2,1.233
3,2,0.481
3,2,0.534
3,2,0.027
3,2,0.658
3,2,0.664
3,2,0.539
3,2,0.431
3,2,0.547
3,2,0.188
3,2,0.83
3,2,0.553
3,2,0.65
3,2,0.671
3,2,0.793
3,2,0.032
3,2,0.566
3,2,0.59
3,2,0.083
3,2,0.614
3,2,0.889
3,2,0.664
3,2,0.412
3,2,0.666
3,2,1.121
3,2,1.139
3,2,0.841
3,2,0.747
3,2,0.583
3,2,0.755
3,2,0.973
3,2,0.9
3,2,0.442
3,2,0.008
3,2,0.038
3,2,0.944
3,2,0.637
3,2,0.603
3,2,0.21
3,2,0.562
3,2,0.365
3,3,0.535
3,3,0.901
3,3,0.556
3,3,0.759
3,3,0.588
3,3,0.549
3,3,0.323
3,3,0.276
3,3,0.788
3,3,0.462
3,3,0.472
3,3,0.7
3,3,0.409
3,3,0.477
3,3,0.763
3,3,0.421
3,3,0.294
3,3,0.577
3,3,0.63
3,3,1.194
3,3,0.331
3,3,0.512
3,3,0.307
3,3,1.051
3,3,0.087
3,3,0.515
3,3,0.224
3,3,0.932
3,3,0.587
3,3,0.571
3,3,0.219
3,3,0.298
3,3,0.302
3,3,0.562
3,3,0.046
3,3,0.035
3,3,0.497
3,3,0.319
3,3,0.625
3,3,0.096
3,3,0.759
3,3,0.633
3,3,0.41
3,3,0.575
3,3,0.339
3,3,0.222
3,3,0.496
3,3,0.864
3,3,0.039
3,3,0.755
3,3,0.413
3,3,0.567
3,3,0.267
3,3,0.857
3,3,1.064
3,3,0.246
3,3,0.211
3,3,0.762
3,4,0.131
3,4,0.473
3,4,0.144
3,4,0.517
3,4,0.292
3,4,0.38
3,4,0.478
3,4,0.181
3,4,0.849
3,4,0.663
3,4,0.795
3,4,0.132
3,4,0.222
3,4,0.561
3,4,0.112
3,4,0.336
3,4,0.531
3,4,0.565
3,4,0.575
3,4,0.473
3,4,0.417
3,4,0.391
3,4,0.107
3,4,0.316
3,4,0.063
3,4,0.63
3,4,0.37
3,4,0.557
3,4,0.175
3,4,0.311
3,4,0.349
3,4,0.844
3,4,0.465
3,4,0.514
3,4,0.754
3,4,0.369
3,4,0.115
3,4,0.602
3,4,0.792
3,4,0.214
3,4,0.876
3,4,0.368
3,4,0.732
3,4,0.029
3,4,0.543
3,4,0.419
3,4,0.616
3,4,0.207
3,4,0.352
3,4,0.564
3,4,0.043
3,4,0.45
3,4,0.185
3,4,0.768
3,5,0.581
3,5,0.246
3,5,0.022
3,5,0.558
3,5,0.332
3,5,0.907
3,5,0.517
3,5,0.368
3,5,0.145
3,5,0.432
3,5,0.363
3,5,0.139
3,5,0.397
3,5,0.366
3,5,0.835
3,5,0.633
3,5,0.206
3,5,0.849
3,5,0.297
3,5,0.05
3,5,0.569
3,5,0.046
3,5,0.423
3,5,0.294
3,5,0.431
3,5,0.227
3,5,0.572
3,5,0.247
3,5,0.447
3,5,0.421
3,5,0.568
3,5,0.6
3,5,0.306
3,5,0.296
3,5,0.447
3,5,0.441
3,5,0.046
3,5,0.091
3,5,0.219
3,5,0.049
3,5,0.17
3,5,0.317
3,5,0.194
3,5,0.527
3,5,0.52
3,5,0.314
3,5,0.357
3,5,0.463
3,5,0.121
3,5,0.061
3,5,0.066
3,6,0.304
3,6,0.542
3,6,0.507
3,6,0.408
3,6,0.73
3,6,0.313
3,6,0.265
3,6,0.674
3,6,0.398
3,6,1.084
3,6,0.697
3,6,0.062
3,6,0.342
3,6,0.421
3,6,0.433
3,6,0.487
3,6,0.148
3,6,0.376
3,6,0.401
3,6,0.176
3,6,0.048
3,6,0.279
3,6,0.167
3,6,0.034
3,6,0.324
3,6,0.649
3,6,0.795
3,6,0.523
3,6,0.493
3,6,0.418
3,6,0.398
3,7,0.216
3,7,0.571
3,7,0.769
3,7,0.217
3,7,0.012
3,7,0.379
3,7,0.408
3,7,0.346
3,7,0.467
3,7,0.274
3,7,0.252
3,7,0.554
3,7,0.166
3,7,0.472
3,7,0.696
3,7,0.37
3,7,0.377
3,7,0.267
3,7,0.192
3,7,0.023
3,7,0.392
3,7,0.202
3,7,0.285
3,7,0.238
3,7,0.281
3,8,0.604
3,8,0.402
3,8,0.289
3,8,0.728
3,8,0.527
3,8,0.867
3,8,0.967
3,8,0.462
3,8,0.175
3,8,0.707
3,8,0.331
3,8,0.676
3,8,0.179
3,8,0.074
3,8,0.473
3,8,0.577
3,8,0.029
3,8,0.227
3,8,0.418
3,8,0.263
3,8,0.356
3,8,0.321
3,8,0.169
3,8,1.403
3,8,0.397
3,8,0.748
3,8,0.347
3,8,0.338
3,8,0.138
3,8,0.022
3,8,0.305
3,8,0.391
3,8,0.075
3,9,0.577
3,9,0.818
3,9,0.485
3,9,0.822
3,9,0.459
3,9,0.678
3,9,0.694
3,9,0.193
3,9,0.262
3,9,0.368
3,9,0.031
3,9,0.914
3,9,0.331
3,9,0.174
3,9,0.549
3,9,0.452
3,9,0.445
3,9,0.322
3,9,0.589
3,9,0.46
3,9,0.045
3,9,0.159
3,9,0.657
3,9,0.618
3,9,0.076
3,9,0.532
3,9,0.561
3,9,0.142
3,9,0.614
3,9,0.156
3,9,0.104
3,9,0.081
3,9,0.39
3,9,0.007
3,9,0.307
3,10,0.551
3,10,0.582
3,10,0.553
3,10,0.861
3,10,0.734
3,10,0.039
3,10,0.2
3,10,0.668
3,10,0.439
3,10,0.443
3,10,0.273
3,10,0.287
3,10,0.291
3,10,0.348
3,10,0.49
3,10,0.654
3,10,0.17
3,10,0.44
3,10,0.312
3,10,0.23
3,10,0.34
3,10,0.494
3,10,0.389
3,10,0.753
3,10,0.361
3,10,0.314
3,10,0.48
3,10,0.103
3,10,0.337
3,10,0.55
3,10,1.67
3,10,0.551
3,10,0.068
3,10,0.435
3,10,0.857
3,10,0.486
3,10,0.644
3,10,0.195
3,10,0.304
3,10,0.341
3,10,0.455
3,10,0.644
3,11,0.235
3,11,0.402
3,11,0.024
3,11,0.353
3,11,0.455
3,11,0.541
3,11,0.44
3,11,0.621
3,11,0.553
3,11,0.751
3,11,1.569
3,11,0.435
3,11,0.204
3,11,0.081
3,11,0.593
3,11,0.561
3,11,0.036
3,11,0.638
3,11,0.831
3,11,0.044
3,11,0.304
3,11,0.356
3,11,0.343
3,11,0.022
3,11,0.344
3,11,0.265
3,11,0.954
3,11,0.303
3,11,0.074
3,11,0.031
3,11,0.012
3,11,0.22
3,11,0.018
3,11,0.109
3,11,0.477
3,11,0.08
3,11,0.052
3,11,0.424
3,11,0.387
3,11,0.077
3,11,0.258
3,11,0.403
3,11,0.267
3,12,0.251
3,12,0.216
3,12,0.199
3,12,0.082
3,12,0.279
3,12,0.317
3,12,0.509
3,12,0.681
3,12,0.403
3,12,0.585
3,12,0.128
3,12,0.028
3,12,0.843
3,12,0.46
3,12,0.594
3,12,0.316
3,12,0.556
3,12,0.285
3,12,0.306
3,12,0.058
3,12,0.029
3,12,0.246
3,12,0.531
3,12,0.499
3,12,0.356
3,12,0.427
3,12,0.399
3,12,0.476
3,13,0.376
3,13,0.578
3,13,0.294
3,13,0.612
3,13,0.144
3,13,0.821
3,13,0.453
3,13,0.264
3,13,0.422
3,13,0.294
3,13,0.762
3,13,0.425
3,13,0.351
3,13,1.192
3,13,0.54
3,13,0.375
3,13,0.353
3,13,0.569
3,13,0.435
3,13,0.425
3,13,0.472
3,13,0.007
3,13,0.043
3,13,0.401
3,13,0.317
3,13,0.302
3,13,0.854
3,13,0.624
3,13,0.448
3,13,0.462
3,13,0.333
3,13,0.032
3,13,0.49
3,13,0.348
3,13,0.728
3,13,0.439
3,13,0.323
3,14,0.568
3,14,0.311
3,14,0.361
3,14,0.425
3,14,0.464
3,14,0.139
3,14,0.05
3,14,0.014
3,14,0.02
3,14,0.53
3,14,0.468
3,14,0.317
3,14,0.387
3,14,0.344
3,14,0.026
3,14,0.356
3,14,0.748
3,14,0.466
3,14,0.517
3,14,0.173
3,14,0.643
3,14,0.536
3,14,0.363
3,14,0.164
3,14,0.165
3,14,0.02
3,14,0.592
3,14,0.464
3,14,0.418
3,14,0.161
3,15,0.249
3,15,0.422
3,15,0.617
3,15,0.233
3,15,0.203
3,15,0.253
3,15,0.242
3,15,0.9
3,15,0.224
3,15,0.411
3,15,0.321
3,15,0.695
3,15,1.335
3,15,0.285
3,15,0.009
3,15,0.791
3,15,0.356
3,15,0.472
3,15,0.286
3,15,0.276
3,15,0.329
3,15,0.116
3,15,0.44
3,15,0.574
3,15,0.288
3,15,0.014
3,15,0.946
3,15,0.326
3,15,0.655
3,15,0.617
3,15,0.233
3,15,0.413
3,15,0.427
3,15,0.234
3,15,0.265
3,15,0.427
3,15,0.874
3,15,0.443
3,15,0.468
3,16,0.561
3,16,0.658
3,16,0.27
3,16,0.233
3,16,0.515
3,16,0.33
3,16,0.247
3,16,0.611
3,16,0.016
3,16,1.176
3,16,0.492
3,16,0.072
3,16,0.582
3,16,0.699
3,16,0.039
3,16,0.229
3,16,0.253
3,16,0.01
3,16,0.015
3,16,0.365
3,16,0.389
3,16,0.41
3,16,0.275
3,16,0.068
3,16,0.382
3,16,0.796
3,16,1.557
3,16,0.357
3,16,0.037
3,16,0.017
3,16,0.469
3,16,0.296
3,16,0.708
3,16,0.636
3,16,0.037
3,16,0.037
3,16,0.274
3,16,0.508
3,16,0.363
3,17,0.416
3,17,0.232
3,17,0.189
3,17,0.274
3,17,0.274
3,17,0.197
3,17,0.346
3,17,0.059
3,17,0.169
3,17,1.125
3,17,0.449
3,17,0.35
3,17,1.367
3,17,0.207
3,17,0.434
3,17,0.055
3,17,0.019
3,17,0.464
3,17,0.128
3,17,0.057
3,17,0.07
3,17,0.495
3,17,0.526
3,17,0.413
3,17,0.505
3,18,0.107
3,18,0.279
3,18,0.564
3,18,0.139
3,18,0.455
3,18,0.877
3,18,0.434
3,18,0.289
3,18,0.446
3,18,0.276
3,18,0.657
3,18,0.29
3,18,0.787
3,18,0.221
3,18,0.147
3,18,0.211
3,18,0.331
3,18,0.292
3,18,0.31
3,19,0.346
3,19,0.43
3,19,0.023
3,19,0.708
3,19,0.384
3,19,0.288
3,19,0.026
3,19,0.012
3,19,0.196
3,19,0.319
3,19,0.271
3,19,0.499
3,19,0.421
3,19,0.506
3,19,0.547
3,19,0.042
3,19,1.208
3,19,0.029
3,19,0.032
3,19,0.375
3,19,0.008
3,19,0.296
3,19,0.57
3,19,0.268
3,19,0.509
3,20,0.202
3,20,0.781
3,20,0.544
3,20,0.134
3,20,0.212
3,20,0.303
3,20,0.421
3,20,0.413
3,20,0.058
3,20,0.194
3,20,0.036
3,20,0.257
3,20,0.167
3,20,0.265
3,20,0.661
3,20,0.419
3,20,0.813
3,20,0.218
3,20,0.483
3,20,0.356
3,20,0.488
3,20,0.07
3,20,0.717
3,20,0.06
3,20,0.065
3,20,0.816
3,20,0.184
3,20,0.093
3,20,0.273
3,21,0.255
3,21,0.912
3,21,0.354
3,21,0.01
3,21,0.029
3,21,0.735
3,21,0.401
3,21,0.402
3,21,1.007
3,21,0.424
3,21,0.559
3,21,0.028
3,21,0.031
3,21,0.075
3,21,0.353
3,21,0.529
3,21,0.94
3,21,0.214
3,21,0.257
3,21,0.316
3,21,0.479
3,21,0.274
3,21,0.471
3,21,0.542
3,21,0.205
3,21,0.311
3,21,0.064
3,21,0.275
3,22,1.141
3,22,0.484
3,22,0.092
3,22,0.511
3,22,0.529
3,22,0.798
3,22,0.279
3,22,0.438
3,22,0.388
3,22,0.71
3,22,0.867
3,22,0.235
3,22,0.089
3,22,0.363
3,22,0.319
3,22,0.021
3,22,0.012
3,22,0.071
3,22,0.041
3,22,0.267
3,22,0.289
3,22,0.251
3,22,0.219
3,22,0.033
3,22,0.272
3,22,0.374
3,22,0.087
3,22,0.18
3,22,0.023
3,23,0.386
3,23,0.386
3,23,0.332
3,23,0.513
3,23,0.02
3,23,0.455
3,23,0.754
3,23,0.705
3,23,0.33
3,23,0.625
3,23,0.354
3,23,0.55
3,23,0.256
3,23,0.042
3,23,0.231
3,23,0.047
3,23,0.333
3,23,0.493
3,23,0.166
3,23,0.32
3,23,0.035
3,23,0.208
3,23,0.389
3,24,0.377
3,24,0.633
3,24,0.065
3,24,0.376
3,24,0.583
3,24,0.039
3,24,0.029
3,24,0.728
3,24,0.013
3,24,0.361
3,24,0.309
3,24,0.312
3,24,0.194
3,24,0.082
3,24,0.522
3,24,0.303
3,24,0.178
3,25,0.337
3,25,0.332
3,25,0.011
3,25,0.443
3,25,0.325
3,25,0.017
3,25,0.024
3,25,0.384
3,25,0.083
3,25,0.202
3,25,0.053
3,25,1.242
3,25,0.622
3,25,0.081
3,25,0.451
3,25,0.276
3,25,0.442
3,25,0.495
3,25,0.278
3,25,0.218
3,25,0.009
3,25,0.296
3,25,0.273
3,26,0.034
3,26,0.193
3,26,0.983
3,26,0.024
3,26,0.335
3,26,0.066
3,26,0.083
3,26,0.021
3,26,0.03
3,26,0.011
3,26,0.25
3,26,0.293
3,26,0.584
3,26,1.067
3,26,0.01
3,26,0.857
3,26,0.39
3,26,0.22
3,26,0.472
3,26,0.044
3,26,0.243
3,26,0.641
3,26,0.254
3,26,0.037
3,26,0.034
3,26,0.085
3,26,0.012
3,26,0.075
3,26,0.442
3,26,0.289
3,26,0.052
3,27,0.084
3,27,0.129
3,27,0.421
3,27,0.026
3,27,0.012
3,27,0.593
3,27,0.014
3,27,0.808
3,27,0.29
3,27,0.409
3,27,0.662
3,27,0.455
3,27,0.367
3,27,0.011
3,27,0.425
3,27,0.01
3,27,0.553
3,27,0.147
3,27,0.026
3,27,0.383
3,27,0.012
3,27,0.067
3,27,0.017
3,28,0.085
3,28,0.209
3,28,0.023
3,28,0.41
3,28,0.385
3,28,0.573
3,28,0.023
3,28,0.982
3,28,0.167
3,28,0.034
3,28,0.052
3,28,0.454
3,28,0.437
3,28,0.395
3,28,0.834
3,28,0.423
3,28,0.691
3,28,0.384
3,28,0.012
3,28,0.844
3,28,0.815
3,28,0.422
3,29,0.182
3,29,0.204
3,29,0.027
3,29,0.016
3,29,0.749
3,29,0.01
3,29,0.355
3,29,0.556
3,29,0.653
3,29,0.261
3,29,0.343
3,29,1.143
3,29,0.03
3,29,0.609
3,29,0.165
3,29,0.096
3,29,0.516
3,29,0.271
3,29,0.336
3,29,0.13
3,29,0.231
3,30,0.134
3,30,1.321
3,30,0.088
3,30,0.348
3,30,0.255
3,30,0.404
3,30,0.389
3,30,0.434
3,30,0.328
3,30,0.398
3,30,0.061
3,30,0.639
3,30,0.206
3,30,0.199
3,30,0.437
3,30,0.273
3,30,0.299
3,30,0.197
3,30,0.158
3,30,0.067
3,30,0.337
3,30,0.057
3,30,1.709
3,30,0.059
3,30,0.008
3,30,0.394
3,30,0.446
3,30,0.455
4,1,0.334
4,1,1.728
4,1,0.488
4,1,0.7
4,1,0.684
4,1,0.418
4,1,0.969
4,1,0.681
4,1,1.299
4,1,1.003
4,1,0.802
4,1,0.349
4,1,1.092
4,1,0.744
4,1,1.353
4,1,0.524
4,1,0.171
4,1,1.054
4,1,0.874
4,1,0.481
4,1,1.037
4,1,0.754
4,1,0.567
4,1,0.465
4,1,1.041
4,1,0.54
4,1,0.928
4,1,1.058
4,1,0.587
4,1,1.109
4,1,0.638
4,1,1.129
4,1,0.643
4,1,0.737
4,1,0.698
4,1,0.758
4,1,1.092
4,1,0.581
4,1,0.044
4,1,0.895
4,1,0.996
4,2,0.704
4,2,0.354
4,2,0.812
4,2,0.118
4,2,0.733
4,2,0.398
4,2,0.634
4,2,0.309
4,2,0.348
4,2,1.077
4,2,0.815
4,2,0.564
4,2,0.105
4,2,0.239
4,2,0.986
4,2,0.82
4,2,0.373
4,2,0.584
4,2,0.032
4,2,0.615
4,2,0.199
4,2,1.116
4,2,1.252
4,2,0.193
4,2,0.751
4,2,0.202
4,2,0.546
4,2,0.229
4,2,0.325
4,2,0.299
4,2,0.821
4,2,0.098
4,2,0.447
4,2,0.621
4,2,0.864
4,2,0.763
4,3,0.973
4,3,0.007
4,3,0.387
4,3,0.455
4,3,0.04
4,3,1.167
4,3,0.617
4,3,1.277
4,3,0.633
4,3,0.422
4,3,0.384
4,3,0.475
4,3,0.929
4,3,0.21
4,3,1.037
4,3,0.787
4,3,0.506
4,3,0.728
4,3,0.743
4,3,0.011
4,3,0.847
4,3,0.293
4,3,0.514
4,3,0.685
4,3,0.04
4,3,0.839
4,3,0.39
4,3,0.929
4,3,0.264
4,4,0.013
4,4,0.337
4,4,0.373
4,4,0.407
4,4,0.047
4,4,0.71
4,4,0.228
4,4,0.239
4,4,0.683
4,4,0.361
4,4,0.78
4,4,0.641
4,4,0.654
4,4,0.339
4,4,0.01
4,4,0.266
4,4,0.336
4,4,0.193
4,4,0.564
4,4,0.546
4,4,0.503
4,4,0.006
4,5,0.661
4,5,0.361
4,5,0.338
4,5,0.215
4,5,0.393
4,5,0.01
4,5,0.331
4,5,0.735
4,5,0.19
4,5,0.588
4,5,0.087
4,5,0.451
4,5,0.08
4,5,0.132
4,5,0.555
4,5,0.336
4,5,0.293
4,5,0.017
4,5,0.025
4,6,0.035
4,6,0.203
4,6,0.604
4,6,0.367
4,6,0.351
4,6,0.47
4,6,0.327
4,6,0.439
4,6,0.485
4,6,0.423
4,6,0.026
4,6,0.705
4,6,0.263
4,6,0.951
4,6,0.039
4,6,0.179
4,6,0.73
4,6,0.518
4,6,0.042
4,6,0.508
4,6,0.841
4,6,0.466
4,6,0.199
4,6,0.168
4,7,0.316
4,7,0.693
4,7,0.035
4,7,0.65
4,7,0.397
4,7,0.212
4,7,0.396
4,7,0.848
4,7,0.09
4,7,0.502
4,7,0.284
4,7,1.1
4,7,0.753
4,7,0.277
4,7,0.456
4,7,0.262
4,7,0.324
4,8,0.69
4,8,0.191
4,8,0.284
4,8,0.33
4,8,0.457
4,8,0.644
4,8,0.012
4,8,0.484
4,8,0.338
4,8,0.018
4,8,0.17
4,8,0.838
4,8,0.018
4,8,0.491
4,8,0.45
4,8,0.025
4,8,0.041
4,8,0.258
4,8,0.129
4,8,0.437
4,9,0.008
4,9,0.19
4,9,0.035
4,9,0.419
4,9,0.45
4,9,0.484
4,9,0.317
4,9,0.276
4,9,0.25
4,9,0.827
4,9,0.414
4,9,0.394
4,9,0.411
4,9,0.434
4,9,0.43
4,9,0.113
4,9,0.584
4,9,0.025
4,9,0.048
4,9,0.358
4,9,0.41
4,10,0.255
4,10,0.01
4,10,1.179
4,10,0.047
4,10,0.277
4,10,0.503
4,10,0.007
4,10,0.006
4,10,0.167
4,10,0.395
4,10,0.006
4,10,0.268
4,10,0.748
4,10,0.376
4,10,0.008
4,11,0.14
4,11,0.454
4,11,0.338
4,11,0.072
4,11,0.086
4,11,0.88
4,11,0.365
4,11,0.314
4,11,0.045
4,11,0.023
4,11,0.358
4,11,0.035
4,11,0.804
4,11,0.01
4,11,0.532
4,12,0.201
4,12,0.024
4,12,0.706
4,12,0.265
4,12,0.018
4,12,0.009
4,12,0.008
4,12,0.023
4,12,0.705
4,12,0.834
4,12,0.06
4,12,0.32
4,12,0.417
4,12,0.214
4,12,0.293
4,12,0.007
4,13,0.356
4,13,1.282
4,13,0.663
4,13,0.916
4,13,0.675
4,13,0.182
4,13,0.155
4,13,0.493
4,13,0.252
4,13,0.513
4,14,0.054
4,14,0.073
4,14,0.229
4,14,0.032
4,14,0.016
4,14,0.532
4,14,0.676
4,14,0.211
4,14,0.259
4,14,0.02
4,14,0.116
4,15,0.014
4,15,0.368
4,15,0.282
4,15,1.045
4,15,0.024
4,15,0.948
4,15,0.407
4,15,0.025
4,15,0.345
4,15,0.44
4,15,0.148
4,15,0.038
4,16,0.956
4,16,0.389
4,16,0.442
4,16,0.027
4,16,0.021
4,16,0.018
4,16,0.402
4,16,0.052
4,16,0.221
4,16,0.461
4,16,0.021
4,16,1.162
4,16,0.138
4,16,0.025
4,17,0.024
4,17,1.103
4,17,0.017
4,17,0.119
4,17,0.319
4,17,0.77
4,18,0.025
4,18,0.416
4,18,0.037
4,18,0.308
4,18,0.026
4,18,0.205
4,18,0.626
4,18,0.372
4,18,0.415
4,19,0.032
4,19,0.016
4,19,0.382
4,19,0.258
4,19,0.488
4,19,0.526
4,19,0.211
4,20,1.188
4,20,0.039
4,20,0.009
4,20,0.855
4,20,0.375
4,20,0.469
4,20,0.023
4,20,0.012
4,20,0.381
4,20,0.352
4,20,0.028
4,21,0.045
4,21,0.017
4,21,0.193
4,21,0.06
4,21,0.113
4,21,0.308
4,21,0.353
4,21,0.016
4,21,0.051
4,22,0.348
4,22,0.024
4,22,0.041
4,22,0.286
4,22,0.426
4,22,0.028
4,22,0.057
4,22,0.256
4,22,0.05
4,22,0.419
4,22,0.512
4,22,0.318
4,22,0.402
4,22,0.164
4,22,0.27
4,22,0.884
4,23,0.108
4,23,0.006
4,23,0.048
4,23,0.217
4,23,0.469
4,23,0.015
4,23,0.031
4,23,0.461
4,23,0.021
4,24,0.034
4,24,0.044
4,24,0.442
4,24,0.068
4,24,0.924
4,24,0.43
4,24,0.042
4,24,0.012
4,24,0.007
4,24,0.11
4,24,0.01
4,25,0.028
4,25,0.415
4,25,0.061
4,25,0.627
4,25,0.014
4,26,0.011
4,26,0.098
4,26,0.312
4,26,0.477
4,26,0.182
4,26,0.155
4,26,0.782
4,26,0.37
4,26,0.07
4,26,0.088
4,26,0.24
4,26,0.205
4,26,0.494
4,27,0.028
4,27,0.467
4,27,0.007
4,27,0.308
4,27,0.679
4,27,0.039
4,27,0.797
4,27,0.759
4,27,0.016
4,28,0.331
4,28,0.573
4,28,0.008
4,28,0.57
4,28,0.39
4,28,0.408
4,29,0.534
4,29,0.322
4,29,0.582
4,29,0.423
4,29,0.011
4,29,0.337
4,29,0.064
4,29,0.093
4,30,0.023
4,30,0.401
4,30,0.294
4,30,1.113
4,30,0.996
4,30,0.029
4,30,1.114
5,1,0.742
5,1,1.274
5,1,0.538
5,1,0.258
5,1,0.035
5,1,0.053
5,1,0.728
5,1,0.248
5,1,0.611
5,1,0.302
5,1,0.356
5,1,0.847
5,1,0.694
5,1,1.386
5,1,0.955
5,1,0.277
5,1,1.011
5,1,0.686
5,1,0.088
5,1,0.838
5,1,0.878
5,1,0.416
5,1,0.116
5,1,0.695
5,1,0.427
5,1,0.095
5,1,0.695
5,1,0.498
5,1,0.624
5,1,0.621
5,1,0.339
5,1,0.968
5,1,0.614
5,1,0.388
5,1,0.71
5,1,0.514
5,1,0.13
5,1,0.672
5,1,0.439
5,1,0.43
5,1,0.658
5,1,0.781
5,1,1.131
5,1,1.198
5,1,0.489
5,1,0.977
5,1,0.726
5,1,0.294
5,1,0.919
5,1,0.825
5,1,0.844
5,1,0.798
5,1,0.821
5,1,0.142
5,1,0.124
5,1,0.728
5,1,0.101
5,1,0.567
5,1,1.236
5,1,0.613
5,1,0.219
5,1,0.637
5,2,0.861
5,2,0.319
5,2,1.026
5,2,1.193
5,2,0.02
5,2,0.04
5,2,0.586
5,2,0.692
5,2,0.02
5,2,0.627
5,2,0.238
5,2,0.355
5,2,0.014
5,2,0.445
5,2,0.766
5,2,0.846
5,2,0.712
5,2,0.247
5,2,0.216
5,2,0.084
5,2,0.442
5,2,0.109
5,2,0.855
5,2,0.206
5,2,0.024
5,2,0.552
5,2,0.415
5,2,0.49
5,2,0.554
5,2,0.672
5,2,0.738
5,2,0.473
5,2,0.126
5,2,0.726
5,2,0.704
5,2,0.011
5,2,0.573
5,2,0.553
5,2,0.493
5,2,0.464
5,2,0.571
5,2,0.046
5,2,0.53
5,2,0.466
5,2,0.447
5,2,0.018
5,2,0.553
5,2,0.2
5,2,0.711
5,2,0.244
5,2,0.564
5,2,0.538
5,2,0.568
5,2,0.68
5,3,0.385
5,3,0.328
5,3,0.573
5,3,0.297
5,3,0.283
5,3,0.483
5,3,0.288
5,3,0.178
5,3,0.309
5,3,0.253
5,3,0.778
5,3,0.782
5,3,0.806
5,3,0.97
5,3,0.573
5,3,0.689
5,3,0.364
5,3,0.864
5,3,0.382
5,3,0.052
5,3,0.51
5,3,0.772
5,3,0.543
5,3,0.407
5,3,0.275
5,3,0.313
5,3,0.558
5,3,0.494
5,3,0.266
5,3,0.395
5,3,0.02
5,3,0.518
5,3,0.199
5,3,0.635
5,3,0.456
5,3,0.443
5,3,0.183
5,3,0.548
5,3,0.362
5,4,0.294
5,4,0.584
5,4,0.713
5,4,0.625
5,4,0.698
5,4,0.341
5,4,0.595
5,4,0.456
5,4,0.015
5,4,0.219
5,4,0.042
5,4,0.592
5,4,0.379
5,4,0.358
5,4,0.985
5,4,0.234
5,4,0.274
5,4,0.427
5,4,0.182
5,4,0.323
5,4,0.437
5,4,0.368
5,4,0.87
5,4,0.245
5,4,0.318
5,4,0.031
5,4,0.636
5,4,0.387
5,4,0.604
5,4,0.457
5,4,0.589
5,4,0.235
5,4,0.329
5,5,0.039
5,5,0.241
5,5,0.385
5,5,0.269
5,5,0.191
5,5,0.302
5,5,0.267
5,5,0.04
5,5,0.254
5,5,0.217
5,5,0.739
5,5,0.398
5,5,0.478
5,5,0.019
5,5,0.712
5,5,0.423
5,5,0.057
5,5,0.281
5,5,0.216
5,5,0.707
5,5,0.257
5,5,0.158
5,5,0.056
5,5,0.019
5,5,0.243
5,5,0.168
5,5,0.374
5,5,0.353
5,5,0.505
5,5,0.118
5,5,0.43
5,5,0.861
5,5,0.378
5,5,0.045
5,5,0.21
5,5,0.018
5,5,0.31
5,5,0.48
5,5,0.049
5,5,0.483
5,5,0.598
5,5,0.205
5,6,0.012
5,6,0.766
5,6,0.394
5,6,0.448
5,6,0.266
5,6,0.241
5,6,0.469
5,6,0.385
5,6,0.355
5,6,0.413
5,6,0.201
5,6,0.51
5,6,0.018
5,6,0.769
5,6,0.318
5,6,0.019
5,6,0.027
5,6,0.547
5,6,0.023
5,6,0.411
5,6,0.435
5,6,0.046
5,6,0.618
5,6,0.107
5,6,0.02
5,6,0.367
5,6,0.724
5,6,0.233
5,6,0.294
5,6,0.223
5,6,0.232
5,6,0.339
5,6,0.033
5,6,0.289
5,6,0.018
5,7,0.204
5,7,0.429
5,7,0.319
5,7,0.287
5,7,0.215
5,7,0.28
5,7,0.345
5,7,0.29
5,7,0.265
5,7,0.821
5,7,0.669
5,7,0.068
5,7,0.254
5,7,0.304
5,7,0.389
5,7,0.289
5,7,0.309
5,7,0.558
5,7,0.021
5,7,0.478
5,7,0.029
5,7,0.886
5,7,0.146
5,7,0.021
5,7,0.343
5,7,0.343
5,7,0.467
5,7,0.18
5,7,0.31
5,7,0.548
5,7,0.397
5,7,0.408
5,7,0.476
5,7,0.243
5,7,0.152
5,8,0.106
5,8,0.655
5,8,0.347
5,8,0.039
5,8,0.044
5,8,0.417
5,8,0.107
5,8,0.305
5,8,0.681
5,8,0.254
5,8,0.595
5,8,0.273
5,8,0.168
5,8,0.357
5,8,0.436
5,8,0.035
5,8,0.486
5,8,0.176
5,8,0.611
5,8,0.29
5,8,0.051
5,8,0.062
5,8,0.288
5,8,0.296
5,8,0.474
5,8,0.009
5,8,0.058
5,9,0.06
5,9,0.336
5,9,0.03
5,9,0.325
5,9,0.475
5,9,0.755
5,9,0.238
5,9,0.379
5,9,0.049
5,9,0.035
5,9,0.085
5,9,0.012
5,9,0.139
5,9,0.581
5,9,0.27
5,9,0.219
5,9,0.035
5,9,0.32
5,9,0.055
5,9,0.872
5,9,0.249
5,9,0.307
5,9,0.053
5,9,0.264
5,9,0.299
5,9,0.694
5,9,0.035
5,9,0.456
5,9,0.009
5,9,0.53
5,9,0.011
5,9,0.026
5,9,0.259
5,9,0.255
5,9,0.467
5,9,0.172
5,9,0.3
5,10,0.393
5,10,0.344
5,10,0.128
5,10,0.176
5,10,0.345
5,10,0.826
5,10,0.397
5,10,0.906
5,10,0.436
5,10,0.559
5,10,0.185
5,10,0.696
5,10,0.18
5,10,0.451
5,10,0.474
5,10,0.116
5,10,0.007
5,10,0.186
5,10,0.381
5,10,0.005
5,10,0.311
5,10,0.008
5,10,0.545
5,10,0.517
5,10,0.162
5,10,0.233
5,10,0.373
5,10,0.315
5,11,0.498
5,11,0.006
5,11,0.54
5,11,0.017
5,11,0.017
5,11,0.023
5,11,0.058
5,11,0.019
5,11,0.321
5,11,0.468
5,11,0.256
5,11,0.416
5,11,0.794
5,11,0.351
5,11,0.302
5,11,0.168
5,11,0.663
5,11,0.528
5,11,0.263
5,11,0.273
5,11,0.452
5,11,0.397
5,11,0.343
5,11,0.252
5,11,0.018
5,11,0.014
5,12,0.373
5,12,0.395
5,12,0.523
5,12,0.901
5,12,0.028
5,12,0.421
5,12,0.017
5,12,0.613
5,12,0.147
5,12,0.484
5,12,0.487
5,12,0.298
5,12,0.192
5,12,0.781
5,12,0.081
5,12,0.352
5,12,0.073
5,12,0.32
5,12,0.142
5,12,0.306
5,12,1.036
5,12,0.656
5,12,0.008
5,12,0.153
5,12,0.593
5,13,0.538
5,13,0.017
5,13,0.042
5,13,0.008
5,13,0.171
5,13,0.754
5,13,0.3
5,13,0.582
5,13,0.226
5,13,0.096
5,13,0.318
5,13,0.317
5,13,0.336
5,13,0.009
5,13,0.779
5,13,0.782
5,13,0.396
5,13,0.168
5,13,0.219
5,13,0.467
5,13,0.118
5,13,0.42
5,13,0.008
5,13,0.162
5,13,0.082
5,13,0.061
5,13,0.041
5,13,0.08
5,13,0.017
5,13,0.383
5,13,0.467
5,13,0.025
5,13,0.584
5,13,0.011
5,13,0.055
5,14,0.015
5,14,0.469
5,14,0.63
5,14,0.558
5,14,0.269
5,14,0.324
5,14,0.064
5,14,0.813
5,14,0.192
5,14,0.264
5,14,0.582
5,14,0.184
5,14,1.212
5,14,0.217
5,14,0.159
5,14,0.061
5,14,0.212
5,14,0.262
5,14,0.191
5,14,0.592
5,14,0.191
5,14,0.006
5,14,0.023
5,14,0.309
5,14,0.389
5,14,0.372
5,14,0.035
5,14,0.688
5,14,0.012
5,14,0.304
5,14,0.051
5,15,0.355
5,15,0.81
5,15,0.02
5,15,0.693
5,15,0.028
5,15,0.168
5,15,0.8
5,15,0.063
5,15,0.062
5,15,0.268
5,15,0.006
5,15,0.014
5,15,0.348
5,15,0.281
5,15,0.28
5,15,0.017
5,15,0.413
5,15,0.015
5,15,0.195
5,15,0.02
5,15,0.024
5,15,0.009
5,15,0.342
5,15,0.273
5,15,0.461
5,15,0.827
5,15,0.028
5,15,0.425
5,15,0.375
5,15,0.422
5,16,0.988
5,16,0.005
5,16,0.404
5,16,0.692
5,16,0.416
5,16,0.898
5,16,0.61
5,16,0.563
5,16,0.214
5,16,0.771
5,16,0.071
5,16,0.024
5,16,0.259
5,16,0.444
5,16,0.63
5,16,0.51
5,16,0.359
5,16,0.274
5,16,0.224
5,16,0.015
5,16,0.018
5,16,0.583
5,16,0.013
5,16,0.013
5,16,0.859
5,16,0.008
5,16,0.405
5,16,0.036
5,16,0.39
5,17,0.581
5,17,0.019
5,17,0.185
5,17,0.106
5,17,0.027
5,17,0.66
5,17,0.886
5,17,0.554
5,17,1.034
5,17,0.458
5,17,0.07
5,17,0.069
5,17,0.152
5,17,0.019
5,17,0.197
5,17,0.414
5,17,0.027
5,17,0.421
5,17,0.023
5,17,0.233
5,17,0.013
5,17,0.012
5,17,0.032
5,17,0.019
5,17,0.567
5,17,0.181
5,17,0.482
5,17,0.216
5,17,0.819
5,17,0.012
5,17,0.022
5,17,0.071
5,17,0.043
5,17,0.027
5,18,0.431
5,18,0.311
5,18,0.401
5,18,0.259
5,18,0.627
5,18,0.473
5,18,0.195
5,18,0.509
5,18,0.451
5,18,0.359
5,18,0.237
5,18,0.02
5,18,0.278
5,18,0.48
5,18,0.5
5,18,0.318
5,18,0.225
5,18,0.438
5,18,0.091
5,18,0.3
5,18,0.463
5,18,0.332
5,18,0.343
5,18,0.347
5,18,0.017
5,19,0.254
5,19,0.812
5,19,0.653
5,19,0.241
5,19,0.077
5,19,0.123
5,19,0.224
5,19,0.562
5,19,0.014
5,19,0.207
5,19,0.441
5,19,0.304
5,19,0.301
5,19,0.526
5,19,0.282
5,19,0.516
5,19,0.24
5,19,0.019
5,19,0.349
5,20,0.342
5,20,0.177
5,20,0.453
5,20,0.317
5,20,0.294
5,20,0.252
5,20,0.288
5,20,0.537
5,20,0.049
5,20,0.011
5,20,0.01
5,20,0.29
5,20,0.172
5,20,0.534
5,20,0.14
5,20,0.08
5,20,0.543
5,20,0.252
5,21,0.115
5,21,0.757
5,21,0.047
5,21,0.938
5,21,0.365
5,21,0.441
5,21,0.369
5,21,0.313
5,21,0.286
5,21,0.742
5,21,0.046
5,21,0.497
5,21,0.215
5,21,0.074
5,21,0.786
5,21,0.405
5,21,0.489
5,21,0.612
5,21,0.336
5,21,0.032
5,21,0.712
5,21,0.521
5,21,0.047
5,21,0.147
5,21,0.669
5,21,0.077
5,21,0.737
5,21,0.355
5,21,0.026
5,22,0.054
5,22,0.808
5,22,0.364
5,22,0.298
5,22,0.907
5,22,0.517
5,22,0.07
5,22,0.048
5,22,0.246
5,22,0.023
5,22,0.028
5,22,0.048
5,22,0.117
5,22,0.028
5,22,0.686
5,22,0.015
5,22,0.07
5,22,0.16
5,22,0.251
5,23,0.392
5,23,0.239
5,23,0.08
5,23,0.793
5,23,0.015
5,23,0.623
5,23,0.955
5,23,0.043
5,23,0.307
5,23,0.273
5,23,0.02
5,23,0.008
5,23,0.448
5,23,0.29
5,23,0.023
5,23,0.029
5,23,0.012
5,23,0.018
5,23,0.006
5,23,0.696
5,23,0.012
5,23,0.133
5,23,0.008
5,24,0.014
5,24,0.087
5,24,0.039
5,24,0.54
5,24,0.384
5,24,0.478
5,24,0.268
5,24,0.044
5,24,0.167
5,24,0.03
5,24,0.387
5,24,0.013
5,24,0.019
5,24,0.199
5,24,0.458
5,24,0.626
5,24,0.264
5,24,0.162
5,24,0.166
5,24,0.312
5,24,0.031
5,25,0.106
5,25,0.466
5,25,0.314
5,25,0.567
5,25,0.043
5,25,0.04
5,25,0.337
5,25,0.324
5,25,0.761
5,25,0.351
5,25,0.029
5,25,0.537
5,25,0.416
5,25,0.307
5,25,0.398
5,25,0.015
5,25,0.02
5,25,0.011
5,25,0.432
5,26,0.127
5,26,0.625
5,26,0.219
5,26,0.558
5,26,0.654
5,26,0.057
5,26,1.228
5,26,0.269
5,26,0.43
5,26,0.805
5,26,0.363
5,26,0.015
5,26,0.036
5,26,0.019
5,26,0.387
5,26,0.474
5,26,0.034
5,26,0.017
5,26,0.542
5,26,0.03
5,27,0.655
5,27,0.06
5,27,0.201
5,27,0.502
5,27,1.2
5,27,0.027
5,27,0.547
5,27,0.055
5,27,0.285
5,27,0.06
5,27,0.014
5,27,0.015
5,27,0.073
5,27,0.005
5,27,0.774
5,27,0.483
5,27,0.189
5,27,0.194
5,27,0.015
5,27,0.037
5,27,0.358
5,27,0.045
5,27,0.027
5,28,0.299
5,28,0.061
5,28,0.169
5,28,0.029
5,28,0.015
5,28,0.994
5,28,1.162
5,28,0.009
5,28,0.018
5,28,0.3
5,28,0.253
5,28,0.024
5,28,0.606
5,28,0.031
5,28,0.188
5,28,0.012
5,28,0.013
5,29,0.313
5,29,0.024
5,29,0.69
5,29,0.045
5,29,0.09
5,29,1.413
5,29,0.317
5,29,0.199
5,29,0.358
5,29,0.092
5,29,0.138
5,29,0.127
5,29,0.043
5,29,0.01
5,29,0.975
5,29,0.442
5,29,0.114
5,29,0.023
5,29,0.02
5,29,0.142
5,29,0.007
5,29,0.096
5,30,0.011
5,30,0.012
5,30,0.006
5,30,0.044
5,30,0.066
5,30,0.036
5,30,0.312
5,30,0.012
5,30,0.009
5,30,0.28
5,30,0.173
5,30,0.255
5,30,0.531
5,30,0.27
5,30,0.352
