1,1,1.153
1,1,0.314
1,1,1.043
1,1,0.824
1,1,1.819
1,1,0.975
1,1,0.84
1,1,0.402
1,1,1.497
1,1,2.037
1,1,0.796
1,1,1.046
1,1,0.97
1,1,1.033
1,1,1.806
1,1,1.454
1,1,1.132
1,1,1.417
1,1,1.879
1,1,0.893
1,1,1.71
1,1,2.176
1,1,1.29
1,1,1.132
1,1,1.228
1,1,0.395
1,1,0.043
1,1,1.411
1,1,1.428
1,1,0.482
1,1,0.425
1,1,1.208
1,1,0.016
1,1,0.732
1,1,0.287
1,1,0.173
1,1,0.083
1,1,0.416
1,1,0.967
1,1,1.541
1,1,1.619
1,1,0.208
1,1,1.078
1,1,0.375
1,1,0.72
1,1,0.986
1,1,1.021
1,1,1.954
1,1,1.382
1,1,1.206
1,1,1.364
1,1,1.08
1,2,1.166
1,2,1.93
1,2,1.178
1,2,0.683
1,2,1.204
1,2,0.74
1,2,0.865
1,2,0.72
1,2,0.902
1,2,1.082
1,2,1.559
1,2,1.113
1,2,0.987
1,2,1.534
1,2,1.881
1,2,0.009
1,2,0.6
1,2,0.224
1,2,0.347
1,2,0.788
1,2,1.544
1,2,0.73
1,2,0.236
1,2,0.369
1,2,0.291
1,2,1.355
1,2,1.15
1,2,0.139
1,2,0.136
1,2,0.957
1,2,0.442
1,2,1.056
1,2,0.896
1,2,0.29
1,2,0.265
1,2,0.946
1,2,1.173
1,2,0.42
1,2,1.596
1,2,1.041
1,2,0.319
1,2,0.686
1,3,1.317
1,3,0.704
1,3,1.173
1,3,1.437
1,3,1.792
1,3,1.195
1,3,0.201
1,3,0.908
1,3,0.532
1,3,0.901
1,3,0.894
1,3,0.829
1,3,0.961
1,3,1.53
1,3,0.256
1,3,1.006
1,3,1.14
1,3,0.646
1,3,1.234
1,3,0.163
1,3,0.554
1,3,0.61
1,3,0.533
1,3,1.315
1,3,0.067
1,3,0.587
1,3,1.217
1,3,1.062
1,3,0.642
1,3,1.456
1,3,0.731
1,3,1.31
1,3,1.065
1,3,0.714
1,3,0.435
1,3,1.138
1,3,0.401
1,3,0.992
1,3,1.019
1,3,0.017
1,3,0.885
1,4,0.242
1,4,1.171
1,4,0.785
1,4,1.004
1,4,0.82
1,4,0.874
1,4,0.934
1,4,1.206
1,4,1.248
1,4,1.203
1,4,0.929
1,4,1.192
1,4,0.522
1,4,0.874
1,4,1.297
1,4,0.451
1,4,1.467
1,4,0.968
1,4,1.175
1,4,0.55
1,4,1.06
1,4,1.335
1,4,0.118
1,4,0.133
1,4,0.021
1,4,0.131
1,4,0.547
1,4,1.1
1,4,0.433
1,4,0.702
1,4,1.134
1,4,0.614
1,4,1.332
1,4,1.461
1,4,0.469
1,5,0.668
1,5,0.234
1,5,0.099
1,5,0.686
1,5,0.841
1,5,0.376
1,5,0.682
1,5,0.126
1,5,1.101
1,5,0.782
1,5,0.62
1,5,0.22
1,5,0.641
1,5,0.422
1,5,0.697
1,5,0.625
1,5,0.272
1,5,1.076
1,5,1.121
1,5,1.061
1,5,0.442
1,5,0.544
1,5,0.984
1,5,0.531
1,5,1.544
1,5,1.359
1,5,0.113
1,5,1.089
1,5,0.18
1,5,0.881
1,6,1.036
1,6,1.124
1,6,0.704
1,6,0.927
1,6,0.251
1,6,1.385
1,6,0.108
1,6,0.749
1,6,0.083
1,6,0.726
1,6,0.984
1,6,0.589
1,6,0.171
1,6,1.034
1,6,0.584
1,6,1.071
1,6,1.302
1,6,0.35
1,6,0.295
1,6,0.962
1,6,1.52
1,6,1.068
1,6,0.55
1,6,1.165
1,6,0.208
1,6,0.991
1,6,1.057
1,6,1.12
1,6,1.413
1,6,0.744
1,7,0.007
1,7,0.146
1,7,0.214
1,7,1.304
1,7,0.788
1,7,0.08
1,7,1.099
1,7,0.159
1,7,1.259
1,7,0.281
1,7,0.674
1,7,0.574
1,7,1.013
1,7,1.182
1,7,0.041
1,7,0.89
1,7,0.234
1,7,0.715
1,7,0.049
1,7,0.314
1,7,1.173
1,7,0.313
1,7,0.353
1,7,1.043
1,7,0.1
1,7,0.524
1,7,0.016
1,7,1.03
1,7,1.029
1,8,0.478
1,8,0.025
1,8,0.037
1,8,0.336
1,8,0.967
1,8,0.403
1,8,1.187
1,8,0.544
1,8,0.44
1,8,1.387
1,8,0.12
1,8,0.012
1,8,0.099
1,8,0.302
1,8,0.345
1,8,0.037
1,8,0.556
1,8,1.149
1,8,1.241
1,8,0.077
1,8,0.486
1,8,0.276
1,8,0.066
1,8,0.767
1,8,1.293
1,8,0.11
1,8,1.382
1,8,0.149
1,8,0.415
1,8,1.365
1,8,1.009
1,8,0.024
1,9,0.007
1,9,0.013
1,9,0.259
1,9,0.33
1,9,0.548
1,9,1.153
1,9,0.596
1,9,0.824
1,9,0.624
1,9,0.049
1,9,0.988
1,9,1.608
1,9,0.052
1,9,0.183
1,9,0.466
1,9,0.108
1,9,0.7
1,9,1.223
1,9,0.906
1,9,0.684
1,9,0.052
1,9,0.016
1,9,0.169
1,9,1.012
1,9,1.668
1,9,0.976
1,9,0.775
1,9,0.009
1,10,0.011
1,10,0.077
1,10,0.83
1,10,0.221
1,10,0.708
1,10,0.276
1,10,0.042
1,10,0.077
1,10,0.985
1,10,1.058
1,10,0.481
1,10,0.041
1,10,0.511
1,10,0.91
1,10,0.192
1,10,0.524
1,10,0.583
1,10,0.651
1,10,0.379
1,10,0.806
1,10,0.055
1,10,0.474
1,10,0.362
1,10,0.791
1,10,0.404
1,10,0.478
1,10,0.093
1,10,0.251
1,10,0.995
1,10,0.666
1,10,0.768
1,10,0.897
1,10,0.809
1,11,0.531
1,11,1.544
1,11,0.603
1,11,0.477
1,11,0.539
1,11,0.148
1,11,0.557
1,11,0.226
1,11,0.635
1,11,0.364
1,11,0.041
1,11,0.293
1,11,0.096
1,11,0.676
1,11,0.935
1,11,0.281
1,11,0.996
1,11,0.34
1,11,0.981
1,11,0.238
1,11,0.256
1,12,0.629
1,12,0.871
1,12,0.054
1,12,0.578
1,12,0.914
1,12,0.054
1,12,0.404
1,12,0.162
1,12,0.04
1,12,0.085
1,12,0.025
1,12,0.372
1,12,0.528
1,12,0.172
1,12,0.444
1,12,0.901
1,12,0.046
1,12,0.422
1,12,0.722
1,12,0.021
1,12,0.031
1,12,0.044
1,12,0.015
1,13,1.093
1,13,0.172
1,13,0.87
1,13,0.324
1,13,0.48
1,13,0.985
1,13,1.13
1,13,1.496
1,13,0.123
1,13,1.009
1,13,0.464
1,13,0.971
1,13,0.073
1,13,0.485
1,13,1.492
1,14,0.038
1,14,0.078
1,14,1.424
1,14,0.769
1,14,0.276
1,14,0.154
1,14,0.395
1,14,0.073
1,14,0.458
1,14,0.335
1,14,0.945
1,14,0.013
1,14,0.578
1,14,1.054
1,15,1.44
1,15,1.139
1,15,0.266
1,15,1.256
1,15,0.574
1,15,0.32
1,15,0.018
1,15,0.44
1,15,0.558
1,15,1.128
1,15,0.733
1,15,0.33
1,15,0.72
1,15,0.901
1,15,0.389
1,15,0.357
1,15,0.038
1,15,0.043
1,15,0.475
1,15,0.644
1,15,0.077
1,15,1.447
1,15,0.14
1,16,0.955
1,16,0.036
1,16,0.408
1,16,0.9
1,16,0.296
1,16,0.128
1,16,0.049
1,16,0.399
1,16,0.355
1,16,0.662
1,16,0.653
1,16,0.609
1,16,0.608
1,16,0.04
1,16,0.116
1,16,0.487
1,16,0.29
1,16,0.131
1,17,0.047
1,17,0.669
1,17,1.044
1,17,0.753
1,17,0.017
1,17,1.196
1,17,0.12
1,17,0.544
1,17,1.194
1,17,0.359
1,17,0.282
1,17,0.041
1,17,0.643
1,17,0.009
1,17,0.541
1,17,0.373
1,17,0.385
1,18,0.134
1,18,0.391
1,18,0.918
1,18,0.024
1,18,0.741
1,18,0.117
1,18,0.689
1,18,0.831
1,18,0.381
1,18,0.054
1,18,0.894
1,18,0.05
1,18,0.139
1,18,0.081
1,18,0.469
1,18,0.684
1,18,0.112
1,18,0.037
1,18,0.057
1,18,0.108
1,18,0.635
1,18,0.06
1,19,0.528
1,19,0.558
1,19,0.339
1,19,0.068
1,19,0.479
1,19,0.457
1,19,0.262
1,19,0.472
1,19,0.545
1,19,0.042
1,19,0.271
1,19,0.939
1,19,0.02
1,19,0.76
1,19,0.362
1,19,0.059
1,19,0.963
1,20,1.12
1,20,0.02
1,20,0.115
1,20,0.008
1,20,0.03
1,20,0.072
1,20,0.87
1,20,0.442
1,20,0.1
1,20,1.211
1,20,0.295
1,20,0.813
1,20,0.454
1,20,0.089
1,20,0.196
1,20,0.784
1,20,0.516
1,20,1.568
1,20,0.374
1,20,0.005
1,20,0.305
1,20,0.125
1,21,0.224
1,21,0.118
1,21,0.514
1,21,0.143
1,21,0.34
1,21,0.095
1,21,0.484
1,21,0.087
1,21,0.73
1,21,0.06
1,21,0.449
1,21,0.078
1,21,0.007
1,21,0.709
1,21,0.097
1,21,0.83
1,21,0.043
1,21,0.157
1,21,0.009
1,21,0.98
1,21,0.042
1,21,1.264
1,21,0.152
1,22,0.132
1,22,0.163
1,22,0.015
1,22,0.069
1,22,0.084
1,22,0.119
1,22,1.067
1,22,1.505
1,22,1.33
1,22,0.366
1,22,1.31
1,22,1.063
1,22,0.222
1,22,0.29
1,22,0.208
1,22,1.416
1,22,0.113
1,22,0.283
1,22,0.143
1,23,0.225
1,23,0.01
1,23,0.594
1,23,0.04
1,23,1.099
1,23,1.524
1,23,0.484
1,23,0.833
1,23,1.995
1,23,0.807
1,23,0.738
1,23,0.595
1,23,0.029
1,23,0.563
1,23,0.129
1,23,0.442
1,23,0.21
1,23,0.009
1,23,0.47
1,23,0.23
1,24,0.23
1,24,0.363
1,24,1.186
1,24,0.387
1,24,0.302
1,24,1.679
1,24,0.304
1,24,0.047
1,24,0.457
1,24,0.544
1,24,0.105
1,24,0.458
1,24,0.073
1,24,0.162
1,25,0.563
1,25,0.597
1,25,0.02
1,25,0.246
1,25,0.098
1,25,0.299
1,25,0.01
1,25,0.188
1,25,0.318
1,25,0.605
1,25,0.056
1,25,0.521
1,25,0.821
1,25,1.08
1,25,0.032
1,25,0.053
1,25,0.126
1,25,0.117
1,25,0.088
1,26,0.236
1,26,0.043
1,26,0.096
1,26,0.465
1,26,0.453
1,26,0.159
1,26,0.656
1,26,0.301
1,26,0.085
1,26,0.014
1,26,0.483
1,26,0.012
1,26,0.377
1,26,0.501
1,26,0.048
1,26,0.496
1,26,0.093
1,26,0.497
1,26,0.028
1,26,0.014
1,27,0.643
1,27,0.039
1,27,0.505
1,27,0.974
1,27,0.42
1,27,1.3
1,27,0.457
1,27,0.591
1,27,0.424
1,27,0.048
1,27,1.826
1,27,0.078
1,27,0.076
1,27,0.606
1,27,0.067
1,27,0.699
1,27,0.063
1,27,0.029
1,27,0.097
1,27,0.162
1,28,0.055
1,28,0.589
1,28,0.011
1,28,0.55
1,28,0.133
1,28,1.303
1,28,0.014
1,28,0.005
1,28,0.064
1,28,0.682
1,28,0.23
1,28,0.144
1,28,0.137
1,28,0.712
1,28,0.071
1,28,0.125
1,28,0.016
1,28,0.01
1,28,0.506
1,28,0.055
1,28,0.457
1,29,0.393
1,29,0.009
1,29,0.125
1,29,0.668
1,29,0.261
1,29,0.079
1,29,0.086
1,29,0.009
1,29,0.067
1,29,0.007
1,29,0.035
1,29,0.049
1,29,0.968
1,29,0.092
1,29,0.527
1,29,0.101
1,29,0.099
1,30,0.731
1,30,0.022
1,30,0.008
1,30,0.136
1,30,0.235
1,30,0.012
1,30,0.054
1,30,0.289
1,30,0.517
1,30,0.174
1,30,1.335
2,1,0.775
2,1,1.028
2,1,1.76
2,1,1.121
2,1,1.34
2,1,0.524
2,1,0.37
2,1,1.048
2,1,2.069
2,1,0.804
2,1,1.497
2,1,0.445
2,1,1.136
2,1,0.809
2,1,0.996
2,1,0.864
2,1,1.674
2,1,0.876
2,1,1.139
2,1,1.136
2,1,0.747
2,1,1.239
2,1,0.272
2,1,0.622
2,1,1.356
2,1,0.701
2,1,2.186
2,1,0.829
2,1,0.297
2,1,1.707
2,1,0.784
2,1,1.652
2,1,1.087
2,1,0.428
2,1,0.502
2,1,1.23
2,1,0.344
2,1,2.372
2,1,0.808
2,1,0.734
2,2,1.449
2,2,1.097
2,2,1.136
2,2,1.354
2,2,1.195
2,2,1.01
2,2,0.538
2,2,0.775
2,2,1.489
2,2,1.406
2,2,0.993
2,2,0.903
2,2,1.125
2,2,0.916
2,2,1.464
2,2,1.198
2,2,0.46
2,2,0.256
2,2,1.318
2,2,0.607
2,2,1.337
2,2,1.459
2,2,0.811
2,2,0.682
2,2,0.678
2,2,0.201
2,2,0.455
2,2,0.9
2,3,0.09
2,3,0.381
2,3,0.888
2,3,1.349
2,3,1.986
2,3,0.196
2,3,1.296
2,3,0.55
2,3,1.736
2,3,0.161
2,3,0.679
2,3,1.236
2,3,1.413
2,3,1.146
2,3,1.247
2,3,1.677
2,3,0.926
2,3,1.692
2,3,0.732
2,3,1.53
2,3,0.696
2,3,1.376
2,3,1.578
2,3,0.507
2,3,0.728
2,3,0.144
2,3,0.96
2,3,1.334
2,3,0.628
2,3,1.162
2,4,0.924
2,4,2.172
2,4,1.007
2,4,0.237
2,4,0.921
2,4,1.077
2,4,1.248
2,4,1.229
2,4,1.294
2,4,1.012
2,4,0.089
2,4,0.649
2,4,1.301
2,4,0.04
2,4,1.028
2,4,0.8
2,4,0.76
2,4,1.042
2,4,0.919
2,4,1.071
2,4,1.157
2,4,0.084
2,4,0.102
2,4,0.061
2,4,0.732
2,4,1.22
2,4,0.951
2,4,0.548
2,4,0.28
2,4,0.105
2,5,0.148
2,5,0.85
2,5,0.229
2,5,0.492
2,5,0.711
2,5,0.452
2,5,1.288
2,5,1.595
2,5,0.777
2,5,0.841
2,5,0.163
2,5,0.092
2,5,0.962
2,5,1.097
2,5,0.866
2,5,0.783
2,5,0.5
2,5,0.235
2,5,0.628
2,5,0.764
2,5,0.737
2,5,0.753
2,6,0.732
2,6,0.003
2,6,0.563
2,6,0.26
2,6,0.074
2,6,0.628
2,6,0.114
2,6,0.62
2,6,0.273
2,6,0.597
2,6,0.331
2,6,0.884
2,6,1.022
2,6,0.678
2,6,0.687
2,6,1.007
2,6,0.029
2,6,0.938
2,6,1.581
2,6,0.437
2,6,0.912
2,6,0.34
2,7,0.028
2,7,0.407
2,7,0.976
2,7,0.279
2,7,0.892
2,7,0.874
2,7,0.543
2,7,1.543
2,7,1.104
2,7,0.403
2,7,0.082
2,7,0.714
2,7,0.896
2,7,0.638
2,7,1.419
2,7,0.92
2,7,1.023
2,7,0.161
2,7,0.903
2,7,0.462
2,7,1.523
2,7,1.961
2,7,1.076
2,7,0.698
2,7,0.447
2,7,0.188
2,7,0.234
2,7,1.05
2,7,0.856
2,8,0.074
2,8,0.913
2,8,0.735
2,8,0.705
2,8,0.857
2,8,0.102
2,8,0.595
2,8,0.1
2,8,0.706
2,8,0.467
2,8,0.34
2,8,1.252
2,8,0.956
2,8,0.387
2,8,1.236
2,8,0.113
2,8,0.226
2,8,0.504
2,8,1.351
2,8,0.754
2,8,0.807
2,8,0.493
2,8,0.819
2,8,0.733
2,8,0.015
2,8,0.714
2,8,1.381
2,8,0.149
2,9,0.775
2,9,0.088
2,9,0.951
2,9,0.179
2,9,0.11
2,9,1.331
2,9,0.577
2,9,0.074
2,9,0.088
2,9,1.015
2,9,0.203
2,9,2.001
2,9,0.781
2,9,0.157
2,9,0.051
2,9,0.771
2,9,0.659
2,9,0.424
2,9,0.436
2,9,0.181
2,9,0.362
2,9,0.448
2,9,1.01
2,9,0.893
2,9,0.619
2,9,0.356
2,9,0.585
2,10,1.304
2,10,0.987
2,10,0.444
2,10,0.93
2,10,0.455
2,10,0.76
2,10,1.24
2,10,0.09
2,10,1.43
2,10,1.241
2,10,0.118
2,10,0.106
2,10,0.809
2,10,1.681
2,10,0.948
2,10,0.066
2,10,0.319
2,10,0.036
2,10,0.616
2,10,0.066
2,10,0.862
2,10,0.123
2,10,1.293
2,10,0.837
2,10,1.093
2,10,0.008
2,10,0.877
2,11,0.082
2,11,0.123
2,11,0.02
2,11,1.076
2,11,0.817
2,11,1.178
2,11,0.185
2,11,1.044
2,11,0.753
2,11,0.062
2,11,0.56
2,11,0.13
2,11,0.028
2,11,0.091
2,11,0.426
2,11,1.536
2,11,0.402
2,11,0.554
2,11,0.806
2,11,1.174
2,11,0.324
2,11,0.17
2,11,0.311
2,11,0.289
2,11,0.039
2,12,0.614
2,12,1.732
2,12,0.3
2,12,1.389
2,12,0.499
2,12,0.415
2,12,0.252
2,12,0.408
2,12,1.023
2,12,0.668
2,12,0.426
2,12,0.08
2,12,0.15
2,12,1.024
2,12,1.07
2,12,0.078
2,12,1.251
2,12,0.04
2,12,0.851
2,12,0.472
2,12,0.811
2,12,0.676
2,12,0.33
2,12,0.459
2,12,0.549
2,13,0.06
2,13,0.729
2,13,0.247
2,13,0.543
2,13,0.558
2,13,0.6
2,13,1.58
2,13,0.907
2,13,0.055
2,13,0.053
2,13,0.281
2,13,0.051
2,13,0.625
2,13,0.085
2,13,0.03
2,13,1.661
2,13,0.981
2,13,0.115
2,13,1.557
2,13,0.795
2,13,0.152
2,14,0.482
2,14,1.467
2,14,0.305
2,14,0.413
2,14,1.029
2,14,0.025
2,14,0.399
2,14,0.477
2,14,0.415
2,14,0.815
2,14,0.991
2,14,0.651
2,14,0.119
2,14,0.082
2,14,0.219
2,14,0.11
2,14,1.301
2,14,0.624
2,15,1.729
2,15,0.297
2,15,0.033
2,15,1.528
2,15,1.336
2,15,0.59
2,15,0.764
2,15,0.065
2,15,0.707
2,15,1.263
2,15,0.413
2,15,0.339
2,15,0.051
2,15,0.574
2,15,0.413
2,15,1.478
2,15,0.45
2,15,0.157
2,15,0.787
2,15,0.485
2,15,2.197
2,15,0.448
2,15,0.052
2,16,2.075
2,16,0.183
2,16,0.432
2,16,0.29
2,16,0.845
2,16,0.853
2,16,0.062
2,16,0.345
2,16,0.522
2,16,0.042
2,16,0.145
2,16,0.85
2,16,0.089
2,16,0.048
2,16,0.681
2,16,0.094
2,16,1.067
2,16,0.938
2,17,0.005
2,17,0.3
2,17,1.786
2,17,0.016
2,17,0.426
2,17,0.049
2,17,0.064
2,17,1.987
2,17,0.634
2,17,0.101
2,17,0.008
2,17,0.413
2,17,0.017
2,17,0.083
2,17,0.066
2,17,0.822
2,17,1.079
2,17,0.123
2,17,1.058
2,17,0.691
2,17,0.01
2,17,0.573
2,18,0.089
2,18,0.113
2,18,0.559
2,18,0.865
2,18,0.281
2,18,0.797
2,18,0.802
2,18,0.54
2,18,0.205
2,18,0.353
2,18,1.325
2,18,0.055
2,18,0.324
2,18,1.672
2,18,0.152
2,18,0.292
2,18,0.287
2,18,1.587
2,18,0.482
2,18,0.382
2,18,0.26
2,19,0.728
2,19,0.075
2,19,0.285
2,19,1.135
2,19,1.241
2,19,1.511
2,19,0.045
2,19,0.842
2,19,0.086
2,19,0.693
2,19,0.021
2,19,0.499
2,19,0.863
2,19,0.799
2,19,0.516
2,19,0.506
2,19,0.17
2,19,0.762
2,19,0.092
2,19,0.063
2,19,0.135
2,19,0.613
2,19,0.311
2,19,0.254
2,20,0.996
2,20,1.153
2,20,0.437
2,20,0.175
2,20,0.027
2,20,0.299
2,20,1.528
2,20,0.082
2,20,1.069
2,20,0.723
2,20,0.281
2,20,0.593
2,20,0.426
2,20,0.136
2,20,0.442
2,20,0.069
2,20,0.03
2,20,0.012
2,20,0.185
2,21,0.473
2,21,0.229
2,21,0.446
2,21,1.19
2,21,0.145
2,21,0.569
2,21,0.392
2,21,0.357
2,21,1.442
2,21,0.76
2,21,0.616
2,21,0.992
2,21,0.08
2,21,0.051
2,21,0.286
2,21,1.139
2,21,0.539
2,21,0.423
2,21,1.376
2,21,0.478
2,21,0.358
2,22,0.944
2,22,0.783
2,22,0.763
2,22,0.562
2,22,0.358
2,22,0.404
2,22,0.073
2,22,0.051
2,22,0.503
2,23,0.771
2,23,0.518
2,23,0.514
2,23,0.302
2,23,1.099
2,23,0.13
2,23,0.729
2,23,0.265
2,23,0.198
2,23,0.035
2,23,0.256
2,23,0.589
2,23,0.447
2,23,0.076
2,24,0.149
2,24,0.031
2,24,1.259
2,24,0.048
2,24,0.013
2,24,0.1
2,24,0.006
2,24,0.545
2,24,0.263
2,24,1.148
2,24,0.202
2,24,0.104
2,24,0.892
2,24,0.513
2,24,0.043
2,24,0.027
2,24,0.116
2,24,0.78
2,24,0.349
2,24,0.545
2,24,0.044
2,24,0.01
2,24,0.044
2,24,0.179
2,24,0.226
2,24,0.033
2,24,0.05
2,24,0.082
2,24,0.348
2,25,0.341
2,25,0.435
2,25,0.036
2,25,0.018
2,25,0.22
2,25,0.752
2,25,1.082
2,25,0.401
2,25,1.422
2,25,2.126
2,25,0.388
2,25,0.07
2,25,0.234
2,25,0.118
2,25,0.751
2,25,0.359
2,25,0.155
2,25,0.169
2,25,0.949
2,25,0.208
2,25,0.913
2,25,0.049
2,25,0.269
2,25,0.03
2,25,0.503
2,26,0.956
2,26,0.089
2,26,0.267
2,26,0.471
2,26,0.123
2,26,0.06
2,26,0.7
2,26,1.382
2,26,0.659
2,26,0.068
2,26,1.313
2,26,0.485
2,26,0.069
2,26,0.361
2,27,0.75
2,27,1.233
2,27,0.828
2,27,0.388
2,27,0.525
2,27,0.043
2,27,0.065
2,27,0.12
2,27,0.319
2,27,0.28
2,27,0.859
2,27,1.057
2,27,0.245
2,28,1.173
2,28,0.016
2,28,0.588
2,28,0.013
2,28,0.44
2,28,0.17
2,28,0.01
2,28,0.469
2,28,0.646
2,28,0.016
2,28,0.831
2,28,0.379
2,28,0.014
2,28,0.49
2,28,0.456
2,28,0.149
2,28,0.102
2,28,0.087
2,28,0.505
2,28,0.341
2,28,0.559
2,28,1.303
2,28,0.03
2,28,0.044
2,28,0.454
2,28,0.01
2,28,0.04
2,29,0.818
2,29,1.662
2,29,0.561
2,29,0.651
2,29,0.498
2,29,0.009
2,29,0.042
2,29,0.859
2,29,0.24
2,29,0.075
2,29,0.879
2,29,0.029
2,29,0.022
2,29,0.021
2,29,0.136
2,29,0.02
2,29,0.017
2,29,0.602
2,29,0.09
2,29,0.01
2,29,0.484
2,29,0.534
2,30,0.067
2,30,0.193
2,30,0.046
2,30,2.048
2,30,0.496
2,30,2.689
2,30,0.402
2,30,0.435
2,30,0.163
2,30,0.033
2,30,0.664
2,30,0.528
2,30,0.583
2,30,0.009
2,30,0.034
2,30,0.008
2,30,0.077
2,30,0.032
2,30,0.338
2,30,0.368
2,30,0.12
2,30,0.006
3,1,1.462
3,1,1.755
3,1,1.904
3,1,1.32
3,1,0.868
3,1,1.802
3,1,1.432
3,1,1.812
3,1,2.174
3,1,1.434
3,1,0.921
3,1,1.871
3,1,0.765
3,1,0.549
3,1,2.114
3,1,1.178
3,1,1.139
3,1,1.241
3,1,0.958
3,1,0.715
3,1,0.917
3,1,1.797
3,1,1.171
3,1,1.364
3,1,1.54
3,1,1.267
3,1,1.025
3,1,1.343
3,1,0.883
3,1,0.73
3,1,0.951
3,1,1.063
3,1,1.337
3,1,1.904
3,1,1.498
3,1,1.393
3,1,1.441
3,1,0.264
3,1,1.209
3,1,1.528
3,1,1.066
3,1,1.634
3,1,1.646
3,1,1.101
3,1,0.922
3,1,1.244
3,1,1.437
3,1,1.207
3,1,0.684
3,1,0.045
3,1,1.569
3,2,0.996
3,2,1.091
3,2,0.819
3,2,0.422
3,2,0.767
3,2,0.367
3,2,1.216
3,2,0.68
3,2,0.536
3,2,0.523
3,2,1.597
3,2,1.367
3,2,0.284
3,2,1.079
3,2,1.226
3,2,1.105
3,2,0.988
3,2,1.368
3,2,1.267
3,2,0.525
3,2,1.08
3,2,0.619
3,2,0.851
3,2,0.865
3,2,1.042
3,2,0.24
3,2,1.335
3,2,0.719
3,2,1.274
3,2,0.593
3,2,0.731
3,2,1.22
3,2,1.38
3,2,1.154
3,2,0.234
3,2,1.141
3,2,0.181
3,2,1.438
3,2,1.216
3,2,1.011
3,2,0.014
3,2,1.208
3,2,0.958
3,2,1.426
3,3,0.536
3,3,0.331
3,3,0.839
3,3,0.581
3,3,1.14
3,3,0.627
3,3,0.934
3,3,0.499
3,3,0.892
3,3,1.25
3,3,0.843
3,3,0.605
3,3,1.035
3,3,0.533
3,3,1.328
3,3,0.688
3,3,0.9
3,3,1.217
3,3,1.296
3,3,1.032
3,3,1.114
3,3,1.183
3,3,1.55
3,3,1.101
3,3,1.174
3,3,0.843
3,3,0.707
3,3,0.299
3,3,0.058
3,3,1.111
3,3,0.652
3,3,0.344
3,3,1.381
3,4,1.468
3,4,1.199
3,4,0.938
3,4,0.596
3,4,0.837
3,4,1.214
3,4,1.411
3,4,1.078
3,4,1.024
3,4,0.417
3,4,0.59
3,4,0.322
3,4,1.195
3,4,0.373
3,4,0.693
3,4,1.15
3,4,1.137
3,4,0.938
3,4,1.49
3,4,1.026
3,4,1.434
3,4,0.943
3,4,0.387
3,4,0.594
3,4,1.039
3,4,1.91
3,4,0.154
3,4,0.84
3,5,0.674
3,5,1.084
3,5,1.215
3,5,1.003
3,5,1.182
3,5,0.444
3,5,0.655
3,5,0.672
3,5,1.753
3,5,0.44
3,5,0.908
3,5,0.138
3,5,0.805
3,5,0.383
3,5,1.146
3,5,0.799
3,5,0.647
3,5,0.612
3,5,0.769
3,5,0.84
3,5,0.576
3,5,1.487
3,5,1.13
3,5,0.031
3,5,1.332
3,5,0.429
3,5,1.721
3,5,0.844
3,5,0.838
3,5,1.486
3,5,0.138
3,5,0.011
3,5,1.291
3,5,1.179
3,5,1.3
3,5,0.975
3,5,0.099
3,5,1.458
3,6,0.702
3,6,0.833
3,6,1.107
3,6,0.091
3,6,0.723
3,6,0.81
3,6,0.135
3,6,0.926
3,6,0.056
3,6,0.086
3,6,0.231
3,6,1.261
3,6,0.811
3,6,0.889
3,6,0.389
3,6,0.058
3,6,0.699
3,6,0.779
3,6,1.077
3,6,0.288
3,6,0.029
3,6,0.546
3,6,0.045
3,6,0.444
3,6,0.734
3,6,1.17
3,6,0.076
3,6,0.856
3,6,0.15
3,6,1.235
3,6,0.286
3,6,1.076
3,6,0.934
3,6,0.424
3,6,0.073
3,6,0.371
3,6,1.101
3,6,0.549
3,6,0.496
3,6,0.039
3,7,1.027
3,7,0.454
3,7,0.958
3,7,0.207
3,7,0.862
3,7,0.488
3,7,0.92
3,7,1.002
3,7,0.726
3,7,0.145
3,7,0.793
3,7,0.615
3,7,0.851
3,7,1.075
3,7,0.933
3,7,0.222
3,7,0.373
3,7,0.588
3,7,0.739
3,7,0.099
3,7,1.003
3,7,0.451
3,7,0.37
3,7,1.348
3,7,0.075
3,7,0.66
3,7,0.934
3,7,0.408
3,7,0.098
3,7,0.789
3,7,0.886
3,7,1.009
3,7,0.987
3,7,0.088
3,7,1.264
3,7,0.654
3,7,1.046
3,7,0.842
3,7,0.694
3,8,0.292
3,8,0.099
3,8,0.547
3,8,0.636
3,8,0.141
3,8,0.02
3,8,0.456
3,8,0.034
3,8,1.044
3,8,0.99
3,8,0.948
3,8,0.82
3,8,0.764
3,8,0.605
3,8,0.532
3,8,0.816
3,8,0.373
3,8,0.562
3,8,0.402
3,8,0.927
3,8,1.161
3,8,0.985
3,8,1.086
3,8,0.203
3,8,0.364
3,8,0.086
3,8,1.046
3,8,0.074
3,8,0.313
3,8,1.194
3,8,1.129
3,8,0.012
3,8,0.618
3,8,0.356
3,9,1.033
3,9,0.454
3,9,0.685
3,9,0.514
3,9,0.236
3,9,1.261
3,9,0.091
3,9,1.031
3,9,1.012
3,9,0.176
3,9,1.465
3,9,0.928
3,9,0.965
3,9,0.086
3,9,0.136
3,9,0.739
3,9,1.152
3,9,0.872
3,9,1.217
3,9,0.476
3,9,1.252
3,9,0.425
3,9,0.076
3,9,0.161
3,9,0.073
3,9,0.575
3,9,1.306
3,9,0.328
3,9,0.39
3,9,0.096
3,9,0.808
3,9,0.53
3,9,0.709
3,9,0.148
3,9,0.198
3,9,0.146
3,10,0.128
3,10,0.448
3,10,0.35
3,10,0.174
3,10,0.911
3,10,1.035
3,10,0.089
3,10,0.054
3,10,0.787
3,10,0.707
3,10,0.526
3,10,0.428
3,10,0.635
3,10,0.77
3,10,1.018
3,10,1.18
3,10,0.066
3,10,0.782
3,10,0.088
3,10,0.66
3,10,0.829
3,10,0.071
3,10,0.176
3,10,0.569
3,10,0.482
3,10,0.892
3,10,0.17
3,10,1.47
3,10,0.053
3,10,1.132
3,11,0.843
3,11,0.08
3,11,0.175
3,11,1.439
3,11,0.533
3,11,1.368
3,11,0.599
3,11,0.607
3,11,0.637
3,11,0.037
3,11,0.502
3,11,0.806
3,11,0.082
3,11,0.272
3,11,0.794
3,11,0.827
3,11,0.922
3,11,0.039
3,11,0.12
3,11,0.55
3,11,0.411
3,11,0.125
3,11,0.196
3,11,0.479
3,11,0.192
3,11,0.445
3,11,1.407
3,12,1.042
3,12,0.717
3,12,0.212
3,12,0.935
3,12,1.285
3,12,0.568
3,12,1.604
3,12,0.12
3,12,1.246
3,12,0.085
3,12,0.852
3,12,0.753
3,12,0.951
3,12,0.664
3,12,0.348
3,12,0.668
3,12,0.529
3,12,0.487
3,12,0.475
3,12,0.116
3,12,0.152
3,13,0.085
3,13,0.487
3,13,0.157
3,13,0.59
3,13,0.599
3,13,0.464
3,13,0.281
3,13,0.082
3,13,0.138
3,13,0.682
3,13,0.159
3,13,0.703
3,13,0.112
3,13,0.632
3,13,0.163
3,13,0.407
3,13,0.792
3,13,0.391
3,13,1.309
3,13,0.342
3,13,0.108
3,13,0.3
3,13,1.215
3,13,1.213
3,13,0.203
3,14,1.198
3,14,0.318
3,14,0.486
3,14,0.692
3,14,1.053
3,14,0.124
3,14,0.112
3,14,0.363
3,14,1.008
3,14,0.537
3,14,0.904
3,14,0.836
3,14,0.085
3,14,0.105
3,14,0.055
3,14,0.288
3,14,0.621
3,14,0.057
3,14,1.334
3,14,0.256
3,14,1.152
3,14,0.489
3,15,0.924
3,15,0.133
3,15,0.699
3,15,0.426
3,15,1.103
3,15,0.378
3,15,1.262
3,15,0.135
3,15,0.411
3,15,0.74
3,15,0.042
3,15,0.036
3,15,0.112
3,15,0.954
3,15,0.033
3,15,0.038
3,15,0.068
3,15,0.156
3,15,2.04
3,15,0.127
3,15,0.094
3,15,0.348
3,15,0.454
3,15,0.146
3,15,0.118
3,15,0.153
3,15,0.887
3,15,0.861
3,15,0.09
3,15,0.525
3,16,1.283
3,16,0.148
3,16,0.715
3,16,1.032
3,16,0.158
3,16,0.127
3,16,0.382
3,16,0.904
3,16,0.424
3,16,0.074
3,16,0.048
3,16,0.174
3,16,0.97
3,16,0.008
3,16,0.471
3,16,0.012
3,16,0.356
3,16,0.382
3,16,0.451
3,16,0.094
3,16,0.313
3,16,0.018
3,16,1.055
3,16,0.614
3,16,1.003
3,16,0.046
3,17,0.784
3,17,0.841
3,17,0.872
3,17,0.166
3,17,1.066
3,17,0.064
3,17,1.231
3,17,0.443
3,17,1.385
3,17,0.557
3,17,0.125
3,17,0.671
3,17,0.335
3,17,0.032
3,17,0.28
3,17,0.279
3,17,0.047
3,17,0.84
3,17,0.071
3,17,0.718
3,18,0.581
3,18,0.211
3,18,0.072
3,18,0.07
3,18,0.325
3,18,0.721
3,18,0.308
3,18,0.699
3,18,0.322
3,18,0.643
3,18,0.217
3,18,0.962
3,18,1.054
3,18,0.521
3,18,0.577
3,18,0.315
3,18,1.29
3,18,1.585
3,18,1.017
3,18,0.221
3,19,0.695
3,19,0.355
3,19,0.029
3,19,0.437
3,19,0.605
3,19,0.463
3,19,0.787
3,19,0.132
3,19,0.627
3,19,0.279
3,19,0.274
3,19,0.635
3,19,0.06
3,19,0.432
3,19,0.897
3,19,1.322
3,19,0.131
3,19,0.404
3,19,1.24
3,19,0.202
3,19,0.655
3,19,0.243
3,19,1.177
3,19,0.099
3,19,1.606
3,19,0.124
3,19,0.202
3,19,0.457
3,20,0.046
3,20,0.484
3,20,0.751
3,20,0.097
3,20,0.536
3,20,0.736
3,20,0.353
3,20,0.106
3,20,0.378
3,20,1.192
3,20,1.044
3,20,0.337
3,20,0.04
3,20,0.242
3,20,0.316
3,20,0.814
3,20,0.056
3,21,0.168
3,21,0.962
3,21,0.075
3,21,0.298
3,21,1.247
3,21,0.16
3,21,0.078
3,21,1.088
3,21,0.162
3,21,1.612
3,21,0.225
3,21,0.061
3,21,0.424
3,21,0.682
3,21,0.106
3,21,0.964
3,21,2.216
3,21,0.974
3,21,0.128
3,21,0.218
3,21,0.686
3,21,0.019
3,21,0.459
3,22,0.613
3,22,0.676
3,22,1.154
3,22,1.5
3,22,1.688
3,22,0.466
3,22,0.098
3,22,1.28
3,22,0.597
3,22,0.098
3,22,0.153
3,22,0.008
3,22,0.703
3,22,0.023
3,22,0.154
3,22,0.213
3,22,0.697
3,22,0.042
3,22,0.239
3,22,2.436
3,22,1.415
3,22,0.097
3,23,0.658
3,23,0.466
3,23,0.685
3,23,0.28
3,23,0.05
3,23,1.185
3,23,0.054
3,23,0.823
3,23,0.019
3,23,0.636
3,23,0.13
3,23,0.289
3,23,0.38
3,23,0.112
3,23,1.111
3,23,0.081
3,23,1.176
3,23,0.261
3,23,1.102
3,23,0.817
3,23,0.061
3,23,0.451
3,23,0.769
3,23,0.046
3,23,0.047
3,23,0.613
3,23,0.135
3,23,0.084
3,23,0.049
3,23,0.261
3,24,0.097
3,24,0.563
3,24,0.1
3,24,0.833
3,24,0.486
3,24,0.174
3,24,0.335
3,24,0.049
3,24,0.016
3,24,0.204
3,24,0.184
3,24,0.438
3,24,0.068
3,24,1.288
3,24,0.027
3,24,0.505
3,24,0.036
3,24,0.364
3,24,0.423
3,24,0.616
3,24,0.395
3,24,0.8
3,24,0.031
3,24,1.04
3,24,0.092
3,24,0.121
3,25,0.633
3,25,1.199
3,25,0.079
3,25,0.071
3,25,0.029
3,25,0.238
3,25,1.61
3,25,0.435
3,25,0.509
3,25,0.086
3,25,0.094
3,25,0.146
3,25,0.557
3,25,0.867
3,25,0.183
3,25,0.052
3,25,1.303
3,25,0.068
3,25,0.278
3,25,0.614
3,25,0.436
3,25,0.058
3,25,1.512
3,26,0.035
3,26,0.207
3,26,0.105
3,26,0.053
3,26,0.969
3,26,0.011
3,26,0.929
3,26,0.389
3,26,0.324
3,26,1.04
3,26,0.111
3,26,1.056
3,26,0.079
3,26,1.078
3,26,0.742
3,26,0.035
3,26,0.777
3,26,0.046
3,26,0.184
3,26,0.337
3,26,0.537
3,27,0.102
3,27,0.599
3,27,1.189
3,27,0.081
3,27,0.759
3,27,0.059
3,27,0.854
3,27,0.938
3,27,0.196
3,27,0.51
3,27,0.119
3,27,1.297
3,27,1.885
3,27,0.171
3,27,1.074
3,27,0.098
3,27,0.415
3,27,0.075
3,27,0.029
3,27,0.838
3,28,0.1
3,28,0.114
3,28,0.996
3,28,1.051
3,28,0.277
3,28,0.566
3,28,0.034
3,28,0.054
3,28,0.202
3,28,0.944
3,28,0.096
3,28,0.692
3,28,0.407
3,28,0.905
3,28,0.098
3,28,0.546
3,28,0.08
3,28,0.023
3,28,0.582
3,29,0.092
3,29,0.408
3,29,1.401
3,29,0.098
3,29,0.097
3,29,0.011
3,29,0.467
3,29,1.045
3,29,1.097
3,29,1.357
3,29,1.114
3,29,0.439
3,29,0.039
3,29,1.381
3,29,0.133
3,29,0.608
3,29,0.071
3,29,0.103
3,29,0.03
3,29,0.104
3,29,0.384
3,29,0.518
3,29,0.015
3,29,0.74
3,30,0.035
3,30,0.335
3,30,0.617
3,30,0.112
3,30,0.022
3,30,0.117
3,30,1.218
3,30,0.05
3,30,0.656
3,30,1.106
3,30,0.454
3,30,0.078
3,30,0.85
3,30,0.405
3,30,0.999
3,30,1.58
3,30,1.079
3,30,0.249
3,30,0.097
3,30,0.365
3,30,0.226
3,30,0.444
3,30,0.096
3,30,0.021
4,1,0.827
4,1,1.038
4,1,1.658
4,1,1.321
4,1,1.407
4,1,1.554
4,1,1.271
4,1,1.521
4,1,1.085
4,1,0.626
4,1,1.085
4,1,0.662
4,1,1.394
4,1,0.786
4,1,1.161
4,1,1.211
4,1,0.959
4,1,1.171
4,1,1.255
4,1,0.885
4,1,1.21
4,1,1.046
4,1,0.915
4,1,1.36
4,1,1.305
4,1,1.008
4,1,1.278
4,1,1.338
4,1,0.746
4,1,2.026
4,1,1.273
4,1,1.321
4,1,1.283
4,1,0.659
4,1,1.56
4,1,0.524
4,1,1.141
4,1,1.47
4,1,1.1
4,1,1.611
4,1,0.741
4,1,0.808
4,1,1.015
4,1,1.252
4,1,0.984
4,1,1.604
4,1,1.091
4,1,1.163
4,1,2.225
4,1,1.369
4,1,1.466
4,1,1.234
4,1,0.975
4,1,1.381
4,1,1.769
4,1,1.672
4,1,1.588
4,1,0.905
4,1,1.615
4,1,1.044
4,1,0.902
4,2,0.64
4,2,1.568
4,2,0.978
4,2,0.376
4,2,0.824
4,2,0.838
4,2,0.665
4,2,0.963
4,2,0.631
4,2,0.727
4,2,1.358
4,2,0.912
4,2,0.539
4,2,1.086
4,2,0.864
4,2,1.2
4,2,0.858
4,2,1.394
4,2,0.718
4,2,1.183
4,2,1.269
4,2,1.39
4,2,0.982
4,2,1.056
4,2,0.615
4,2,1.025
4,2,1.249
4,2,1.027
4,2,1.168
4,2,0.283
4,2,1.123
4,2,0.735
4,2,1.103
4,2,1.142
4,2,1.452
4,2,1.021
4,2,1.385
4,2,0.274
4,2,0.247
4,2,0.476
4,2,1.371
4,2,0.938
4,2,1.727
4,2,1.406
4,2,0.974
4,2,0.752
4,2,1.262
4,2,1.539
4,2,1.303
4,2,0.158
4,3,0.698
4,3,0.477
4,3,0.43
4,3,0.122
4,3,0.546
4,3,0.543
4,3,0.862
4,3,0.334
4,3,1.426
4,3,0.697
4,3,0.721
4,3,1.215
4,3,0.427
4,3,0.986
4,3,1.154
4,3,1.224
4,3,1.268
4,3,1.269
4,3,0.616
4,3,0.732
4,3,1.155
4,3,1.268
4,3,0.634
4,3,1.058
4,3,1.184
4,3,0.835
4,3,0.693
4,3,0.958
4,3,0.146
4,3,0.546
4,3,0.7
4,3,1.278
4,3,0.311
4,3,1.035
4,3,0.897
4,3,1.152
4,3,1.328
4,3,0.53
4,3,1.222
4,3,0.848
4,3,1.168
4,3,0.133
4,3,0.315
4,3,0.922
4,4,0.756
4,4,0.828
4,4,0.506
4,4,1.27
4,4,0.358
4,4,0.651
4,4,0.24
4,4,0.026
4,4,0.76
4,4,1.012
4,4,0.693
4,4,1.04
4,4,1.025
4,4,0.191
4,4,1.166
4,4,1.16
4,4,1.103
4,4,0.048
4,4,0.106
4,4,0.983
4,4,1.659
4,4,0.571
4,4,0.528
4,4,1.471
4,4,0.06
4,4,0.448
4,4,0.466
4,4,0.571
4,4,0.848
4,4,0.584
4,4,2.095
4,4,0.273
4,4,0.922
4,4,1.907
4,4,1.714
4,4,0.55
4,4,0.681
4,4,0.952
4,4,1.168
4,5,0.543
4,5,0.084
4,5,0.768
4,5,1.307
4,5,0.062
4,5,0.883
4,5,0.718
4,5,1.083
4,5,0.588
4,5,0.882
4,5,0.337
4,5,0.805
4,5,0.601
4,5,1.311
4,5,0.1
4,5,0.942
4,5,1.263
4,5,0.954
4,5,0.694
4,5,0.663
4,5,1.09
4,5,0.88
4,5,0.033
4,5,1.081
4,5,1.501
4,5,0.803
4,5,0.922
4,5,1.257
4,5,0.014
4,5,0.349
4,5,0.154
4,5,0.652
4,5,0.809
4,5,0.996
4,5,1.202
4,5,1.196
4,5,0.194
4,5,0.863
4,5,0.75
4,5,0.656
4,5,0.132
4,6,2.002
4,6,0.022
4,6,1.195
4,6,0.495
4,6,0.26
4,6,0.356
4,6,0.885
4,6,0.039
4,6,1.295
4,6,0.487
4,6,0.89
4,6,0.708
4,6,0.472
4,6,0.16
4,6,0.095
4,6,0.677
4,6,0.019
4,6,0.624
4,6,0.382
4,6,0.033
4,6,0.956
4,6,0.805
4,6,0.777
4,6,0.863
4,6,0.582
4,6,0.298
4,6,0.435
4,6,0.905
4,6,1.037
4,6,0.896
4,6,1.258
4,6,0.722
4,6,0.466
4,6,0.017
4,6,0.452
4,6,0.014
4,6,1.184
4,6,0.168
4,6,0.571
4,6,0.359
4,7,0.371
4,7,1.035
4,7,0.86
4,7,0.782
4,7,0.031
4,7,0.855
4,7,1.383
4,7,1.102
4,7,1.404
4,7,0.319
4,7,0.136
4,7,0.713
4,7,0.659
4,7,0.288
4,7,0.533
4,7,0.783
4,7,0.065
4,7,0.063
4,7,0.624
4,7,0.407
4,7,0.848
4,7,0.645
4,7,0.043
4,7,0.687
4,7,0.243
4,7,0.088
4,7,0.291
4,7,0.099
4,7,1.391
4,7,0.461
4,8,0.795
4,8,0.442
4,8,0.165
4,8,0.921
4,8,1.496
4,8,0.24
4,8,0.769
4,8,0.475
4,8,0.046
4,8,0.765
4,8,0.203
4,8,0.578
4,8,0.592
4,8,0.606
4,8,0.034
4,8,0.636
4,8,1.038
4,8,0.905
4,8,0.656
4,8,0.189
4,8,0.29
4,8,1.051
4,8,0.938
4,8,1.616
4,8,0.396
4,8,0.862
4,8,0.502
4,8,0.257
4,9,0.014
4,9,1.16
4,9,0.562
4,9,0.931
4,9,0.449
4,9,1.44
4,9,0.361
4,9,0.813
4,9,0.607
4,9,0.277
4,9,0.165
4,9,1.247
4,9,0.926
4,9,0.012
4,9,0.008
4,9,0.031
4,9,1.118
4,9,0.391
4,9,0.358
4,9,0.9
4,9,0.611
4,9,0.479
4,9,0.262
4,9,0.128
4,9,0.62
4,10,0.298
4,10,0.051
4,10,1.202
4,10,0.311
4,10,0.33
4,10,0.563
4,10,0.527
4,10,0.055
4,10,0.285
4,10,0.69
4,10,0.038
4,10,0.81
4,10,0.03
4,10,0.104
4,10,0.901
4,10,0.178
4,10,0.509
4,10,0.792
4,10,0.309
4,10,1.062
4,10,1.095
4,10,0.456
4,10,0.362
4,10,0.591
4,10,0.154
4,10,0.525
4,10,0.565
4,10,0.363
4,10,0.225
4,11,0.017
4,11,0.095
4,11,0.786
4,11,0.02
4,11,0.574
4,11,0.873
4,11,0.945
4,11,1.316
4,11,0.02
4,11,0.246
4,11,0.175
4,11,0.546
4,11,0.45
4,11,0.019
4,11,0.02
4,11,0.019
4,11,1.016
4,11,0.013
4,11,0.579
4,11,0.105
4,11,0.011
4,11,0.932
4,11,0.134
4,11,0.848
4,11,0.464
4,11,0.353
4,11,1.138
4,11,0.734
4,11,0.665
4,11,0.279
4,11,0.328
4,11,0.009
4,11,0.869
4,11,0.552
4,11,0.189
4,11,0.394
4,11,0.387
4,11,0.621
4,11,0.372
4,12,1.221
4,12,0.455
4,12,0.319
4,12,1.191
4,12,0.433
4,12,0.193
4,12,0.734
4,12,0.067
4,12,0.476
4,12,0.077
4,12,0.527
4,12,0.271
4,12,0.863
4,12,0.756
4,12,0.119
4,12,0.054
4,12,0.299
4,12,0.751
4,12,1.018
4,12,0.234
4,12,0.7
4,12,0.028
4,12,0.291
4,12,0.515
4,12,0.103
4,13,0.437
4,13,0.654
4,13,0.802
4,13,0.41
4,13,0.012
4,13,0.609
4,13,0.867
4,13,0.856
4,13,0.276
4,13,1.785
4,13,0.84
4,13,0.396
4,13,0.336
4,13,0.025
4,13,0.251
4,13,0.064
4,13,0.099
4,13,0.838
4,13,0.105
4,13,0.012
4,13,0.01
4,13,0.29
4,13,0.143
4,13,0.52
4,13,0.086
4,13,0.475
4,13,0.161
4,13,0.368
4,13,0.801
4,13,0.383
4,14,0.644
4,14,0.655
4,14,0.538
4,14,0.101
4,14,0.2
4,14,0.506
4,14,0.457
4,14,0.277
4,14,0.054
4,14,0.037
4,14,0.491
4,14,0.951
4,14,0.393
4,14,0.336
4,14,0.984
4,14,0.508
4,14,0.119
4,14,0.581
4,14,1.722
4,14,0.436
4,14,0.381
4,14,0.056
4,14,0.142
4,14,0.161
4,14,0.011
4,14,0.363
4,14,0.149
4,14,0.161
4,15,0.678
4,15,0.549
4,15,0.416
4,15,0.435
4,15,0.204
4,15,0.018
4,15,0.085
4,15,0.004
4,15,0.905
4,15,1.04
4,15,0.085
4,15,0.039
4,15,0.019
4,15,0.151
4,15,0.149
4,15,0.671
4,15,0.859
4,15,0.021
4,15,0.86
4,15,1.33
4,15,0.929
4,15,1.156
4,16,0.812
4,16,0.374
4,16,0.051
4,16,0.653
4,16,0.566
4,16,0.501
4,16,0.526
4,16,0.059
4,16,0.059
4,16,0.247
4,16,0.56
4,16,0.041
4,16,0.016
4,16,0.316
4,16,0.906
4,16,0.526
4,16,0.496
4,16,0.435
4,16,0.471
4,16,0.409
4,16,0.47
4,17,0.009
4,17,0.45
4,17,0.153
4,17,0.507
4,17,0.079
4,17,0.901
4,17,0.842
4,17,1.433
4,17,0.249
4,17,0.28
4,17,0.372
4,17,1.035
4,17,0.068
4,17,0.04
4,17,1.464
4,17,1.337
4,17,0.29
4,17,0.346
4,17,0.548
4,17,0.04
4,17,0.376
4,17,1.786
4,17,0.676
4,18,0.388
4,18,1.495
4,18,0.026
4,18,0.465
4,18,1.345
4,18,0.135
4,18,0.967
4,18,0.902
4,18,0.129
4,18,0.368
4,18,1.128
4,18,0.559
4,18,0.65
4,18,0.496
4,18,0.768
4,19,0.526
4,19,1.245
4,19,0.162
4,19,0.054
4,19,0.097
4,19,1.292
4,19,1.086
4,19,0.972
4,19,0.746
4,19,0.673
4,19,0.395
4,19,0.228
4,19,0.05
4,19,0.391
4,19,0.046
4,19,0.349
4,19,0.031
4,19,0.617
4,19,0.043
4,20,0.513
4,20,0.022
4,20,1.236
4,20,1.556
4,20,0.61
4,20,0.016
4,20,0.426
4,20,0.917
4,20,0.683
4,20,0.222
4,20,0.026
4,20,0.105
4,20,0.279
4,20,0.361
4,20,0.056
4,20,0.014
4,20,0.022
4,20,0.733
4,20,0.566
4,21,0.1
4,21,0.809
4,21,0.337
4,21,0.258
4,21,0.062
4,21,0.599
4,21,1.061
4,21,0.144
4,21,0.138
4,21,0.155
4,21,0.695
4,21,0.429
4,21,0.547
4,21,0.07
4,21,0.08
4,21,0.593
4,21,0.66
4,21,0.539
4,21,0.251
4,21,0.193
4,21,0.014
4,21,0.073
4,21,0.42
4,21,0.266
4,21,0.59
4,22,0.03
4,22,0.053
4,22,1.289
4,22,0.13
4,22,0.126
4,22,0.083
4,22,0.645
4,22,0.509
4,22,0.031
4,22,0.013
4,22,0.208
4,22,0.524
4,22,0.946
4,22,0.143
4,22,0.125
4,22,0.076
4,22,0.272
4,22,0.43
4,22,0.632
4,22,1.256
4,22,0.127
4,23,0.881
4,23,0.296
4,23,0.539
4,23,0.717
4,23,0.261
4,23,0.775
4,23,0.411
4,23,0.051
4,23,0.04
4,23,0.169
4,23,0.466
4,23,0.476
4,23,0.244
4,23,0.112
4,23,0.406
4,24,0.087
4,24,0.054
4,24,0.127
4,24,1.229
4,24,0.075
4,24,0.116
4,24,0.392
4,24,0.411
4,24,0.544
4,24,0.263
4,24,0.261
4,24,0.374
4,24,0.072
4,24,0.546
4,24,0.298
4,24,0.044
4,25,0.129
4,25,1.6
4,25,0.534
4,25,0.491
4,25,0.464
4,25,0.92
4,25,0.852
4,25,0.608
4,25,0.816
4,25,0.086
4,25,0.69
4,25,0.576
4,25,0.084
4,26,0.462
4,26,0.504
4,26,0.17
4,26,0.28
4,26,0.063
4,26,0.486
4,26,0.205
4,26,0.24
4,26,0.06
4,26,0.348
4,26,0.264
4,26,0.116
4,26,0.09
4,27,0.161
4,27,0.504
4,27,0.102
4,27,0.127
4,27,0.651
4,27,0.048
4,27,0.073
4,27,1.225
4,27,0.032
4,27,0.053
4,27,0.207
4,27,0.406
4,27,1.575
4,27,0.102
4,27,0.16
4,27,0.374
4,27,0.049
4,27,0.736
4,27,0.375
4,27,0.119
4,28,0.462
4,28,0.484
4,28,0.123
4,28,0.367
4,28,0.408
4,28,0.084
4,28,1.051
4,28,0.762
4,28,0.464
4,28,0.1
4,28,0.027
4,28,0.031
4,28,0.041
4,28,0.028
4,28,0.019
4,28,0.088
4,28,0.813
4,28,0.514
4,28,0.248
4,28,2.011
4,28,0.086
4,28,0.97
4,28,1.083
4,28,0.588
4,28,0.033
4,28,0.042
4,28,0.031
4,29,0.862
4,29,0.494
4,29,0.456
4,29,0.474
4,29,0.453
4,29,0.896
4,29,0.065
4,29,0.413
4,29,0.227
4,29,0.045
4,29,0.058
4,29,1.241
4,29,0.064
4,29,0.141
4,29,0.067
4,29,0.012
4,29,0.428
4,29,0.231
4,29,0.089
4,29,0.51
4,29,0.017
4,29,0.597
4,29,0.534
4,29,0.141
4,29,1.791
4,30,0.365
4,30,0.343
4,30,0.256
4,30,0.098
4,30,0.479
4,30,0.06
4,30,0.129
4,30,1
4,30,0.082
4,30,0.058
4,30,0.292
4,30,0.056
4,30,0.286
4,30,2.979
4,30,0.098
4,30,0.01
4,30,0.143
4,30,0.408
4,30,0.362
4,30,0.116
4,30,0.134
4,30,0.207
4,30,0.35
4,30,0.068
4,30,0.045
5,1,0.479
5,1,0.978
5,1,0.668
5,1,1.616
5,1,1.51
5,1,0.706
5,1,1.613
5,1,1.207
5,1,1.14
5,1,1.331
5,1,0.468
5,1,1.044
5,1,1.168
5,1,1.922
5,1,2.364
5,1,1.435
5,1,1.003
5,1,1.176
5,1,1.134
5,1,1.849
5,1,1.216
5,1,0.04
5,1,0.83
5,1,1.782
5,1,1.238
5,1,0.103
5,1,0.947
5,1,0.846
5,1,1.073
5,1,0.508
5,1,1.467
5,1,1.617
5,1,1.413
5,1,1.072
5,1,1.599
5,1,0.784
5,1,1.097
5,1,1.107
5,1,1.809
5,1,0.623
5,2,0.165
5,2,1.024
5,2,1.001
5,2,0.825
5,2,1.211
5,2,1.08
5,2,1.031
5,2,1.147
5,2,0.114
5,2,1.131
5,2,0.73
5,2,0.435
5,2,0.921
5,2,0.819
5,2,0.599
5,2,0.379
5,2,1.284
5,2,1.482
5,2,1.082
5,2,0.698
5,2,1.244
5,2,0.614
5,2,0.217
5,2,1.601
5,2,0.8
5,2,1.078
5,2,1.232
5,2,0.47
5,2,0.944
5,2,0.799
5,2,1.392
5,2,0.171
5,2,0.585
5,2,0.732
5,2,0.085
5,2,0.893
5,2,0.681
5,2,0.92
5,3,1.305
5,3,0.779
5,3,0.934
5,3,1.045
5,3,1.251
5,3,1.495
5,3,1.289
5,3,1.467
5,3,0.487
5,3,0.482
5,3,1.275
5,3,1.081
5,3,0.989
5,3,0.999
5,3,0.739
5,3,1.053
5,3,0.156
5,3,1.358
5,3,1.065
5,3,1.785
5,3,1.391
5,3,1.029
5,3,0.034
5,3,1.328
5,3,0.635
5,3,1.202
5,3,0.091
5,3,1.034
5,3,1.317
5,3,1.541
5,3,0.598
5,3,1.111
5,3,0.592
5,3,0.043
5,3,0.282
5,3,0.501
5,3,1.093
5,4,1.296
5,4,0.762
5,4,1.462
5,4,0.615
5,4,0.327
5,4,0.536
5,4,0.7
5,4,0.014
5,4,0.109
5,4,1.243
5,4,1.133
5,4,0.09
5,4,1.14
5,4,0.093
5,4,0.958
5,4,0.879
5,4,0.621
5,4,0.071
5,4,1.193
5,4,0.6
5,4,0.877
5,4,0.556
5,4,0.158
5,4,0.056
5,4,1.078
5,4,0.85
5,4,0.653
5,4,0.105
5,4,0.237
5,5,1.367
5,5,0.573
5,5,1.176
5,5,0.744
5,5,0.593
5,5,0.691
5,5,0.574
5,5,0.751
5,5,1.463
5,5,1.065
5,5,0.97
5,5,1.311
5,5,1.632
5,5,0.257
5,5,0.02
5,5,0.638
5,5,0.079
5,5,0.119
5,5,0.018
5,5,0.79
5,5,0.53
5,5,0.609
5,5,1.345
5,5,0.038
5,5,0.38
5,5,1.189
5,5,1.438
5,5,0.985
5,5,0.238
5,5,0.024
5,5,0.688
5,5,1.004
5,5,0.777
5,5,1.412
5,5,0.073
5,5,0.195
5,6,0.402
5,6,0.939
5,6,0.902
5,6,0.669
5,6,0.729
5,6,0.135
5,6,0.007
5,6,1.086
5,6,0.629
5,6,0.068
5,6,0.093
5,6,0.582
5,6,0.766
5,6,0.442
5,6,0.174
5,6,0.92
5,6,0.283
5,6,0.049
5,6,0.886
5,6,0.07
5,6,0.747
5,6,1.079
5,6,0.018
5,6,0.76
5,6,0.461
5,6,0.093
5,6,0.952
5,6,0.015
5,6,1.227
5,6,0.536
5,6,0.635
5,6,1.152
5,6,0.64
5,6,0.565
5,7,0.54
5,7,1.534
5,7,0.692
5,7,0.051
5,7,0.255
5,7,0.632
5,7,0.906
5,7,0.849
5,7,0.016
5,7,0.95
5,7,0.012
5,7,0.083
5,7,0.484
5,7,0.716
5,7,1.717
5,7,0.274
5,7,0.368
5,7,0.977
5,7,0.312
5,7,1.447
5,7,0.073
5,7,0.107
5,7,0.01
5,7,1.266
5,7,1.085
5,7,0.06
5,7,0.048
5,7,0.017
5,7,0.276
5,7,0.456
5,7,0.859
5,7,0.64
5,8,0.49
5,8,0.79
5,8,0.758
5,8,0.052
5,8,0.884
5,8,1.227
5,8,5.205
5,8,0.277
5,8,1.375
5,8,1.187
5,8,0.209
5,8,0.647
5,8,1.161
5,8,0.415
5,8,0.009
5,8,0.3
5,8,0.287
5,8,0.538
5,8,0.116
5,8,0.989
5,8,0.09
5,8,0.094
5,8,0.778
5,8,0.787
5,8,0.711
5,8,0.47
5,8,0.521
5,8,0.027
5,8,0.523
5,8,0.913
5,8,0.016
5,8,0.535
5,8,0.874
5,8,0.32
5,9,0.099
5,9,0.828
5,9,0.696
5,9,0.703
5,9,1.122
5,9,0.919
5,9,0.706
5,9,0.022
5,9,0.848
5,9,0.106
5,9,0.517
5,9,1.226
5,9,0.331
5,9,1.218
5,9,0.34
5,9,0.007
5,9,0.042
5,9,1.062
5,9,0.17
5,9,0.411
5,9,0.557
5,9,0.111
5,9,0.168
5,9,0.605
5,9,0.226
5,9,0.167
5,9,0.013
5,10,0.644
5,10,0.855
5,10,0.357
5,10,1.323
5,10,0.183
5,10,0.183
5,10,0.395
5,10,0.145
5,10,1.119
5,10,0.938
5,10,1.378
5,10,1.009
5,10,0.103
5,10,0.143
5,10,0.169
5,10,0.984
5,10,0.054
5,10,0.205
5,10,0.305
5,10,0.355
5,10,0.165
5,10,0.543
5,10,1.442
5,10,0.577
5,10,0.02
5,10,0.031
5,10,0.43
5,10,0.039
5,10,1.769
5,11,1.34
5,11,0.389
5,11,0.564
5,11,0.287
5,11,1.31
5,11,0.474
5,11,1.775
5,11,0.414
5,11,0.263
5,11,0.008
5,11,0.852
5,11,0.114
5,11,0.318
5,11,0.721
5,11,0.135
5,11,0.766
5,11,0.546
5,11,0.109
5,11,0.789
5,11,0.025
5,11,0.009
5,11,0.029
5,11,0.042
5,11,0.104
5,11,0.204
5,11,0.131
5,11,1.178
5,11,0.043
5,11,0.074
5,11,0.089
5,11,0.068
5,12,0.223
5,12,0.415
5,12,0.274
5,12,0.013
5,12,0.051
5,12,0.168
5,12,0.023
5,12,0.046
5,12,0.126
5,12,0.693
5,12,0.41
5,12,0.862
5,12,0.017
5,12,0.027
5,12,1.047
5,12,0.038
5,12,0.387
5,12,0.352
5,12,1.56
5,12,0.617
5,12,1.155
5,12,0.036
5,12,1.02
5,12,0.028
5,12,0.02
5,12,0.1
5,12,0.62
5,12,0.916
5,12,0.104
5,12,1.712
5,13,1.126
5,13,0.796
5,13,0.485
5,13,0.009
5,13,0.103
5,13,0.012
5,13,0.185
5,13,0.036
5,13,0.365
5,13,0.065
5,13,0.983
5,13,0.983
5,13,0.597
5,13,0.093
5,13,0.659
5,13,0.09
5,13,1.727
5,13,0.36
5,13,0.557
5,13,1.483
5,13,1.575
5,13,0.428
5,13,0.673
5,13,0.457
5,13,0.638
5,13,0.038
5,13,0.301
5,13,0.01
5,13,0.271
5,13,0.127
5,13,0.009
5,13,0.984
5,14,0.804
5,14,0.567
5,14,0.35
5,14,1.693
5,14,0.437
5,14,1.037
5,14,0.548
5,14,0.173
5,14,0.259
5,14,0.013
5,14,0.907
5,14,0.718
5,14,1.513
5,14,0.098
5,14,0.144
5,14,0.575
5,14,0.15
5,14,0.687
5,14,0.368
5,15,1.028
5,15,0.309
5,15,1.043
5,15,0.716
5,15,0.525
5,15,0.064
5,15,0.806
5,15,0.184
5,15,1.18
5,15,0.982
5,15,0.615
5,15,0.472
5,15,1.404
5,15,0.034
5,15,0.028
5,15,0.236
5,15,0.057
5,15,1.775
5,15,0.113
5,15,0.902
5,15,0.536
5,15,0.036
5,15,0.703
5,15,1.157
5,15,0.092
5,16,0.626
5,16,0.56
5,16,0.031
5,16,0.022
5,16,0.011
5,16,0.107
5,16,0.011
5,16,0.397
5,16,0.106
5,16,1.283
5,16,0.276
5,16,1.386
5,16,0.094
5,16,0.882
5,16,0.073
5,16,0.294
5,16,0.623
5,16,1.536
5,16,0.034
5,16,0.798
5,16,0.035
5,16,0.767
5,16,0.727
5,16,0.011
5,16,0.014
5,16,0.546
5,17,0.438
5,17,0.688
5,17,0.131
5,17,0.132
5,17,0.665
5,17,0.038
5,17,0.692
5,17,0.097
5,17,0.798
5,17,0.329
5,17,0.012
5,17,0.023
5,17,0.684
5,17,0.513
5,17,0.759
5,17,0.58
5,17,1.399
5,17,0.099
5,17,0.015
5,17,0.014
5,17,1.469
5,17,0.467
5,17,0.801
5,17,0.299
5,17,0.034
5,17,0.114
5,17,0.642
5,17,0.282
5,17,0.889
5,17,0.066
5,18,0.085
5,18,0.053
5,18,0.544
5,18,1.086
5,18,0.118
5,18,1.594
5,18,0.039
5,18,0.341
5,18,2.533
5,18,0.05
5,18,1.362
5,18,0.017
5,18,1.173
5,18,0.971
5,18,0.276
5,18,1.125
5,18,0.856
5,18,2.136
5,18,0.125
5,18,0.344
5,18,1.044
5,18,0.128
5,18,0.043
5,19,1.253
5,19,0.132
5,19,0.034
5,19,0.388
5,19,0.546
5,19,0.041
5,19,0.056
5,19,0.011
5,19,0.453
5,19,0.017
5,19,0.709
5,19,0.061
5,19,0.529
5,19,0.103
5,19,1.76
5,19,0.318
5,19,1.062
5,19,0.231
5,19,0.417
5,19,0.292
5,19,0.08
5,19,1.557
5,19,0.119
5,19,0.177
5,19,0.553
5,19,0.116
5,19,0.039
5,19,1.021
5,19,0.009
5,19,0.427
5,19,0.075
5,19,0.975
5,20,0.611
5,20,0.03
5,20,0.856
5,20,0.444
5,20,0.096
5,20,1.925
5,20,0.629
5,20,0.425
5,20,1.067
5,20,0.61
5,20,0.603
5,20,0.147
5,20,1.511
5,20,1.262
5,20,1.432
5,20,0.576
5,20,0.672
5,20,0.28
5,20,0.04
5,20,0.026
5,20,0.05
5,20,0.088
5,20,0.507
5,20,0.014
5,20,1.288
5,20,0.011
5,20,0.105
5,20,0.628
5,21,0.878
5,21,0.516
5,21,2.501
5,21,0.319
5,21,0.828
5,21,0.993
5,21,0.617
5,21,0.387
5,21,0.088
5,21,0.387
5,21,0.26
5,21,0.026
5,21,0.825
5,21,0.023
5,21,0.768
5,21,0.7
5,21,0.021
5,21,1.151
5,21,0.43
5,21,0.083
5,21,1.252
5,21,0.02
5,21,0.681
5,21,0.017
5,21,0.012
5,22,0.223
5,22,0.911
5,22,0.725
5,22,0.022
5,22,0.018
5,22,0.573
5,22,0.163
5,22,0.027
5,22,0.21
5,22,0.034
5,22,0.128
5,22,0.018
5,22,0.025
5,22,0.039
5,22,1.045
5,22,0.741
5,22,0.23
5,22,0.072
5,22,0.008
5,22,0.149
5,22,0.009
5,22,0.027
5,23,0.011
5,23,0.357
5,23,0.746
5,23,0.633
5,23,0.376
5,23,1.474
5,23,0.014
5,23,0.727
5,23,0.462
5,23,0.35
5,23,0.029
5,23,0.059
5,23,0.062
5,23,2.352
5,23,0.052
5,23,0.73
5,23,0.804
5,23,0.417
5,23,0.093
5,23,0.379
5,23,0.408
5,23,0.025
5,23,0.172
5,23,0.015
5,23,0.164
5,23,0.015
5,23,0.22
5,23,0.973
5,23,0.688
5,24,0.449
5,24,0.023
5,24,0.652
5,24,0.024
5,24,0.459
5,24,0.039
5,24,0.062
5,24,0.939
5,24,0.274
5,24,0.051
5,24,1.348
5,24,0.413
5,24,0.487
5,24,0.109
5,24,0.019
5,24,0.091
5,24,1.022
5,24,0.049
5,24,0.033
5,24,0.053
5,24,0.518
5,24,0.307
5,24,0.122
5,24,1.418
5,24,0.387
5,24,0.588
5,24,0.124
5,25,0.324
5,25,0.693
5,25,0.037
5,25,0.624
5,25,0.626
5,25,1.192
5,25,0.86
5,25,0.528
5,25,0.093
5,25,0.386
5,25,0.5
5,25,0.028
5,25,0.685
5,25,0.06
5,25,0.084
5,25,0.09
5,25,0.006
5,25,0.168
5,25,0.382
5,25,0.055
5,25,0.02
5,26,0.02
5,26,0.015
5,26,0.01
5,26,1.075
5,26,0.917
5,26,0.045
5,26,0.026
5,26,0.911
5,26,1.013
5,26,0.134
5,26,0.008
5,26,0.014
5,26,0.627
5,26,0.323
5,26,1.602
5,26,0.04
5,26,0.024
5,26,0.072
5,26,0.471
5,26,1.043
5,26,0.422
5,26,1.392
5,26,0.078
5,26,0.051
5,26,0.039
5,26,0.028
5,26,0.022
5,26,0.507
5,27,0.057
5,27,0.343
5,27,0.049
5,27,1.102
5,27,0.234
5,27,0.884
5,27,0.736
5,27,0.042
5,27,0.053
5,27,1.694
5,27,0.271
5,27,0.052
5,27,1.006
5,27,0.435
5,27,0.12
5,27,0.011
5,27,0.617
5,27,0.343
5,27,0.114
5,27,0.017
5,27,1.646
5,27,0.036
5,27,0.051
5,28,1.037
5,28,0.842
5,28,0.239
5,28,0.078
5,28,0.017
5,28,0.795
5,28,0.693
5,28,0.056
5,28,0.034
5,28,0.064
5,28,0.171
5,28,0.12
5,28,0.014
5,28,0.06
5,28,0.76
5,28,1.15
5,28,0.645
5,28,0.012
5,28,0.139
5,28,0.284
5,28,0.179
5,28,0.012
5,29,0.109
5,29,0.171
5,29,0.823
5,29,0.6
5,29,0.179
5,29,0.12
5,29,0.247
5,29,0.032
5,29,0.006
5,29,1.786
5,29,0.027
5,29,0.016
5,29,0.085
5,29,0.047
5,29,0.029
5,29,0.5
5,29,0.315
5,29,0.854
5,29,0.457
5,29,1.541
5,29,0.074
5,29,1.694
5,29,0.048
5,29,0.496
5,29,0.459
5,29,0.485
5,29,0.252
5,29,0.008
5,30,0.304
5,30,0.703
5,30,0.836
5,30,0.02
5,30,0.649
5,30,0.037
5,30,0.092
5,30,0.748
5,30,0.344
5,30,0.058
5,30,0.009
5,30,0.044
5,30,0.141
5,30,0.544
5,30,0.085
5,30,0.067
5,30,0.542
5,30,1.377
5,30,0.016
5,30,0.017
5,30,0.024
5,30,0.737
5,30,0.153
5,30,0.024
5,30,1.583
5,30,0.022
5,30,0.018
5,30,0.148
