1,1,0.443
1,1,1.083
1,1,0.416
1,1,0.815
1,1,0.788
1,1,2.074
1,1,1.007
1,1,0.893
1,1,1.482
1,1,1.146
1,1,0.439
1,1,0.68
1,1,0.752
1,1,2.013
1,1,1.335
1,1,1.242
1,1,0.031
1,1,0.938
1,1,0.435
1,1,1.332
1,1,1.785
1,1,0.458
1,1,1.21
1,1,0.773
1,1,1.245
1,1,0.091
1,1,2.559
1,1,0.692
1,1,0.614
1,1,1.35
1,1,0.188
1,1,0.887
1,1,0.603
1,1,0.746
1,1,1.038
1,1,0.228
1,1,0.956
1,1,1.177
1,1,0.637
1,1,0.69
1,1,1.612
1,2,0.679
1,2,0.756
1,2,0.513
1,2,0.435
1,2,0.514
1,2,0.597
1,2,1.091
1,2,0.791
1,2,0.922
1,2,0.829
1,2,0.827
1,2,0.702
1,2,0.8
1,2,1.355
1,2,1.026
1,2,1.86
1,2,1.076
1,2,1.44
1,2,0.58
1,2,1.854
1,2,0.912
1,2,0.743
1,2,0.254
1,2,1.368
1,2,1.396
1,2,1.089
1,2,0.605
1,2,0.886
1,2,0.782
1,2,1.347
1,2,0.24
1,2,0.961
1,2,0.86
1,2,0.113
1,2,0.212
1,2,0.859
1,3,0.271
1,3,0.524
1,3,1.365
1,3,0.676
1,3,0.874
1,3,0.725
1,3,1.339
1,3,0.475
1,3,0.841
1,3,0.189
1,3,0.355
1,3,1.094
1,3,0.591
1,3,0.125
1,3,1.674
1,3,1.313
1,3,0.884
1,3,0.799
1,3,0.863
1,3,0.827
1,3,1.41
1,3,0.496
1,3,0.884
1,3,1.016
1,3,0.746
1,3,1.149
1,3,0.113
1,3,1.077
1,4,1.045
1,4,0.781
1,4,0.077
1,4,0.344
1,4,0.532
1,4,0.384
1,4,0.84
1,4,0.099
1,4,0.848
1,4,1.103
1,4,0.629
1,4,0.851
1,4,0.3
1,4,0.523
1,4,0.067
1,4,0.813
1,4,0.302
1,4,0.665
1,4,0.964
1,4,0.929
1,4,0.538
1,4,1.28
1,4,0.276
1,4,1.187
1,4,0.07
1,4,0.26
1,4,0.584
1,4,0.551
1,4,1.251
1,4,1.279
1,4,0.329
1,5,0.417
1,5,0.754
1,5,0.074
1,5,0.222
1,5,1.091
1,5,0.691
1,5,0.97
1,5,0.915
1,5,1.101
1,5,0.257
1,5,0.186
1,5,0.392
1,5,1.253
1,5,0.243
1,5,0.964
1,5,0.917
1,5,0.721
1,5,0.248
1,5,0.226
1,5,0.541
1,5,0.508
1,5,0.135
1,5,0.488
1,5,0.131
1,5,0.107
1,5,0.181
1,5,0.821
1,5,0.677
1,5,0.829
1,5,0.173
1,6,0.865
1,6,0.517
1,6,0.663
1,6,0.549
1,6,0.47
1,6,0.425
1,6,0.843
1,6,0.724
1,6,0.519
1,6,0.83
1,6,0.608
1,6,0.472
1,6,0.877
1,6,0.082
1,6,0.16
1,6,0.082
1,6,0.66
1,6,0.801
1,6,0.576
1,6,1.028
1,6,0.317
1,6,0.361
1,6,0.571
1,6,0.65
1,6,0.484
1,6,0.72
1,6,1.419
1,6,1.34
1,6,0.055
1,6,0.241
1,6,1.174
1,6,0.396
1,6,0.908
1,7,0.666
1,7,0.755
1,7,0.58
1,7,0.509
1,7,0.469
1,7,0.799
1,7,1.114
1,7,0.782
1,7,0.1
1,7,0.255
1,7,1.023
1,7,0.822
1,7,1.086
1,7,0.148
1,7,0.073
1,7,0.344
1,7,0.915
1,7,1.303
1,7,0.355
1,7,0.476
1,7,0.668
1,7,0.041
1,7,1.04
1,7,0.451
1,7,0.093
1,8,0.075
1,8,0.61
1,8,0.787
1,8,0.866
1,8,0.659
1,8,1.063
1,8,0.038
1,8,0.777
1,8,0.634
1,8,0.37
1,8,0.317
1,8,0.734
1,8,0.672
1,8,0.78
1,8,0.057
1,8,0.498
1,8,0.715
1,8,0.911
1,8,0.085
1,8,0.348
1,8,0.212
1,8,0.959
1,8,0.888
1,8,0.587
1,9,0.854
1,9,0.712
1,9,0.189
1,9,0.099
1,9,0.149
1,9,0.233
1,9,0.454
1,9,0.703
1,9,0.906
1,9,0.537
1,9,0.727
1,9,1.274
1,9,0.807
1,9,0.29
1,9,0.878
1,9,1.223
1,9,0.934
1,9,0.713
1,9,0.175
1,9,0.661
1,9,1.323
1,9,0.802
1,9,0.556
1,9,1.062
1,9,0.336
1,9,1.149
1,9,0.525
1,9,0.3
1,10,0.505
1,10,0.637
1,10,0.057
1,10,0.13
1,10,0.466
1,10,0.249
1,10,0.842
1,10,0.642
1,10,1.225
1,10,0.068
1,10,0.858
1,10,0.249
1,10,0.339
1,10,0.508
1,10,0.05
1,10,0.616
1,10,0.683
1,10,0.662
1,10,1.238
1,10,0.508
1,10,0.425
1,10,0.766
1,10,0.17
1,10,0.36
1,10,0.963
1,10,0.402
1,10,0.834
1,10,0.084
1,11,0.868
1,11,0.075
1,11,0.656
1,11,0.622
1,11,0.088
1,11,0.888
1,11,0.783
1,11,0.259
1,11,0.959
1,11,0.666
1,11,0.235
1,11,0.096
1,11,1.15
1,11,0.058
1,11,0.885
1,11,0.029
1,11,0.832
1,11,1.17
1,11,0.049
1,11,0.927
1,11,0.242
1,11,0.407
1,11,1.086
1,11,1.512
1,11,0.534
1,11,0.082
1,11,0.365
1,11,0.066
1,11,0.569
1,12,0.972
1,12,0.84
1,12,0.722
1,12,0.594
1,12,0.069
1,12,1.009
1,12,1.586
1,12,0.572
1,12,0.497
1,12,0.673
1,12,0.64
1,12,0.824
1,12,0.035
1,12,0.113
1,12,0.26
1,12,0.747
1,12,0.3
1,12,0.551
1,12,0.639
1,12,0.665
1,12,1.31
1,12,0.92
1,12,0.857
1,12,0.549
1,12,1.073
1,12,0.274
1,12,0.05
1,12,0.516
1,12,0.392
1,12,0.792
1,12,0.954
1,12,1.539
1,13,0.114
1,13,0.537
1,13,0.743
1,13,0.628
1,13,0.649
1,13,0.604
1,13,0.441
1,13,0.421
1,13,0.6
1,13,0.648
1,13,0.79
1,13,1.12
1,13,0.052
1,13,0.166
1,13,0.189
1,13,0.571
1,13,0.024
1,13,1.568
1,13,0.75
1,13,0.083
1,13,0.39
1,13,0.165
1,13,0.03
1,13,0.791
1,13,0.293
1,14,0.609
1,14,0.049
1,14,0.577
1,14,0.079
1,14,1.183
1,14,0.243
1,14,0.827
1,14,0.284
1,14,0.918
1,14,0.07
1,14,0.591
1,14,0.041
1,14,0.083
1,14,0.552
1,14,0.175
1,14,0.601
1,14,1.832
1,14,0.299
1,14,0.484
1,14,0.267
1,14,0.718
1,14,0.256
1,14,0.226
1,15,0.483
1,15,0.061
1,15,0.674
1,15,0.648
1,15,0.403
1,15,0.906
1,15,0.575
1,15,0.041
1,15,1.521
1,15,0.356
1,15,0.339
1,15,1.551
1,15,0.572
1,15,0.035
1,15,1.259
1,15,0.353
1,15,1.335
1,15,0.029
1,15,0.326
1,15,0.065
1,15,0.092
1,15,0.659
1,15,0.217
1,16,0.754
1,16,0.416
1,16,0.2
1,16,0.079
1,16,0.812
1,16,0.075
1,16,0.059
1,16,0.915
1,16,0.269
1,16,0.696
1,16,1.064
1,16,0.313
1,16,0.514
1,16,0.301
1,16,0.707
1,16,0.439
1,16,0.821
1,16,0.299
1,16,0.427
1,17,0.389
1,17,0.121
1,17,0.452
1,17,0.273
1,17,0.199
1,17,0.159
1,17,0.713
1,17,0.13
1,17,0.393
1,17,0.048
1,17,0.081
1,18,0.056
1,18,0.882
1,18,0.382
1,18,0.526
1,18,0.025
1,18,0.275
1,18,0.117
1,18,0.072
1,18,0.598
1,18,0.08
1,18,0.16
1,18,0.129
1,18,0.599
1,18,0.178
1,18,0.136
1,18,0.444
1,19,0.64
1,19,0.059
1,19,0.278
1,19,0.061
1,19,0.096
1,19,1.222
1,19,0.092
1,19,0.104
1,19,0.248
1,19,0.341
1,19,1.144
1,19,0.508
1,19,0.099
1,19,0.786
1,19,0.077
1,19,1.233
1,20,0.08
1,20,0.066
1,20,0.288
1,20,0.057
1,20,0.572
1,20,0.549
1,20,0.659
1,20,1.244
1,20,0.741
1,21,0.073
1,21,0.263
1,21,0.564
1,21,0.506
1,21,1.285
1,21,0.031
1,21,0.175
1,21,0.915
1,21,0.072
1,21,1.306
1,21,0.345
1,21,0.165
1,22,0.747
1,22,0.316
1,22,0.496
1,22,0.487
1,22,0.841
1,22,0.16
1,22,0.288
1,22,1.171
1,22,0.088
1,22,0.043
1,22,0.29
1,22,0.184
1,22,0.037
1,22,0.165
1,22,0.626
1,22,0.743
1,22,0.18
1,22,0.804
1,22,0.738
1,22,0.518
1,22,0.16
1,23,0.416
1,23,0.734
1,23,0.29
1,23,0.377
1,23,0.568
1,23,0.908
1,23,0.123
1,23,0.083
1,23,0.268
1,23,0.066
1,24,0.587
1,24,0.237
1,24,0.811
1,24,0.748
1,24,1.187
1,24,0.077
1,24,0.592
1,24,0.036
1,24,0.843
1,24,0.131
1,24,0.707
1,24,0.085
1,25,0.24
1,25,0.803
1,25,0.216
1,25,0.16
1,25,0.129
1,26,0.599
1,26,0.037
1,26,0.63
1,26,0.502
1,26,0.991
1,26,0.129
1,26,0.127
1,26,0.149
1,26,0.566
1,26,0.904
1,26,0.099
1,26,0.325
1,26,0.037
1,26,0.15
1,27,0.61
1,27,0.851
1,27,0.024
1,27,0.121
1,27,0.091
1,27,0.34
1,27,0.474
1,27,0.121
1,27,1.075
1,27,0.056
1,28,0.054
1,28,0.573
1,28,0.328
1,28,0.006
1,28,0.131
1,28,0.168
1,28,0.415
1,28,0.029
1,28,0.465
1,28,0.17
1,28,0.153
1,28,0.176
1,28,1.088
1,28,0.848
1,28,0.2
1,28,0.601
1,29,0.866
1,29,0.811
1,29,0.032
1,29,0.064
1,29,0.044
1,29,0.91
1,29,0.274
1,29,0.254
1,30,0.169
1,30,0.063
1,30,0.244
1,30,0.042
1,30,0.674
1,30,0.035
2,1,0.569
2,1,1.102
2,1,0.449
2,1,0.675
2,1,0.654
2,1,0.669
2,1,1.197
2,1,0.809
2,1,0.815
2,1,0.612
2,1,0.497
2,1,0.613
2,1,0.855
2,1,0.26
2,1,0.37
2,1,0.512
2,1,1.082
2,1,1.223
2,1,0.726
2,1,0.548
2,1,0.888
2,1,0.796
2,1,0.311
2,1,0.593
2,1,0.631
2,1,0.615
2,1,0.198
2,1,0.358
2,1,0.012
2,1,0.972
2,1,0.902
2,1,1.255
2,1,0.671
2,1,0.783
2,1,1.07
2,1,0.771
2,1,0.85
2,1,0.548
2,1,1.347
2,1,0.717
2,1,0.06
2,1,0.408
2,2,0.226
2,2,0.58
2,2,0.757
2,2,0.719
2,2,0.501
2,2,1.293
2,2,0.619
2,2,0.129
2,2,1.314
2,2,0.272
2,2,0.658
2,2,0.923
2,2,0.554
2,2,0.554
2,2,1.166
2,2,0.837
2,2,0.452
2,2,0.495
2,2,0.807
2,2,0.934
2,2,1.018
2,2,0.48
2,2,0.033
2,2,0.631
2,2,0.789
2,2,1.032
2,2,0.793
2,2,1.098
2,2,0.745
2,2,0.741
2,2,0.3
2,2,0.604
2,2,1.197
2,3,0.61
2,3,0.309
2,3,0.801
2,3,0.289
2,3,0.634
2,3,0.559
2,3,0.824
2,3,0.531
2,3,0.263
2,3,1.245
2,3,0.536
2,3,0.647
2,3,1.193
2,3,0.643
2,3,0.309
2,3,0.659
2,3,0.707
2,3,0.594
2,3,0.881
2,3,0.966
2,3,0.548
2,3,0.627
2,3,0.935
2,3,0.544
2,3,0.626
2,3,0.516
2,3,0.923
2,3,0.703
2,3,0.37
2,3,0.375
2,3,0.661
2,3,0.406
2,3,0.637
2,3,0.266
2,3,0.659
2,3,1.561
2,4,0.67
2,4,0.722
2,4,0.168
2,4,0.967
2,4,0.62
2,4,0.561
2,4,0.399
2,4,0.632
2,4,0.304
2,4,0.271
2,4,0.783
2,4,0.581
2,4,0.276
2,4,0.413
2,4,0.413
2,4,0.706
2,4,0.56
2,4,0.866
2,4,0.991
2,4,0.482
2,4,0.261
2,4,0.126
2,4,0.664
2,4,1.472
2,4,0.732
2,4,0.084
2,4,0.577
2,5,0.284
2,5,1.455
2,5,0.152
2,5,0.695
2,5,0.43
2,5,0.198
2,5,0.666
2,5,0.786
2,5,0.548
2,5,1.105
2,5,1.037
2,5,0.785
2,5,0.409
2,5,0.568
2,5,0.564
2,5,0.431
2,5,0.509
2,5,0.014
2,5,0.766
2,5,0.085
2,5,0.47
2,5,0.502
2,5,0.725
2,5,0.445
2,5,0.203
2,5,0.473
2,5,0.049
2,5,0.624
2,5,0.279
2,5,0.016
2,5,0.56
2,5,0.487
2,5,0.542
2,5,0.096
2,5,0.035
2,5,1.295
2,5,0.773
2,5,0.431
2,5,0.404
2,6,0.377
2,6,0.655
2,6,0.766
2,6,0.491
2,6,0.657
2,6,0.566
2,6,0.454
2,6,0.466
2,6,0.662
2,6,0.261
2,6,0.585
2,6,0.021
2,6,0.356
2,6,0.668
2,6,1.213
2,6,0.082
2,6,0.488
2,6,0.256
2,6,0.101
2,6,0.203
2,6,0.365
2,6,0.684
2,6,1.281
2,6,0.584
2,6,0.183
2,6,0.488
2,6,0.682
2,6,0.646
2,6,1.427
2,6,0.394
2,6,0.538
2,6,0.012
2,6,0.513
2,7,0.664
2,7,0.792
2,7,0.308
2,7,0.696
2,7,0.441
2,7,0.292
2,7,0.444
2,7,0.448
2,7,1.405
2,7,0.347
2,7,0.75
2,7,0.528
2,7,1.223
2,7,0.412
2,7,0.599
2,7,0.603
2,7,0.497
2,7,0.497
2,7,0.585
2,7,0.075
2,7,1.018
2,7,0.288
2,7,1.091
2,7,1.243
2,7,0.807
2,7,0.633
2,7,0.043
2,7,0.57
2,7,0.452
2,7,0.323
2,7,0.051
2,7,0.366
2,7,0.447
2,7,0.893
2,7,0.491
2,7,1.081
2,7,1.312
2,8,0.503
2,8,0.409
2,8,0.652
2,8,0.376
2,8,0.669
2,8,0.741
2,8,1.173
2,8,0.365
2,8,0.338
2,8,0.288
2,8,0.528
2,8,0.59
2,8,1.027
2,8,0.627
2,8,1.08
2,8,0.086
2,8,0.018
2,8,0.067
2,8,0.139
2,8,0.168
2,8,0.369
2,8,0.755
2,8,0.445
2,8,0.121
2,8,0.387
2,8,0.032
2,8,0.262
2,8,0.513
2,8,1.25
2,8,0.378
2,8,0.44
2,8,0.331
2,8,0.68
2,8,0.187
2,8,0.841
2,8,0.644
2,8,0.904
2,8,0.479
2,8,0.059
2,8,0.575
2,8,0.363
2,8,0.351
2,8,0.549
2,8,0.281
2,8,0.478
2,8,0.081
2,8,0.554
2,8,0.171
2,9,0.245
2,9,0.682
2,9,0.455
2,9,0.853
2,9,0.802
2,9,0.354
2,9,0.19
2,9,0.703
2,9,0.587
2,9,0.336
2,9,1.212
2,9,0.619
2,9,0.806
2,9,0.602
2,9,0.062
2,9,0.081
2,9,0.842
2,9,0.535
2,9,0.017
2,9,0.71
2,9,1.13
2,9,0.453
2,9,0.2
2,9,0.501
2,9,0.054
2,9,0.412
2,9,0.31
2,9,0.286
2,9,0.034
2,9,0.601
2,9,0.008
2,9,0.008
2,9,0.923
2,9,0.729
2,9,0.547
2,9,0.178
2,9,1.052
2,9,0.861
2,9,0.42
2,9,0.071
2,9,0.54
2,9,1.407
2,10,0.192
2,10,0.008
2,10,0.514
2,10,0.041
2,10,0.126
2,10,0.57
2,10,0.169
2,10,0.722
2,10,0.859
2,10,0.314
2,10,0.505
2,10,0.654
2,10,0.382
2,10,0.063
2,10,0.691
2,10,0.731
2,10,0.211
2,10,0.389
2,10,0.636
2,10,0.577
2,10,1.089
2,10,1.025
2,10,0.042
2,10,1.01
2,10,0.363
2,10,0.06
2,10,0.967
2,10,0.68
2,10,1.06
2,10,0.14
2,10,0.538
2,10,0.32
2,10,0.551
2,10,0.287
2,10,0.107
2,11,0.516
2,11,0.518
2,11,0.925
2,11,0.446
2,11,0.383
2,11,0.3
2,11,0.711
2,11,0.083
2,11,0.068
2,11,0.25
2,11,0.496
2,11,0.264
2,11,0.889
2,11,0.189
2,11,0.535
2,11,0.54
2,11,0.047
2,11,0.25
2,11,0.528
2,11,0.336
2,11,1.327
2,11,0.651
2,11,0.59
2,11,0.509
2,11,0.566
2,11,0.48
2,11,0.133
2,11,0.421
2,11,0.337
2,11,0.236
2,11,0.731
2,11,1.306
2,11,0.373
2,11,0.202
2,12,1.183
2,12,0.703
2,12,0.41
2,12,0.514
2,12,0.407
2,12,0.378
2,12,0.244
2,12,0.31
2,12,0.781
2,12,0.357
2,12,0.048
2,12,0.015
2,12,0.464
2,12,0.337
2,12,0.724
2,12,0.848
2,12,0.785
2,12,0.037
2,12,0.034
2,12,0.206
2,12,0.773
2,12,0.036
2,12,1.291
2,12,0.418
2,12,0.938
2,12,0.438
2,12,0.064
2,12,0.096
2,12,0.257
2,12,0.799
2,12,0.045
2,12,0.029
2,12,0.517
2,12,0.428
2,12,0.048
2,12,0.487
2,12,0.548
2,12,0.009
2,13,0.657
2,13,0.787
2,13,0.462
2,13,0.046
2,13,0.048
2,13,0.034
2,13,0.539
2,13,0.317
2,13,0.254
2,13,0.095
2,13,0.015
2,13,0.676
2,13,0.075
2,13,0.424
2,13,0.682
2,13,0.191
2,13,0.027
2,13,0.009
2,13,0.059
2,13,0.696
2,13,0.011
2,13,0.388
2,13,0.469
2,13,0.033
2,13,0.777
2,13,0.073
2,13,0.06
2,13,0.575
2,13,0.571
2,13,0.509
2,13,0.234
2,13,0.726
2,13,0.605
2,13,0.532
2,13,0.551
2,13,0.135
2,13,0.018
2,14,0.216
2,14,0.761
2,14,0.603
2,14,0.186
2,14,0.034
2,14,0.894
2,14,0.045
2,14,0.059
2,14,0.463
2,14,0.298
2,14,0.312
2,14,0.212
2,14,0.359
2,14,0.038
2,14,0.13
2,14,0.738
2,14,0.792
2,14,0.577
2,14,0.073
2,14,0.272
2,14,0.498
2,14,0.391
2,14,0.544
2,14,0.288
2,14,0.365
2,14,0.068
2,14,0.081
2,14,0.595
2,14,0.364
2,15,0.401
2,15,0.655
2,15,0.903
2,15,0.278
2,15,0.165
2,15,0.062
2,15,0.014
2,15,0.134
2,15,0.636
2,15,0.915
2,15,0.981
2,15,0.029
2,15,0.179
2,15,0.495
2,15,0.932
2,15,0.479
2,15,0.647
2,15,1.132
2,15,0.047
2,15,0.409
2,15,0.059
2,15,0.18
2,15,0.261
2,15,0.037
2,15,1.004
2,15,0.404
2,15,0.459
2,15,0.721
2,15,0.056
2,15,0.413
2,15,0.334
2,15,0.123
2,16,1
2,16,0.043
2,16,0.834
2,16,0.865
2,16,0.186
2,16,1.017
2,16,0.74
2,16,0.302
2,16,0.701
2,16,0.119
2,16,0.526
2,16,0.874
2,16,0.326
2,16,0.08
2,17,0.091
2,17,0.031
2,17,1.074
2,17,0.332
2,17,0.228
2,17,0.668
2,17,0.629
2,17,1.15
2,17,1.207
2,17,0.497
2,17,0.403
2,17,0.218
2,17,0.078
2,17,0.026
2,17,0.765
2,17,0.06
2,17,0.443
2,17,0.844
2,17,0.574
2,17,0.586
2,17,0.433
2,17,0.193
2,17,1.004
2,17,0.58
2,17,0.05
2,17,0.694
2,17,0.797
2,17,0.129
2,17,0.038
2,17,1.017
2,18,0.357
2,18,0.443
2,18,0.971
2,18,0.878
2,18,0.024
2,18,0.318
2,18,0.118
2,18,0.657
2,18,1.441
2,18,0.193
2,18,0.035
2,18,0.58
2,18,0.605
2,18,1.403
2,18,0.713
2,18,0.09
2,18,0.628
2,18,0.156
2,18,0.723
2,18,0.093
2,18,0.254
2,18,0.958
2,18,0.486
2,18,0.348
2,18,0.097
2,18,0.4
2,18,0.052
2,18,0.108
2,18,0.607
2,18,0.732
2,18,0.237
2,18,0.47
2,18,1.235
2,18,0.753
2,18,0.732
2,18,0.373
2,18,0.03
2,18,0.944
2,18,0.611
2,18,0.155
2,18,0.43
2,19,0.895
2,19,0.524
2,19,0.716
2,19,0.11
2,19,0.808
2,19,0.452
2,19,0.139
2,19,1.178
2,19,0.326
2,19,0.276
2,19,0.471
2,19,0.134
2,19,0.724
2,19,1.086
2,19,1.02
2,19,0.158
2,19,0.424
2,19,0.519
2,19,0.526
2,19,0.134
2,19,0.136
2,19,0.542
2,19,0.044
2,19,0.066
2,19,0.096
2,19,0.215
2,19,0.648
2,20,0.097
2,20,0.089
2,20,0.172
2,20,1.584
2,20,0.464
2,20,0.251
2,20,0.395
2,20,0.748
2,20,0.442
2,20,0.606
2,20,1.277
2,20,1.727
2,20,0.382
2,20,0.555
2,20,0.027
2,20,0.133
2,20,0.93
2,20,0.663
2,20,0.108
2,20,0.285
2,20,1.393
2,20,0.898
2,20,0.06
2,20,0.201
2,20,0.33
2,20,0.077
2,20,0.303
2,20,0.74
2,20,0.487
2,20,0.049
2,20,0.58
2,20,0.57
2,20,0.099
2,20,0.623
2,21,0.15
2,21,0.86
2,21,0.673
2,21,0.832
2,21,0.089
2,21,0.575
2,21,0.407
2,21,0.353
2,21,0.726
2,21,0.141
2,21,0.643
2,21,0.801
2,21,0.126
2,21,0.341
2,21,0.229
2,21,0.269
2,21,0.146
2,21,0.692
2,21,1.261
2,21,0.927
2,21,0.461
2,21,0.083
2,21,0.602
2,21,0.731
2,21,0.404
2,21,0.442
2,21,0.108
2,21,0.788
2,21,0.762
2,21,0.279
2,21,0.372
2,21,0.976
2,21,0.529
2,22,0.362
2,22,0.051
2,22,0.71
2,22,0.031
2,22,0.23
2,22,0.125
2,22,0.587
2,22,0.898
2,22,0.791
2,22,0.117
2,22,0.435
2,22,0.024
2,22,0.037
2,22,0.099
2,22,0.939
2,22,0.341
2,22,1.098
2,22,0.187
2,22,0.625
2,22,0.276
2,22,0.487
2,22,0.222
2,22,0.032
2,22,0.87
2,22,0.051
2,22,1.309
2,22,0.042
2,22,0.074
2,22,0.057
2,23,0.165
2,23,0.489
2,23,0.834
2,23,0.12
2,23,0.102
2,23,0.126
2,23,0.969
2,23,0.154
2,23,0.441
2,23,0.608
2,23,0.822
2,23,0.026
2,23,1.05
2,23,1.162
2,23,1.077
2,23,1.101
2,23,0.528
2,23,0.703
2,23,1.101
2,23,0.061
2,23,1.097
2,23,0.159
2,23,0.135
2,23,1.052
2,23,0.416
2,23,0.451
2,23,0.178
2,23,0.015
2,23,0.058
2,23,0.111
2,23,0.363
2,23,0.177
2,24,0.7
2,24,0.088
2,24,0.044
2,24,0.581
2,24,0.078
2,24,0.111
2,24,1.007
2,24,0.582
2,24,0.035
2,24,1.287
2,24,0.035
2,24,0.981
2,24,0.42
2,24,1.471
2,24,0.606
2,24,0.966
2,24,0.193
2,24,0.362
2,24,0.562
2,24,0.587
2,24,0.226
2,24,0.091
2,24,0.139
2,24,0.757
2,24,0.963
2,24,0.784
2,24,0.547
2,25,0.412
2,25,0.555
2,25,0.504
2,25,0.428
2,25,0.356
2,25,0.247
2,25,0.085
2,25,0.865
2,25,0.094
2,25,0.289
2,25,0.027
2,25,0.359
2,25,1.418
2,25,0.595
2,25,0.031
2,25,0.597
2,25,0.056
2,25,0.047
2,25,0.063
2,25,0.581
2,25,0.58
2,25,0.034
2,25,0.526
2,25,0.59
2,25,1.31
2,25,0.505
2,25,0.555
2,25,0.027
2,25,0.918
2,25,0.017
2,25,0.063
2,25,0.519
2,26,0.541
2,26,0.058
2,26,0.481
2,26,0.299
2,26,0.524
2,26,0.372
2,26,0.31
2,26,0.491
2,26,0.856
2,26,1.631
2,26,0.655
2,26,0.276
2,26,0.499
2,26,0.059
2,26,0.276
2,26,0.121
2,26,0.828
2,26,1.055
2,26,0.026
2,26,0.025
2,26,0.093
2,26,0.026
2,26,0.37
2,26,0.041
2,26,0.881
2,26,0.755
2,26,0.071
2,26,0.855
2,26,0.034
2,26,0.407
2,26,0.037
2,26,0.665
2,26,0.027
2,26,0.859
2,26,0.428
2,26,0.064
2,26,0.03
2,26,0.968
2,26,0.056
2,26,1.368
2,27,0.032
2,27,0.375
2,27,0.664
2,27,0.442
2,27,0.403
2,27,0.019
2,27,0.485
2,27,0.836
2,27,0.143
2,27,0.088
2,27,0.133
2,27,0.583
2,27,0.776
2,27,0.328
2,27,0.383
2,27,1.004
2,27,0.936
2,27,0.192
2,27,0.253
2,27,0.844
2,27,0.484
2,27,0.1
2,27,0.332
2,28,0.61
2,28,0.542
2,28,0.28
2,28,0.118
2,28,1.068
2,28,0.574
2,28,1.025
2,28,0.265
2,28,0.71
2,28,0.999
2,28,0.455
2,28,0.518
2,28,0.491
2,28,0.122
2,28,0.07
2,28,0.858
2,28,0.414
2,28,0.792
2,28,0.197
2,28,1.254
2,28,1.242
2,28,0.562
2,28,0.63
2,29,0.489
2,29,0.566
2,29,0.556
2,29,1.159
2,29,1.104
2,29,0.343
2,29,0.651
2,29,0.811
2,29,0.528
2,29,0.505
2,29,0.199
2,29,0.414
2,29,0.283
2,29,0.071
2,29,0.105
2,29,0.071
2,29,0.206
2,29,0.033
2,29,1.066
2,29,0.057
2,29,0.46
2,29,0.899
2,29,0.073
2,29,0.086
2,30,0.144
2,30,0.588
2,30,0.468
2,30,0.87
2,30,0.057
2,30,0.816
2,30,0.721
2,30,0.574
2,30,0.946
2,30,0.674
2,30,0.116
2,30,0.74
2,30,0.804
2,30,1.368
2,30,0.674
2,30,0.087
2,30,0.598
2,30,0.1
2,30,0.52
2,30,0.097
2,30,0.075
2,30,0.325
3,1,0.101
3,1,1.233
3,1,0.955
3,1,1.134
3,1,1.35
3,1,0.138
3,1,1.181
3,1,0.875
3,1,0.771
3,1,1.458
3,1,0.466
3,1,0.919
3,1,1.127
3,1,0.44
3,1,1.233
3,1,1.137
3,1,0.672
3,1,1.052
3,2,0.828
3,2,1.187
3,2,0.948
3,2,1.666
3,2,0.799
3,2,0.832
3,2,1.196
3,2,0.719
3,2,0.492
3,2,1.161
3,2,1.241
3,2,1.154
3,2,1.402
3,2,1.042
3,2,1.215
3,2,0.036
3,2,1.034
3,2,0.096
3,3,0.661
3,3,0.823
3,3,1.013
3,3,0.906
3,3,0.215
3,3,0.027
3,3,0.452
3,3,0.828
3,3,1.031
3,3,0.44
3,3,1.398
3,3,0.883
3,3,0.85
3,3,0.476
3,3,1.12
3,3,0.113
3,3,1.324
3,3,1.005
3,3,1.027
3,4,0.538
3,4,1.169
3,4,0.812
3,4,0.724
3,4,1.256
3,4,0.725
3,4,1.108
3,4,0.183
3,4,0.169
3,4,0.656
3,4,0.136
3,4,0.962
3,4,1.262
3,4,1.159
3,4,1.495
3,4,0.911
3,4,1.311
3,4,1.416
3,4,1.027
3,4,1.322
3,4,1.063
3,5,0.833
3,5,0.578
3,5,1.353
3,5,0.18
3,5,2.252
3,5,1.42
3,5,1.33
3,5,0.62
3,5,0.687
3,5,1.506
3,5,0.497
3,5,0.253
3,5,0.785
3,5,0.33
3,5,0.052
3,6,1.26
3,6,1.161
3,6,1.187
3,6,1.038
3,6,1.111
3,6,0.022
3,6,1.025
3,6,0.036
3,6,1.087
3,6,1.2
3,6,0.867
3,6,0.867
3,7,0.354
3,7,0.486
3,7,0.06
3,7,0.886
3,7,0.19
3,7,0.826
3,7,0.497
3,7,1.323
3,7,0.07
3,7,0.744
3,7,0.29
3,7,0.594
3,8,0.614
3,8,0.025
3,8,0.683
3,8,0.968
3,8,0.113
3,8,1.395
3,8,1.265
3,8,0.31
3,8,1.253
3,8,0.603
3,8,0.76
3,8,0.35
3,8,0.539
3,8,0.764
3,8,1.004
3,8,0.93
3,8,1.759
3,9,0.733
3,9,0.055
3,9,0.545
3,9,0.136
3,9,0.025
3,9,0.4
3,9,0.415
3,9,0.675
3,9,0.318
3,9,0.189
3,9,0.71
3,9,0.392
3,9,0.038
3,9,0.508
3,9,0.135
3,9,0.023
3,10,0.485
3,10,1.412
3,10,1.305
3,10,1.575
3,10,1.08
3,10,0.725
3,10,0.342
3,10,0.808
3,10,0.417
3,10,1.752
3,10,0.046
3,10,0.308
3,10,0.138
3,10,0.972
3,11,0.17
3,11,0.472
3,11,0.852
3,11,0.006
3,11,0.078
3,11,0.817
3,11,0.171
3,11,0.483
3,11,0.13
3,11,0.342
3,11,1.04
3,11,1.074
3,11,0.011
3,11,0.409
3,11,1.146
3,12,1.062
3,12,0.398
3,12,0.086
3,12,0.113
3,12,0.013
3,12,0.386
3,12,0.033
3,12,0.476
3,12,0.035
3,12,0.674
3,12,0.124
3,12,0.959
3,12,0.09
3,12,0.231
3,12,0.022
3,13,0.958
3,13,0.733
3,13,0.57
3,13,0.57
3,13,0.835
3,13,0.057
3,13,0.724
3,13,0.82
3,13,0.272
3,13,0.181
3,13,0.572
3,14,0.786
3,14,0.12
3,14,1.286
3,14,0.048
3,14,0.451
3,14,0.781
3,14,0.075
3,14,0.035
3,14,0.969
3,14,1.077
3,14,0.039
3,14,0.016
3,14,1.061
3,14,1.485
3,14,1.02
3,14,0.709
3,15,0.308
3,15,0.038
3,15,0.624
3,15,0.943
3,15,0.11
3,15,0.288
3,15,0.916
3,15,0.445
3,15,0.09
3,15,0.186
3,15,0.687
3,15,1.679
3,15,0.158
3,15,0.719
3,15,0.462
3,16,0.383
3,16,0.371
3,16,0.126
3,16,0.048
3,16,0.047
3,16,0.694
3,16,0.132
3,16,0.203
3,16,0.216
3,16,0.485
3,16,0.776
3,17,0.084
3,17,0.86
3,17,0.017
3,17,0.227
3,17,0.226
3,17,0.328
3,17,1.397
3,17,1.128
3,18,0.107
3,18,0.641
3,18,0.421
3,18,0.884
3,18,0.49
3,18,0.122
3,18,0.042
3,18,1.162
3,19,0.349
3,19,0.572
3,19,0.083
3,19,0.117
3,19,0.056
3,19,0.185
3,20,0.13
3,20,0.161
3,20,0.082
3,20,0.763
3,20,1.465
3,20,0.023
3,21,0.131
3,21,0.942
3,21,0.865
3,21,0.74
3,21,0.826
3,21,0.157
3,21,0.48
3,22,0.532
3,22,1.258
3,22,1.535
3,22,0.119
3,22,0.951
3,22,0.111
3,22,0.045
3,22,1.197
3,22,0.049
3,22,0.111
3,23,0.526
3,23,0.754
3,23,0.922
3,23,0.73
3,23,0.44
3,23,0.025
3,23,0.513
3,23,0.085
3,24,0.021
3,24,1.002
3,24,0.053
3,24,0.279
3,24,0.04
3,24,0.549
3,24,0.403
3,24,0.042
3,24,0.046
3,24,0.074
3,24,0.621
3,25,0.105
3,25,0.303
3,25,1.167
3,25,0.327
3,25,0.106
3,25,0.054
3,26,0.141
3,26,0.023
3,26,0.683
3,26,0.015
3,26,0.074
3,26,0.54
3,26,0.566
3,26,0.028
3,26,0.079
3,26,0.077
3,27,0.023
3,27,0.033
3,27,0.047
3,27,0.768
3,27,0.724
3,27,0.021
3,27,0.615
3,27,0.325
3,27,0.053
3,28,0.65
3,28,0.018
3,28,0.822
3,28,0.956
3,28,0.238
3,28,0.115
3,28,0.044
3,28,1.152
3,28,1.04
3,28,0.043
3,29,0.124
3,29,0.664
3,29,0.627
3,29,0.298
3,29,0.525
3,29,0.045
3,30,0.989
3,30,0.009
3,30,0.112
3,30,0.931
3,30,0.939
3,30,0.124
4,1,1.209
4,1,0.934
4,1,1.669
4,1,1.162
4,1,0.535
4,1,1.111
4,1,0.814
4,1,1.045
4,1,1.139
4,1,0.341
4,1,1.073
4,1,0.769
4,1,1.045
4,1,0.361
4,1,0.346
4,1,0.615
4,1,1.089
4,1,0.919
4,1,0.343
4,1,0.945
4,1,1.293
4,1,0.5
4,1,0.955
4,1,0.96
4,1,1.445
4,1,0.523
4,1,0.949
4,1,1.119
4,1,1.016
4,1,0.17
4,1,0.155
4,1,1.087
4,1,0.811
4,1,1.602
4,1,1.578
4,1,0.643
4,1,0.52
4,1,0.849
4,1,0.832
4,1,1.024
4,1,0.821
4,1,1.142
4,1,0.205
4,1,0.737
4,1,1.168
4,1,1.017
4,1,1.146
4,1,0.465
4,1,0.911
4,2,0.624
4,2,0.886
4,2,0.944
4,2,0.59
4,2,0.424
4,2,0.803
4,2,0.804
4,2,0.979
4,2,1.054
4,2,0.499
4,2,1.798
4,2,0.992
4,2,0.043
4,2,0.752
4,2,0.74
4,2,0.247
4,2,0.884
4,2,1.404
4,2,0.735
4,2,1.528
4,2,0.92
4,2,0.973
4,2,0.548
4,2,0.569
4,2,0.737
4,2,0.728
4,2,0.318
4,2,0.023
4,2,0.515
4,2,0.757
4,2,0.061
4,2,0.564
4,2,0.511
4,2,1.23
4,2,0.476
4,2,0.047
4,2,0.048
4,2,0.145
4,2,0.284
4,2,0.32
4,2,0.383
4,2,1.096
4,2,0.869
4,2,0.649
4,2,0.646
4,2,0.525
4,2,1.291
4,2,0.582
4,2,0.498
4,2,0.028
4,2,0.488
4,2,0.08
4,2,0.973
4,2,0.956
4,2,0.843
4,2,0.893
4,3,0.402
4,3,0.492
4,3,0.855
4,3,1.102
4,3,0.082
4,3,0.22
4,3,0.639
4,3,1.158
4,3,0.981
4,3,0.875
4,3,0.298
4,3,0.015
4,3,0.969
4,3,0.013
4,3,0.604
4,3,0.305
4,3,0.996
4,3,0.726
4,3,0.763
4,3,0.033
4,3,1.505
4,3,0.322
4,3,0.672
4,3,1.103
4,3,0.316
4,3,0.774
4,3,0.271
4,3,1.598
4,3,0.794
4,3,0.052
4,3,0.827
4,3,0.474
4,3,1.485
4,3,1.236
4,3,1.238
4,3,1.006
4,3,1.164
4,3,0.981
4,3,1.638
4,3,0.36
4,3,0.389
4,3,0.458
4,3,0.517
4,3,1.422
4,3,0.934
4,3,1.316
4,3,1.491
4,3,0.464
4,3,0.165
4,3,0.034
4,3,0.045
4,3,0.152
4,3,0.871
4,3,0.686
4,3,0.291
4,3,0.333
4,3,0.507
4,3,0.913
4,3,0.858
4,3,0.915
4,4,0.583
4,4,0.914
4,4,1.002
4,4,0.028
4,4,1.484
4,4,1.197
4,4,0.694
4,4,0.983
4,4,0.771
4,4,0.298
4,4,0.868
4,4,0.539
4,4,0.065
4,4,0.028
4,4,1.154
4,4,0.211
4,4,0.164
4,4,0.902
4,4,0.76
4,4,0.479
4,4,0.43
4,4,0.039
4,4,0.381
4,4,0.56
4,4,0.404
4,4,0.448
4,4,0.524
4,4,0.496
4,4,0.139
4,4,1.064
4,4,0.814
4,4,0.755
4,4,1.226
4,4,0.678
4,4,1.265
4,4,0.564
4,4,1.21
4,4,0.083
4,4,0.822
4,4,0.041
4,4,1.009
4,5,0.934
4,5,0.529
4,5,0.756
4,5,0.826
4,5,0.434
4,5,0.684
4,5,0.05
4,5,0.462
4,5,0.178
4,5,0.018
4,5,0.659
4,5,0.312
4,5,0.664
4,5,0.42
4,5,0.084
4,5,0.917
4,5,0.069
4,5,0.504
4,5,1.247
4,5,0.375
4,5,0.019
4,5,0.518
4,5,1.199
4,5,0.637
4,5,0.478
4,5,0.878
4,5,0.153
4,5,0.064
4,5,1.813
4,5,0.395
4,5,1.269
4,5,0.8
4,5,0.924
4,5,0.486
4,5,0.105
4,5,0.386
4,5,0.772
4,5,0.413
4,5,0.95
4,5,1.283
4,5,1.217
4,6,0.586
4,6,0.523
4,6,0.297
4,6,1.401
4,6,0.023
4,6,0.735
4,6,0.892
4,6,0.179
4,6,0.189
4,6,0.239
4,6,0.224
4,6,0.854
4,6,0.42
4,6,0.97
4,6,0.501
4,6,0.471
4,6,0.365
4,6,0.04
4,6,1.316
4,6,0.49
4,6,0.729
4,6,0.397
4,6,0.356
4,6,0.341
4,6,0.363
4,6,0.38
4,6,0.123
4,6,0.15
4,6,0.329
4,6,1.339
4,6,0.194
4,6,0.031
4,6,0.128
4,6,1.052
4,6,0.748
4,6,0.065
4,6,0.012
4,6,0.388
4,6,0.564
4,6,0.297
4,6,0.089
4,6,1.082
4,7,0.069
4,7,0.575
4,7,0.029
4,7,0.39
4,7,0.482
4,7,0.473
4,7,0.718
4,7,0.469
4,7,0.835
4,7,0.666
4,7,0.664
4,7,0.226
4,7,0.408
4,7,0.331
4,7,0.927
4,7,0.553
4,7,0.568
4,7,0.076
4,7,0.763
4,7,0.058
4,7,1.395
4,7,0.451
4,7,0.274
4,7,0.492
4,7,0.823
4,7,0.586
4,7,0.026
4,7,0.42
4,7,0.056
4,7,0.522
4,7,0.801
4,7,0.121
4,7,0.227
4,7,0.242
4,7,0.264
4,8,0.7
4,8,0.28
4,8,0.581
4,8,0.47
4,8,0.644
4,8,0.072
4,8,1.129
4,8,0.708
4,8,0.852
4,8,0.647
4,8,0.082
4,8,0.065
4,8,0.293
4,8,1.464
4,8,0.697
4,8,0.47
4,8,0.034
4,8,0.899
4,8,0.913
4,8,0.071
4,8,0.064
4,8,0.787
4,8,0.881
4,8,1.242
4,9,0.497
4,9,0.396
4,9,0.576
4,9,0.347
4,9,0.27
4,9,0.39
4,9,0.4
4,9,0.024
4,9,0.298
4,9,0.596
4,9,0.317
4,9,0.549
4,9,0.044
4,9,0.523
4,9,0.48
4,9,0.473
4,9,0.069
4,9,0.65
4,9,0.223
4,9,1.256
4,9,0.522
4,9,0.143
4,9,0.028
4,9,0.519
4,9,0.071
4,9,1.194
4,9,0.304
4,9,0.901
4,9,0.514
4,9,0.15
4,9,0.526
4,9,0.505
4,9,0.589
4,9,0.437
4,9,0.727
4,10,0.183
4,10,0.216
4,10,0.32
4,10,0.329
4,10,0.342
4,10,0.23
4,10,0.213
4,10,0.637
4,10,0.439
4,10,0.195
4,10,0.33
4,10,0.054
4,10,0.422
4,10,0.37
4,10,0.523
4,10,0.042
4,10,0.414
4,10,0.144
4,10,0.09
4,10,0.112
4,10,0.311
4,10,0.881
4,10,1.202
4,10,0.718
4,10,0.365
4,10,0.39
4,10,0.58
4,11,0.58
4,11,0.071
4,11,0.447
4,11,0.339
4,11,0.479
4,11,0.052
4,11,0.571
4,11,0.06
4,11,0.32
4,11,1.166
4,11,0.313
4,11,0.407
4,11,0.51
4,11,0.234
4,11,0.438
4,11,0.033
4,11,0.2
4,11,0.675
4,11,0.079
4,11,0.336
4,11,0.425
4,11,0.42
4,11,0.013
4,11,0.053
4,11,0.702
4,11,0.81
4,11,0.344
4,11,0.527
4,11,0.381
4,11,0.112
4,11,0.077
4,11,0.067
4,11,0.148
4,12,0.218
4,12,0.026
4,12,0.467
4,12,0.063
4,12,0.136
4,12,0.115
4,12,0.533
4,12,0.572
4,12,0.08
4,12,0.546
4,12,0.043
4,12,0.364
4,12,0.488
4,12,0.129
4,12,0.025
4,12,0.475
4,12,0.445
4,12,0.377
4,12,0.02
4,12,0.326
4,12,0.356
4,12,0.382
4,12,0.533
4,12,0.552
4,12,0.031
4,12,0.054
4,12,0.483
4,13,0.436
4,13,0.445
4,13,0.412
4,13,0.385
4,13,0.937
4,13,0.223
4,13,0.616
4,13,0.613
4,13,0.118
4,13,0.864
4,13,0.093
4,13,0.138
4,13,0.043
4,13,0.071
4,13,0.112
4,13,0.297
4,13,0.075
4,13,0.405
4,13,0.148
4,13,0.264
4,13,0.704
4,13,1.225
4,13,0.331
4,13,0.436
4,13,0.895
4,13,0.481
4,13,0.511
4,13,0.669
4,13,1.535
4,14,0.203
4,14,0.42
4,14,0.277
4,14,0.517
4,14,0.071
4,14,0.407
4,14,0.894
4,14,0.245
4,14,0.106
4,14,0.49
4,14,0.627
4,14,0.04
4,14,0.905
4,14,0.441
4,14,0.048
4,14,0.121
4,15,0.088
4,15,0.708
4,15,0.255
4,15,0.098
4,15,0.077
4,15,0.139
4,15,0.046
4,15,0.031
4,15,0.075
4,15,0.359
4,15,0.098
4,15,0.257
4,15,0.293
4,15,0.148
4,15,0.911
4,15,0.933
4,15,0.76
4,15,0.042
4,15,1.104
4,15,0.481
4,15,0.05
4,15,0.47
4,15,0.469
4,15,0.689
4,15,0.061
4,16,0.225
4,16,0.663
4,16,1.044
4,16,0.199
4,16,0.043
4,16,0.163
4,16,0.043
4,16,0.164
4,16,0.065
4,16,0.481
4,16,0.505
4,16,1.306
4,16,0.153
4,16,0.933
4,16,0.044
4,16,0.656
4,16,0.432
4,16,0.674
4,16,0.058
4,16,0.15
4,16,0.067
4,16,0.166
4,16,0.134
4,16,0.056
4,16,0.829
4,16,0.059
4,16,0.343
4,16,0.48
4,16,0.083
4,16,0.087
4,17,1.646
4,17,0.124
4,17,0.289
4,17,0.083
4,17,0.452
4,17,0.515
4,17,0.137
4,17,0.063
4,17,0.034
4,17,0.291
4,17,0.063
4,17,0.648
4,17,0.067
4,17,0.694
4,17,0.331
4,17,0.312
4,17,0.449
4,17,0.932
4,17,0.163
4,17,0.092
4,17,0.117
4,17,0.048
4,17,0.443
4,17,0.021
4,18,0.159
4,18,0.028
4,18,0.858
4,18,0.046
4,18,0.042
4,18,0.402
4,18,0.088
4,18,0.049
4,18,0.124
4,18,0.034
4,18,0.023
4,18,0.661
4,18,0.027
4,18,1.22
4,18,0.65
4,18,0.414
4,18,0.436
4,18,0.013
4,18,0.747
4,18,0.461
4,18,0.42
4,18,0.602
4,19,0.343
4,19,0.446
4,19,0.38
4,19,0.642
4,19,0.236
4,19,0.125
4,19,0.438
4,19,0.085
4,19,0.595
4,19,0.151
4,19,0.362
4,19,1.379
4,19,0.051
4,19,0.025
4,20,0.036
4,20,0.483
4,20,0.1
4,20,0.398
4,20,0.204
4,20,0.094
4,20,0.537
4,20,0.069
4,20,0.472
4,20,0.194
4,20,0.19
4,20,0.596
4,20,0.048
4,21,0.818
4,21,0.085
4,21,0.061
4,21,0.238
4,21,0.048
4,21,0.168
4,21,0.05
4,21,0.108
4,21,0.1
4,21,0.905
4,21,0.936
4,21,0.559
4,21,0.764
4,21,0.711
4,21,0.071
4,21,0.302
4,21,0.026
4,22,0.102
4,22,0.095
4,22,0.38
4,22,0.067
4,22,0.457
4,22,0.323
4,22,0.134
4,22,0.448
4,22,0.611
4,22,0.058
4,22,1.137
4,22,0.184
4,22,0.16
4,22,0.033
4,22,0.473
4,23,0.583
4,23,1.035
4,23,0.685
4,23,0.573
4,23,0.392
4,23,0.47
4,23,0.213
4,23,0.053
4,23,0.399
4,23,0.08
4,23,0.015
4,23,0.026
4,24,0.086
4,24,0.051
4,24,0.057
4,24,0.7
4,24,0.022
4,24,0.037
4,24,0.543
4,24,0.108
4,24,0.172
4,24,0.116
4,24,0.103
4,24,0.072
4,24,0.364
4,24,1.31
4,24,0.102
4,24,0.127
4,24,0.032
4,25,0.031
4,25,0.139
4,25,0.86
4,25,0.254
4,25,0.995
4,25,0.828
4,25,0.544
4,25,0.084
4,25,0.725
4,25,0.081
4,25,0.592
4,25,0.639
4,25,0.076
4,25,0.071
4,25,0.742
4,25,0.641
4,25,0.092
4,25,0.554
4,25,0.616
4,25,0.053
4,25,0.03
4,26,0.056
4,26,0.09
4,26,0.066
4,26,0.049
4,26,0.603
4,26,0.535
4,26,0.146
4,26,0.019
4,26,0.333
4,26,0.618
4,26,0.373
4,26,0.039
4,26,0.083
4,26,0.017
4,26,0.123
4,26,0.043
4,27,1.136
4,27,0.129
4,27,0.569
4,27,0.15
4,27,0.034
4,27,0.058
4,27,0.02
4,27,1.021
4,27,0.093
4,27,0.123
4,27,0.07
4,27,0.07
4,27,0.064
4,27,0.082
4,27,0.349
4,27,0.083
4,27,0.522
4,28,0.161
4,28,0.224
4,28,0.088
4,28,0.255
4,28,0.411
4,28,0.629
4,28,0.272
4,28,0.045
4,28,0.81
4,28,0.118
4,28,1.209
4,28,1.33
4,29,0.24
4,29,0.328
4,29,0.56
4,29,0.017
4,29,0.189
4,29,0.093
4,29,0.035
4,29,0.754
4,29,0.154
4,29,0.053
4,29,0.043
4,29,0.011
4,29,0.892
4,29,0.117
4,30,0.451
4,30,0.285
4,30,0.149
4,30,0.072
4,30,0.337
4,30,0.242
4,30,0.125
4,30,0.06
4,30,0.07
4,30,0.032
4,30,0.766
4,30,0.032
5,1,1.402
5,1,0.941
5,1,1.293
5,1,0.722
5,1,1.622
5,1,2.764
5,1,0.694
5,1,1.223
5,1,1.242
5,1,1.093
5,1,1.514
5,1,1.172
5,1,0.448
5,1,1.42
5,1,0.983
5,1,1.277
5,1,1.672
5,1,1.146
5,1,0.879
5,1,0.343
5,1,0.968
5,1,0.519
5,1,0.821
5,1,0.865
5,1,0.808
5,1,0.782
5,1,0.928
5,1,0.287
5,1,0.715
5,1,1.667
5,1,0.504
5,1,1.71
5,2,1.787
5,2,0.879
5,2,1.743
5,2,0.878
5,2,0.952
5,2,1.762
5,2,1.83
5,2,0.596
5,2,0.788
5,2,0.5
5,2,1.516
5,2,1.424
5,2,0.683
5,2,1.494
5,2,1.102
5,2,0.693
5,2,0.722
5,2,0.759
5,2,0.487
5,2,0.839
5,2,0.505
5,2,0.968
5,2,1.371
5,2,0.054
5,2,0.909
5,2,1.114
5,2,0.77
5,2,0.894
5,2,0.89
5,2,1.025
5,2,0.898
5,2,0.783
5,2,0.86
5,2,1.125
5,2,1.208
5,2,0.859
5,2,1.441
5,2,0.256
5,2,0.757
5,2,1.14
5,2,0.419
5,2,2.06
5,2,0.918
5,2,0.037
5,2,0.608
5,2,1.18
5,2,0.755
5,2,1.46
5,3,1.061
5,3,0.324
5,3,1.877
5,3,0.942
5,3,1.174
5,3,1.063
5,3,0.838
5,3,0.899
5,3,1.044
5,3,0.62
5,3,0.627
5,3,0.352
5,3,1.168
5,4,0.918
5,4,0.949
5,4,0.871
5,4,0.46
5,4,0.961
5,4,0.744
5,4,0.775
5,4,0.533
5,4,0.339
5,4,2.014
5,4,0.641
5,4,0.249
5,4,0.456
5,4,0.625
5,4,1.316
5,4,0.675
5,4,1.086
5,4,0.969
5,4,0.586
5,4,0.271
5,4,0.506
5,4,0.514
5,4,0.669
5,4,0.831
5,4,1.101
5,4,1.362
5,4,1.085
5,4,0.78
5,4,0.6
5,4,0.601
5,5,0.581
5,5,0.592
5,5,0.354
5,5,0.648
5,5,0.899
5,5,0.979
5,5,0.306
5,5,0.842
5,5,0.575
5,5,0.837
5,5,0.424
5,5,0.777
5,5,0.705
5,5,1.281
5,5,0.874
5,5,0.264
5,5,1.122
5,5,0.686
5,5,0.904
5,5,0.383
5,5,0.484
5,5,0.886
5,5,1.38
5,5,0.778
5,5,0.748
5,5,0.647
5,5,0.796
5,5,0.808
5,5,1.077
5,5,0.556
5,5,0.339
5,5,0.756
5,5,0.953
5,5,0.757
5,5,0.366
5,5,0.232
5,5,0.609
5,6,0.516
5,6,1.243
5,6,0.728
5,6,0.453
5,6,0.299
5,6,0.495
5,6,1.112
5,6,0.861
5,6,0.646
5,6,0.946
5,6,0.181
5,6,0.778
5,6,0.477
5,6,0.387
5,6,0.871
5,6,1.193
5,6,0.416
5,6,0.557
5,6,0.654
5,6,0.651
5,6,0.37
5,6,0.826
5,6,0.572
5,6,1.231
5,6,0.671
5,6,0.697
5,6,0.451
5,6,0.154
5,6,0.286
5,6,0.284
5,6,1.111
5,7,0.365
5,7,0.79
5,7,0.126
5,7,0.585
5,7,0.052
5,7,1.075
5,7,0.333
5,7,0.59
5,7,0.435
5,7,1.083
5,7,0.782
5,7,0.801
5,7,0.28
5,7,0.567
5,7,2.373
5,7,1.215
5,7,0.365
5,7,0.375
5,7,0.302
5,7,0.997
5,7,0.697
5,7,0.464
5,7,0.603
5,7,0.525
5,8,0.625
5,8,0.822
5,8,0.583
5,8,0.223
5,8,0.411
5,8,0.34
5,8,0.879
5,8,0.857
5,8,0.747
5,8,0.459
5,8,1.422
5,8,1.24
5,8,0.718
5,8,0.484
5,8,0.425
5,8,0.569
5,8,0.745
5,8,0.877
5,8,0.706
5,8,0.766
5,8,0.762
5,8,1.427
5,8,0.827
5,8,0.296
5,8,0.887
5,8,1.197
5,8,1.08
5,8,0.109
5,9,0.045
5,9,0.804
5,9,0.267
5,9,0.616
5,9,0.369
5,9,0.315
5,9,0.422
5,9,0.209
5,9,0.576
5,9,0.35
5,9,0.371
5,9,0.673
5,9,0.438
5,9,0.661
5,9,0.284
5,9,1.214
5,9,0.513
5,9,1.232
5,9,0.789
5,9,0.722
5,9,0.551
5,9,1.043
5,9,0.11
5,9,0.598
5,9,0.105
5,9,0.537
5,9,1.017
5,9,0.503
5,9,1.069
5,9,0.323
5,9,0.51
5,10,0.682
5,10,1.162
5,10,0.308
5,10,1.444
5,10,0.511
5,10,0.69
5,10,0.615
5,10,1.053
5,10,0.617
5,10,0.386
5,10,0.31
5,10,0.623
5,10,1.076
5,10,0.914
5,10,0.765
5,10,0.487
5,10,1.317
5,10,0.349
5,10,0.384
5,10,0.742
5,10,1.269
5,10,0.593
5,10,0.667
5,10,0.542
5,10,0.772
5,10,1.037
5,10,0.497
5,10,0.802
5,10,0.614
5,10,0.59
5,10,0.431
5,10,0.095
5,10,0.648
5,11,0.276
5,11,0.424
5,11,0.401
5,11,0.257
5,11,0.29
5,11,0.171
5,11,0.492
5,11,0.564
5,11,0.312
5,11,0.328
5,11,1.417
5,11,0.53
5,11,0.34
5,11,0.323
5,11,0.387
5,11,0.735
5,11,0.601
5,11,0.779
5,11,0.44
5,12,0.671
5,12,0.531
5,12,0.524
5,12,0.399
5,12,0.216
5,12,0.15
5,12,0.994
5,12,0.549
5,12,0.69
5,12,0.768
5,12,1.007
5,12,1.042
5,12,0.392
5,12,0.559
5,12,0.386
5,12,0.678
5,12,1.162
5,12,0.368
5,12,0.528
5,12,0.901
5,12,0.747
5,12,0.276
5,12,0.857
5,13,0.156
5,13,0.371
5,13,0.751
5,13,0.383
5,13,0.112
5,13,0.811
5,13,0.796
5,13,0.4
5,13,0.545
5,13,0.787
5,13,0.774
5,13,0.331
5,13,0.481
5,13,1.012
5,13,0.824
5,14,0.223
5,14,0.26
5,14,0.266
5,14,0.681
5,14,0.783
5,14,0.506
5,14,0.341
5,14,0.375
5,14,0.672
5,14,0.183
5,14,0.789
5,14,0.622
5,14,0.708
5,14,0.529
5,14,1.001
5,14,0.36
5,14,1.007
5,14,1.38
5,14,0.299
5,14,0.595
5,14,1.569
5,14,0.477
5,14,0.544
5,14,0.448
5,14,0.508
5,15,0.491
5,15,0.768
5,15,0.456
5,15,0.586
5,15,0.42
5,15,0.533
5,15,1.11
5,15,0.959
5,15,0.813
5,15,0.62
5,15,0.316
5,15,0.792
5,15,0.435
5,15,0.281
5,15,0.698
5,15,0.659
5,15,0.598
5,15,0.439
5,15,0.105
5,15,0.651
5,15,0.722
5,15,0.448
5,15,0.817
5,15,0.848
5,16,0.813
5,16,0.452
5,16,0.599
5,16,0.72
5,16,0.842
5,17,0.363
5,17,0.62
5,17,0.204
5,17,1.184
5,17,0.647
5,17,0.646
5,17,0.68
5,17,0.924
5,17,0.723
5,17,0.162
5,17,0.879
5,18,0.388
5,18,0.329
5,18,0.494
5,18,0.362
5,18,0.717
5,18,0.451
5,18,0.436
5,18,0.661
5,18,0.086
5,18,0.198
5,19,0.019
5,19,0.78
5,19,0.581
5,19,0.3
5,19,0.595
5,19,0.486
5,19,0.278
5,19,0.049
5,19,0.507
5,19,0.557
5,20,0.665
5,20,0.695
5,20,0.787
5,20,0.77
5,21,0.772
5,21,0.04
5,21,0.632
5,21,0.382
5,21,0.977
5,21,0.208
5,21,0.63
5,21,0.736
5,21,0.068
5,21,0.389
5,21,0.498
5,21,0.515
5,21,0.252
5,21,0.333
5,22,0.039
5,22,0.849
5,22,0.135
5,22,0.386
5,22,0.936
5,22,0.072
5,22,0.38
5,22,0.565
5,22,0.466
5,22,0.033
5,22,0.479
5,22,0.472
5,22,0.814
5,22,0.583
5,22,0.316
5,22,0.51
5,22,0.254
5,22,0.477
5,22,0.16
5,22,0.883
5,22,1.225
5,22,0.756
5,22,0.134
5,22,0.609
5,22,0.15
5,23,0.135
5,23,0.514
5,23,0.75
5,23,0.525
5,23,0.235
5,23,0.383
5,23,0.383
5,23,0.266
5,23,0.107
5,23,0.576
5,23,0.496
5,23,0.625
5,23,0.916
5,23,0.353
5,23,0.279
5,24,0.388
5,24,1.02
5,24,0.8
5,24,0.491
5,24,0.472
5,24,0.245
5,24,1.268
5,24,0.612
5,25,0.381
5,25,0.483
5,25,0.179
5,25,0.201
5,25,0.368
5,25,0.596
5,25,0.75
5,25,0.282
5,25,0.081
5,25,0.378
5,25,1.185
5,25,0.606
5,25,0.599
5,25,0.638
5,26,0.485
5,26,0.846
5,26,0.466
5,26,0.521
5,26,0.808
5,26,0.347
5,27,0.304
5,27,0.658
5,27,0.018
5,27,0.334
5,28,0.451
5,28,0.618
5,28,0.511
5,28,0.079
5,28,0.371
5,28,0.752
5,28,0.012
5,28,0.343
5,28,0.886
5,28,0.046
5,28,0.045
5,28,0.151
5,28,0.03
5,28,0.661
5,28,0.881
5,28,0.498
5,28,0.725
5,29,0.51
5,29,1.342
5,29,0.472
5,30,0.123
5,30,0.291
5,30,0.366
5,30,0.536
5,30,0.415
5,30,0.436
5,30,0.221
6,1,1.331
6,1,0.9
6,1,0.695
6,1,0.512
6,1,0.684
6,1,0.833
6,1,0.742
6,1,1.483
6,1,0.781
6,1,1.13
6,1,0.076
6,1,0.894
6,1,0.542
6,1,0.3
6,1,0.629
6,1,1.032
6,1,0.887
6,1,1.251
6,1,0.554
6,1,0.506
6,1,1.222
6,1,1.227
6,1,1.064
6,1,0.757
6,1,1.192
6,1,1.663
6,1,0.867
6,1,0.577
6,1,0.98
6,1,1.183
6,1,1.012
6,1,0.922
6,1,0.464
6,1,0.476
6,1,0.942
6,1,0.898
6,1,0.759
6,1,1.118
6,1,1.005
6,1,0.643
6,1,0.122
6,1,0.706
6,1,0.293
6,1,0.781
6,1,1.337
6,2,0.418
6,2,0.633
6,2,0.055
6,2,0.959
6,2,0.629
6,2,0.874
6,2,1.394
6,2,0.77
6,2,0.306
6,2,0.477
6,2,0.387
6,2,0.109
6,2,1.329
6,2,0.869
6,2,1.553
6,2,0.267
6,2,0.571
6,2,1.053
6,2,0.789
6,2,0.499
6,2,0.852
6,2,1.135
6,2,0.911
6,2,0.094
6,2,1.046
6,2,0.627
6,2,0.323
6,2,0.718
6,2,1.581
6,2,1.186
6,2,1.15
6,2,0.506
6,2,0.614
6,2,0.586
6,2,0.361
6,2,0.561
6,2,0.883
6,2,1.295
6,2,1.328
6,2,0.66
6,2,0.789
6,2,0.699
6,2,0.771
6,2,0.346
6,3,0.589
6,3,0.735
6,3,1.202
6,3,0.423
6,3,0.331
6,3,1.498
6,3,1.045
6,3,0.823
6,3,0.31
6,3,0.041
6,3,0.287
6,3,0.483
6,3,0.642
6,3,0.926
6,3,0.802
6,3,0.428
6,3,0.871
6,3,0.894
6,3,0.533
6,3,0.303
6,3,0.516
6,3,0.83
6,3,0.495
6,3,0.775
6,3,1.136
6,3,0.513
6,3,0.283
6,3,0.655
6,3,0.235
6,3,0.716
6,3,1.286
6,3,0.791
6,3,0.476
6,3,0.8
6,3,0.965
6,3,1.258
6,3,0.749
6,3,0.279
6,3,0.726
6,3,0.684
6,3,0.836
6,3,0.422
6,3,0.921
6,3,1.364
6,3,1.03
6,3,0.725
6,3,0.265
6,3,0.875
6,3,0.871
6,4,0.238
6,4,0.676
6,4,0.751
6,4,1.057
6,4,0.098
6,4,1.102
6,4,0.774
6,4,0.675
6,4,0.428
6,4,0.032
6,4,0.855
6,4,0.934
6,4,0.17
6,4,1.127
6,4,0.345
6,4,0.821
6,4,0.775
6,4,0.656
6,4,0.251
6,4,0.427
6,4,1.017
6,4,0.733
6,4,0.477
6,4,0.019
6,4,0.986
6,4,0.595
6,4,0.4
6,4,1.275
6,4,0.495
6,4,0.348
6,4,0.263
6,4,0.994
6,4,0.187
6,4,0.992
6,4,0.675
6,4,0.882
6,4,0.734
6,4,0.699
6,4,1.107
6,4,1.169
6,4,0.795
6,4,0.797
6,4,0.918
6,4,0.536
6,4,1.053
6,4,0.316
6,4,1.635
6,4,0.689
6,4,0.261
6,4,0.506
6,4,0.977
6,4,0.037
6,4,0.377
6,4,0.632
6,4,0.958
6,5,0.803
6,5,0.637
6,5,0.213
6,5,1.054
6,5,0.716
6,5,0.466
6,5,0.216
6,5,1.043
6,5,0.44
6,5,0.006
6,5,1.28
6,5,0.16
6,5,0.871
6,5,1.092
6,5,0.605
6,5,0.585
6,5,1.163
6,5,0.366
6,5,0.737
6,5,1.507
6,5,1.285
6,5,0.331
6,5,0.901
6,5,0.619
6,5,0.588
6,5,0.862
6,5,0.215
6,5,0.325
6,5,0.843
6,5,0.327
6,5,1.345
6,5,0.819
6,5,0.895
6,5,0.424
6,5,0.666
6,5,0.611
6,5,2.196
6,5,1.031
6,5,1.042
6,5,1.421
6,5,0.024
6,6,0.172
6,6,1.281
6,6,0.213
6,6,0.675
6,6,0.779
6,6,0.353
6,6,1.132
6,6,1.313
6,6,1.015
6,6,0.897
6,6,0.195
6,6,1.027
6,6,0.694
6,6,0.764
6,6,1.12
6,6,0.457
6,6,1.218
6,6,0.626
6,6,0.73
6,6,1.182
6,6,0.133
6,6,1.23
6,6,0.011
6,6,1.227
6,6,0.456
6,6,0.278
6,6,0.47
6,6,0.817
6,6,0.861
6,6,1.122
6,6,1.086
6,6,0.039
6,6,0.564
6,6,0.097
6,6,0.605
6,6,0.28
6,6,0.917
6,6,1.265
6,6,1.02
6,6,0.661
6,6,0.725
6,6,0.766
6,7,0.451
6,7,1.32
6,7,0.307
6,7,0.153
6,7,0.084
6,7,0.329
6,7,0.385
6,7,0.174
6,7,0.853
6,7,0.576
6,7,1.147
6,7,0.775
6,7,0.109
6,7,1.293
6,7,0.301
6,7,0.764
6,7,1.055
6,7,0.845
6,7,0.502
6,7,0.552
6,7,0.474
6,7,0.891
6,7,0.632
6,7,1.076
6,7,1.222
6,7,0.472
6,7,0.818
6,7,1.229
6,7,1.028
6,7,1.211
6,7,1.001
6,7,0.533
6,7,0.781
6,7,0.392
6,7,1.401
6,7,0.343
6,7,0.46
6,7,0.613
6,7,0.87
6,7,0.169
6,7,0.114
6,7,0.171
6,7,0.041
6,7,0.887
6,8,1.005
6,8,0.636
6,8,1.004
6,8,0.223
6,8,1.105
6,8,0.083
6,8,0.587
6,8,0.563
6,8,0.434
6,8,0.12
6,8,0.048
6,8,0.384
6,8,0.428
6,8,0.285
6,8,0.998
6,8,0.888
6,8,0.119
6,8,1.166
6,8,0.244
6,8,0.571
6,8,0.036
6,8,0.542
6,8,0.815
6,8,0.034
6,8,0.353
6,8,1.517
6,8,0.675
6,8,0.545
6,8,0.744
6,8,0.626
6,8,0.889
6,8,0.126
6,9,0.247
6,9,0.765
6,9,0.589
6,9,0.637
6,9,0.289
6,9,0.622
6,9,0.408
6,9,0.488
6,9,0.49
6,9,0.343
6,9,0.761
6,9,0.286
6,9,0.11
6,9,0.198
6,9,0.542
6,9,0.511
6,9,0.52
6,9,0.796
6,9,1.543
6,9,0.018
6,9,0.508
6,9,0.797
6,9,0.605
6,9,0.884
6,9,0.477
6,9,0.862
6,9,0.295
6,9,0.475
6,9,0.048
6,9,0.043
6,9,0.762
6,9,0.299
6,9,0.346
6,9,0.086
6,9,0.452
6,9,0.035
6,10,0.448
6,10,0.06
6,10,0.421
6,10,0.896
6,10,0.113
6,10,0.056
6,10,0.614
6,10,0.25
6,10,0.434
6,10,0.042
6,10,0.154
6,10,0.266
6,10,0.054
6,10,0.519
6,10,0.414
6,10,0.526
6,10,0.427
6,10,0.31
6,10,0.715
6,10,1.769
6,10,0.239
6,10,0.856
6,10,0.4
6,10,0.039
6,10,0.237
6,10,0.941
6,10,1.808
6,10,0.79
6,10,0.964
6,10,0.031
6,10,0.235
6,10,1.243
6,10,0.959
6,10,0.03
6,10,0.496
6,10,0.503
6,10,0.552
6,10,0.623
6,10,0.488
6,11,0.122
6,11,0.781
6,11,0.707
6,11,0.035
6,11,0.268
6,11,0.217
6,11,0.335
6,11,0.978
6,11,1.19
6,11,0.226
6,11,0.635
6,11,0.586
6,11,0.022
6,11,0.291
6,11,0.713
6,11,1.185
6,11,1.229
6,11,0.89
6,11,0.905
6,11,1.973
6,11,0.676
6,11,0.01
6,11,0.042
6,11,0.066
6,11,0.455
6,11,0.481
6,11,0.609
6,11,0.875
6,11,0.527
6,11,0.073
6,11,0.885
6,11,0.199
6,11,1.072
6,11,0.028
6,11,0.745
6,11,0.902
6,11,0.558
6,11,0.252
6,11,0.479
6,11,0.051
6,11,1.853
6,11,1.051
6,11,0.361
6,11,0.296
6,11,0.031
6,11,0.921
6,11,0.204
6,11,0.067
6,11,1.083
6,11,0.085
6,11,1.055
6,11,0.805
6,12,0.105
6,12,0.66
6,12,0.029
6,12,0.201
6,12,0.29
6,12,0.5
6,12,0.624
6,12,0.266
6,12,0.227
6,12,0.411
6,12,0.108
6,12,0.349
6,12,0.03
6,12,0.158
6,12,0.051
6,12,0.568
6,12,0.025
6,12,0.653
6,12,0.037
6,12,0.018
6,12,0.481
6,12,0.127
6,12,0.296
6,12,0.052
6,12,0.059
6,12,0.076
6,12,0.886
6,12,0.087
6,12,0.024
6,12,0.073
6,12,0.826
6,12,0.042
6,12,0.213
6,12,0.423
6,12,0.298
6,12,0.623
6,13,0.358
6,13,0.511
6,13,0.059
6,13,0.265
6,13,0.056
6,13,0.5
6,13,1.005
6,13,1.493
6,13,0.589
6,13,1.285
6,13,0.4
6,13,0.533
6,13,0.051
6,13,0.559
6,13,0.623
6,13,0.913
6,13,0.031
6,13,0.309
6,13,0.561
6,13,0.735
6,13,0.33
6,13,0.693
6,13,0.061
6,13,0.321
6,13,0.706
6,13,0.658
6,13,0.458
6,13,0.212
6,13,0.708
6,13,0.829
6,13,0.879
6,13,0.027
6,14,0.494
6,14,0.067
6,14,0.044
6,14,0.836
6,14,1.174
6,14,0.044
6,14,0.032
6,14,0.125
6,14,0.529
6,14,0.077
6,14,0.388
6,14,0.919
6,14,0.512
6,14,0.804
6,14,0.462
6,14,0.624
6,14,0.011
6,14,0.914
6,14,0.048
6,14,1.109
6,14,0.788
6,14,0.101
6,14,0.052
6,14,0.046
6,14,0.862
6,14,0.608
6,14,0.472
6,14,0.44
6,14,0.529
6,14,0.089
6,14,0.009
6,15,0.037
6,15,0.044
6,15,0.943
6,15,0.753
6,15,1.151
6,15,1.31
6,15,0.612
6,15,0.306
6,15,0.765
6,15,0.766
6,15,0.069
6,15,0.534
6,15,1.205
6,15,1.106
6,15,0.64
6,15,0.026
6,15,0.402
6,15,0.704
6,15,0.155
6,15,0.92
6,15,0.576
6,15,0.731
6,15,0.201
6,15,0.106
6,15,0.525
6,15,0.352
6,15,0.793
6,15,1.319
6,16,0.045
6,16,0.845
6,16,0.038
6,16,0.731
6,16,0.025
6,16,0.073
6,16,0.404
6,16,0.693
6,16,0.066
6,16,0.068
6,16,0.247
6,16,0.131
6,16,0.045
6,16,0.745
6,16,0.12
6,16,0.356
6,16,0.232
6,16,1.055
6,16,0.342
6,16,0.041
6,16,0.857
6,16,0.628
6,16,0.043
6,16,0.089
6,16,0.044
6,16,1.129
6,16,0.092
6,16,0.084
6,17,0.223
6,17,0.932
6,17,0.808
6,17,0.093
6,17,0.022
6,17,0.026
6,17,1.074
6,17,1.108
6,17,0.136
6,17,0.099
6,17,0.735
6,17,0.948
6,17,0.54
6,17,0.346
6,17,0.703
6,17,0.017
6,17,0.798
6,17,0.438
6,17,0.046
6,17,0.201
6,17,0.274
6,17,0.045
6,17,0.554
6,17,0.071
6,17,0.241
6,17,0.097
6,17,1.758
6,17,0.049
6,17,0.108
6,17,0.023
6,17,0.041
6,18,0.091
6,18,0.826
6,18,0.402
6,18,0.612
6,18,0.791
6,18,0.749
6,18,0.072
6,18,1.324
6,18,0.525
6,18,0.652
6,18,0.021
6,18,0.093
6,18,1.063
6,18,0.331
6,18,0.615
6,18,0.71
6,18,0.603
6,18,0.241
6,18,0.86
6,18,0.449
6,18,0.009
6,18,0.885
6,18,0.537
6,18,0.843
6,18,0.545
6,18,0.093
6,18,0.731
6,18,0.065
6,18,0.022
6,18,0.074
6,18,0.557
6,18,0.127
6,18,0.285
6,18,0.112
6,18,0.251
6,18,0.749
6,18,0.435
6,18,0.017
6,18,0.497
6,19,1.196
6,19,0.357
6,19,0.331
6,19,0.556
6,19,0.039
6,19,0.306
6,19,1.115
6,19,0.346
6,19,0.974
6,19,0.162
6,19,1.38
6,19,0.3
6,19,1.17
6,19,0.296
6,19,0.02
6,19,0.142
6,19,1.248
6,19,0.521
6,19,0.473
6,19,0.747
6,19,0.885
6,19,0.43
6,19,0.353
6,19,0.521
6,19,0.758
6,19,0.378
6,19,0.038
6,20,0.195
6,20,0.088
6,20,0.02
6,20,0.043
6,20,0.102
6,20,0.513
6,20,0.099
6,20,0.335
6,20,0.041
6,20,0.05
6,20,0.052
6,20,0.607
6,20,0.664
6,20,0.681
6,20,0.529
6,20,0.781
6,20,0.616
6,20,0.019
6,20,0.017
6,20,0.042
6,20,0.055
6,20,0.411
6,20,0.273
6,20,0.099
6,20,0.384
6,20,0.71
6,20,0.035
6,21,0.994
6,21,0.09
6,21,0.04
6,21,0.852
6,21,0.527
6,21,0.032
6,21,0.947
6,21,0.854
6,21,0.116
6,21,0.711
6,21,0.755
6,21,0.511
6,21,0.075
6,21,0.595
6,21,1.023
6,21,0.41
6,21,0.029
6,21,0.224
6,21,0.137
6,21,0.755
6,21,0.243
6,21,0.073
6,21,0.689
6,21,1.261
6,21,0.65
6,22,0.169
6,22,0.64
6,22,0.055
6,22,0.419
6,22,1.079
6,22,0.01
6,22,0.307
6,22,0.344
6,22,0.048
6,22,0.3
6,22,0.082
6,22,0.149
6,22,0.129
6,22,0.011
6,22,0.055
6,22,0.227
6,22,0.274
6,22,0.037
6,22,0.867
6,22,0.016
6,22,0.027
6,22,0.474
6,22,0.767
6,23,0.103
6,23,0.044
6,23,0.112
6,23,0.09
6,23,0.105
6,23,0.53
6,23,1.125
6,23,0.984
6,23,0.48
6,23,0.036
6,23,0.309
6,23,0.041
6,23,0.05
6,23,0.078
6,23,0.064
6,23,0.588
6,23,0.141
6,23,0.476
6,23,1.374
6,23,0.033
6,23,0.763
6,23,0.021
6,23,0.078
6,23,0.469
6,24,0.174
6,24,0.128
6,24,0.09
6,24,0.613
6,24,0.084
6,24,0.114
6,24,0.457
6,24,0.012
6,24,1.361
6,24,0.56
6,24,1.128
6,24,0.033
6,24,0.655
6,24,0.625
6,24,0.554
6,24,0.312
6,24,0.064
6,24,0.075
6,24,0.421
6,24,0.868
6,24,1.321
6,24,0.018
6,24,0.277
6,24,1.581
6,24,0.603
6,25,0.206
6,25,0.183
6,25,0.818
6,25,1.258
6,25,0.776
6,25,0.671
6,25,0.088
6,25,0.931
6,25,0.712
6,25,0.122
6,25,0.064
6,25,0.035
6,25,0.02
6,25,0.027
6,25,0.446
6,25,0.068
6,25,0.166
6,25,0.068
6,25,1.043
6,25,0.074
6,25,0.082
6,25,0.672
6,26,0.407
6,26,0.057
6,26,0.062
6,26,0.368
6,26,0.061
6,26,0.04
6,26,0.968
6,26,0.873
6,26,0.034
6,26,1.008
6,26,0.058
6,26,0.039
6,26,0.14
6,26,0.516
6,26,0.018
6,26,0.032
6,26,0.034
6,26,0.08
6,27,0.024
6,27,0.058
6,27,0.038
6,27,0.571
6,27,0.026
6,27,0.07
6,27,0.052
6,27,0.049
6,27,0.02
6,27,0.341
6,27,0.05
6,27,0.058
6,27,0.177
6,27,0.76
6,27,0.3
6,27,0.02
6,27,0.042
6,27,0.854
6,27,0.017
6,27,0.212
6,28,0.494
6,28,0.082
6,28,0.075
6,28,0.015
6,28,0.385
6,28,0.104
6,28,0.58
6,28,0.387
6,28,1.143
6,28,0.66
6,28,0.416
6,28,0.428
6,28,0.07
6,28,0.858
6,28,0.104
6,28,0.088
6,28,0.925
6,28,0.088
6,28,0.088
6,28,1.157
6,28,1.076
6,28,0.049
6,28,0.311
6,28,0.874
6,28,0.818
6,28,0.007
6,29,0.421
6,29,0.117
6,29,0.633
6,29,1.182
6,29,0.404
6,29,1.336
6,29,0.018
6,29,0.13
6,29,0.135
6,29,0.038
6,29,1.042
6,29,0.068
6,29,0.083
6,29,0.101
6,29,0.01
6,29,0.649
6,29,1.052
6,29,1.102
6,29,0.755
6,29,0.14
6,30,0.445
6,30,0.266
6,30,0.186
6,30,0.404
6,30,0.36
6,30,0.179
6,30,0.065
6,30,0.133
6,30,0.135
6,30,0.641
6,30,0.059
6,30,1.014
6,30,0.093
6,30,0.692
6,30,0.809
6,30,0.896
6,30,0.068
6,30,0.129
6,30,0.274
