1,1,0.701
1,1,1.091
1,1,1.341
1,1,0.836
1,1,0.453
1,1,0.999
1,1,0.817
1,1,1.051
1,1,0.608
1,1,0.881
1,1,1.387
1,1,1.027
1,1,0.385
1,1,1.386
1,1,1.96
1,1,0.543
1,1,1.415
1,1,0.592
1,1,1.143
1,1,1.083
1,1,0.785
1,1,0.914
1,1,0.949
1,1,1.588
1,1,0.681
1,1,0.587
1,1,1.023
1,1,1.419
1,1,0.081
1,1,1.166
1,1,0.884
1,1,1.04
1,2,0.979
1,2,0.194
1,2,1.08
1,2,1.196
1,2,0.243
1,2,1.858
1,2,1.173
1,2,0.823
1,2,0.091
1,2,1.476
1,2,1.238
1,2,0.454
1,2,1.308
1,2,0.787
1,2,0.468
1,2,0.979
1,2,0.883
1,2,0.433
1,2,0.538
1,2,0.811
1,2,1.112
1,2,0.071
1,2,0.853
1,2,1.047
1,2,1.07
1,3,0.809
1,3,0.582
1,3,1.234
1,3,1.275
1,3,0.774
1,3,1.37
1,3,0.849
1,3,1.121
1,3,1.439
1,3,0.421
1,3,1.185
1,3,0.362
1,3,0.799
1,3,1.122
1,3,0.811
1,3,0.976
1,3,1.446
1,3,0.912
1,3,0.65
1,3,1.117
1,3,0.557
1,3,0.89
1,3,0.877
1,3,0.059
1,3,0.806
1,3,0.904
1,3,0.914
1,3,0.954
1,4,0.076
1,4,0.494
1,4,0.412
1,4,0.984
1,4,1.203
1,4,0.882
1,4,0.719
1,4,0.695
1,4,0.646
1,4,0.361
1,4,0.093
1,4,1.196
1,4,0.478
1,4,1.037
1,4,1.175
1,4,0.543
1,4,0.828
1,4,0.04
1,4,0.884
1,4,0.723
1,4,1.189
1,4,0.817
1,4,1.123
1,4,0.94
1,4,0.659
1,5,0.891
1,5,0.528
1,5,1.358
1,5,1.012
1,5,1.208
1,5,0.857
1,5,0.925
1,5,0.753
1,5,1.135
1,5,0.55
1,5,0.163
1,5,0.57
1,5,1.255
1,5,1.176
1,5,0.971
1,5,0.804
1,5,0.831
1,5,0.137
1,5,1.054
1,5,0.894
1,5,0.461
1,5,0.567
1,5,0.083
1,5,0.979
1,5,0.963
1,5,0.569
1,5,0.476
1,6,0.892
1,6,0.734
1,6,0.549
1,6,0.837
1,6,1.378
1,6,0.051
1,6,1.093
1,6,0.969
1,6,0.142
1,6,0.054
1,6,0.719
1,6,0.766
1,6,0.714
1,6,0.458
1,6,0.285
1,6,0.671
1,6,0.011
1,6,0.05
1,6,0.244
1,6,1.469
1,6,0.622
1,6,0.607
1,6,0.815
1,6,0.841
1,6,0.897
1,6,1.055
1,7,0.797
1,7,0.754
1,7,0.057
1,7,1.11
1,7,0.352
1,7,0.075
1,7,0.824
1,7,0.806
1,7,0.094
1,7,0.421
1,7,0.816
1,7,0.499
1,7,0.818
1,7,0.687
1,7,0.195
1,7,1.173
1,7,0.736
1,7,0.355
1,7,0.978
1,7,0.047
1,7,0.468
1,7,0.972
1,7,0.543
1,7,1.057
1,8,1.053
1,8,0.476
1,8,0.003
1,8,0.122
1,8,1.13
1,8,0.855
1,8,0.039
1,8,0.812
1,8,0.578
1,8,0.921
1,8,1.597
1,8,1.203
1,8,0.238
1,8,1.188
1,8,0.047
1,8,0.255
1,8,0.544
1,8,1.017
1,8,0.083
1,8,1.098
1,8,0.744
1,8,0.601
1,8,0.336
1,9,0.265
1,9,0.457
1,9,1.101
1,9,0.069
1,9,0.543
1,9,0.406
1,9,0.892
1,9,0.871
1,9,0.5
1,9,1.38
1,9,2.215
1,9,1.143
1,9,0.022
1,9,0.107
1,9,1.069
1,9,0.516
1,9,0.746
1,9,0.927
1,9,1.304
1,9,0.069
1,9,0.038
1,9,0.978
1,9,0.728
1,10,0.043
1,10,0.923
1,10,0.643
1,10,1.066
1,10,0.046
1,10,0.61
1,10,0.062
1,10,1.127
1,10,0.936
1,10,0.717
1,10,1.303
1,10,0.928
1,10,0.476
1,10,0.731
1,10,0.117
1,10,1.2
1,10,1.309
1,10,0.189
1,10,0.53
1,11,0.062
1,11,1.293
1,11,0.836
1,11,0.913
1,11,0.084
1,11,0.079
1,11,0.869
1,11,1.02
1,11,0.936
1,11,1.501
1,11,0.098
1,11,1.199
1,11,0.305
1,11,0.036
1,11,0.453
1,11,0.22
1,12,1.424
1,12,0.068
1,12,0.434
1,12,0.399
1,12,0.742
1,12,1.068
1,12,0.06
1,12,0.383
1,12,0.044
1,12,1.126
1,12,0.218
1,12,0.075
1,12,0.492
1,12,1.125
1,12,0.22
1,12,0.89
1,12,1.27
1,13,0.055
1,13,1.2
1,13,0.964
1,13,0.226
1,13,1.555
1,13,1.384
1,13,0.691
1,13,0.05
1,13,0.064
1,13,0.807
1,13,0.152
1,13,1.264
1,13,0.461
1,13,0.091
1,13,0.833
1,14,0.2
1,14,0.89
1,14,0.542
1,14,0.077
1,14,0.64
1,14,0.293
1,14,0.062
1,14,0.087
1,14,1.192
1,14,0.201
1,14,0.791
1,14,0.922
1,14,0.376
1,14,0.685
1,15,0.059
1,15,0.344
1,15,0.04
1,15,1.339
1,15,1.356
1,15,0.398
1,15,0.982
1,15,0.075
1,15,1.125
1,15,1.103
1,15,0.334
1,15,1.396
1,15,0.413
1,15,0.61
1,16,0.103
1,16,1.51
1,16,1.137
1,16,0.113
1,16,1.104
1,16,0.801
1,16,0.129
1,16,0.834
1,16,0.142
1,16,1.299
1,16,0.915
1,16,1.189
1,16,0.325
1,16,0.327
1,17,0.14
1,17,0.302
1,17,0.088
1,17,0.451
1,17,0.757
1,17,1.205
1,17,0.068
1,17,0.813
1,17,0.082
1,17,0.121
1,17,0.088
1,17,0.116
1,17,1.178
1,17,0.086
1,17,0.034
1,18,0.084
1,18,0.065
1,18,0.031
1,18,1.015
1,18,0.967
1,18,0.379
1,18,1.037
1,18,0.191
1,18,1.215
1,18,0.049
1,18,0.065
1,18,0.927
1,18,0.842
1,18,0.293
1,18,1.166
1,18,0.749
1,19,0.407
1,19,0.091
1,19,0.138
1,19,0.093
1,19,0.044
1,19,1.106
1,19,0.067
1,19,0.594
1,19,0.072
1,19,0.352
1,19,1.047
1,19,0.053
1,19,0.041
1,19,0.854
1,19,0.127
1,19,0.061
1,19,0.862
1,20,0.076
1,20,0.086
1,20,0.828
1,20,1.005
1,20,0.942
1,20,0.083
1,20,0.653
1,20,0.136
1,20,0.32
1,20,0.711
1,20,0.134
1,20,0.103
1,20,0.578
1,20,0.491
1,20,0.067
1,20,1.181
1,20,0.549
1,20,0.033
1,20,0.064
1,20,0.272
1,21,1.166
1,21,0.06
1,21,0.443
1,21,0.468
1,21,0.077
1,21,0.453
1,21,0.604
1,21,0.095
1,21,0.104
1,21,0.029
1,22,0.126
1,22,0.11
1,22,0.035
1,22,0.093
1,22,0.153
1,22,0.947
1,22,1.535
1,22,0.482
1,22,0.056
1,22,0.94
1,22,0.751
1,22,0.047
1,22,0.613
1,22,0.731
1,22,0.47
1,23,0.025
1,23,0.064
1,23,0.925
1,23,0.059
1,23,0.079
1,23,1.188
1,23,0.042
1,23,0.858
1,23,0.549
1,23,1.667
1,23,0.035
1,23,0.059
1,23,0.053
1,23,1.223
1,23,0.78
1,23,0.952
1,23,0.069
1,24,0.089
1,24,0.793
1,24,0.622
1,24,0.306
1,24,0.055
1,24,0.15
1,24,0.036
1,24,0.039
1,24,0.79
1,24,0.1
1,24,0.052
1,24,0.767
1,24,0.22
1,25,0.176
1,25,0.649
1,25,1.193
1,25,0.706
1,25,0.442
1,25,0.089
1,25,0.432
1,25,1.066
1,25,0.252
1,26,0.265
1,26,0.149
1,26,0.111
1,26,0.958
1,26,0.699
1,26,0.08
1,26,0.128
1,26,0.475
1,26,0.037
1,26,0.12
1,27,0.596
1,27,0.128
1,27,0.392
1,27,0.397
1,27,0.054
1,27,0.07
1,27,0.796
1,27,0.031
1,27,1.492
1,27,0.853
1,27,0.08
1,28,0.745
1,28,1.3
1,28,0.025
1,28,0.076
1,28,0.057
1,28,0.127
1,28,1.074
1,28,0.018
1,28,0.773
1,28,0.05
1,28,0.101
1,29,0.076
1,29,0.414
1,29,0.146
1,29,1.027
1,29,0.056
1,29,1.306
1,29,0.052
1,29,0.359
1,29,0.037
1,29,0.06
1,29,0.043
1,29,0.037
1,29,0.09
1,29,0.104
1,29,0.093
1,29,0.619
1,30,1.45
1,30,0.705
1,30,0.054
1,30,0.416
1,30,0.071
1,30,0.877
1,30,0.955
1,30,0.055
2,1,0.859
2,1,1.215
2,1,1.214
2,1,1.344
2,1,1.786
2,1,1.899
2,1,1.885
2,1,1.404
2,1,0.884
2,1,1.011
2,1,0.112
2,1,1.611
2,1,1.704
2,1,0.972
2,1,0.791
2,1,2.16
2,1,0.059
2,1,0.981
2,1,1.434
2,1,0.951
2,1,1.038
2,1,0.843
2,1,1.58
2,1,1.489
2,1,0.56
2,1,0.632
2,1,0.703
2,1,2.174
2,1,0.614
2,1,2.037
2,1,1.275
2,1,1.095
2,2,0.63
2,2,1.144
2,2,1.019
2,2,1.277
2,2,0.815
2,2,1.297
2,2,0.926
2,2,0.706
2,2,0.865
2,2,1.593
2,2,0.89
2,2,0.915
2,2,1.029
2,2,1.667
2,2,1.314
2,2,1.227
2,2,1.26
2,2,0.916
2,2,1.316
2,2,1.429
2,2,0.978
2,2,0.765
2,2,0.861
2,2,1.718
2,2,0.981
2,2,0.007
2,2,0.765
2,2,1.258
2,2,0.981
2,2,0.797
2,2,1.256
2,2,1.056
2,2,1.031
2,2,1.092
2,2,1.238
2,3,0.398
2,3,0.884
2,3,1.314
2,3,1.066
2,3,1.418
2,3,0.082
2,3,1.35
2,3,1.037
2,3,0.722
2,3,1.169
2,3,1.099
2,3,0.089
2,3,0.724
2,3,1.06
2,3,1.909
2,3,0.99
2,3,0.995
2,3,0.379
2,3,1.199
2,3,1.292
2,3,0.024
2,3,1.093
2,3,0.849
2,3,1.435
2,3,1.026
2,3,1.634
2,3,1.638
2,3,1.158
2,3,0.769
2,3,0.974
2,3,0.684
2,3,0.914
2,3,0.92
2,3,1.211
2,3,1.513
2,3,1.501
2,4,0.557
2,4,1.025
2,4,0.946
2,4,0.838
2,4,1.392
2,4,1.006
2,4,1.284
2,4,0.241
2,4,0.564
2,4,0.75
2,4,1.268
2,4,1.242
2,4,0.618
2,4,0.694
2,4,0.428
2,4,1.003
2,4,1.284
2,4,1.04
2,4,0.807
2,4,1.601
2,4,1.046
2,4,0.594
2,4,1.007
2,4,0.886
2,4,1.356
2,4,1.736
2,4,0.664
2,4,1.639
2,4,0.176
2,4,0.95
2,4,1.461
2,5,0.839
2,5,1.153
2,5,1.099
2,5,0.485
2,5,1.168
2,5,0.676
2,5,1.911
2,5,0.816
2,5,0.582
2,5,0.827
2,5,0.557
2,5,0.471
2,5,1.77
2,5,1.268
2,5,0.422
2,5,0.901
2,5,0.487
2,5,1.216
2,5,1.604
2,5,1.711
2,5,1.483
2,5,1.091
2,5,0.418
2,5,0.73
2,5,0.128
2,5,0.871
2,5,1.263
2,5,0.881
2,5,0.788
2,5,1.122
2,5,1.257
2,5,1.468
2,5,1.536
2,5,1.137
2,6,1.427
2,6,0.176
2,6,0.928
2,6,0.678
2,6,0.712
2,6,0.773
2,6,0.685
2,6,2.181
2,6,1.188
2,6,1.217
2,6,1.988
2,6,1.459
2,6,0.713
2,6,1.017
2,6,1.235
2,6,1.605
2,6,0.945
2,6,1.242
2,6,0.662
2,6,2.04
2,6,1.396
2,6,0.464
2,6,0.813
2,6,0.953
2,6,1.111
2,6,1.647
2,6,1.52
2,6,0.644
2,6,1.144
2,6,1.468
2,6,1.157
2,6,0.965
2,6,0.828
2,7,0.983
2,7,0.526
2,7,0.669
2,7,1.63
2,7,0.904
2,7,1.806
2,7,1.192
2,7,0.894
2,7,1.538
2,7,1.214
2,7,0.856
2,7,1.002
2,7,0.493
2,7,0.772
2,7,1.013
2,7,1.711
2,7,0.615
2,7,0.235
2,7,1.061
2,7,0.848
2,7,1.011
2,7,0.92
2,7,1.323
2,7,0.074
2,7,0.976
2,7,1.53
2,7,0.896
2,7,0.712
2,7,1.18
2,7,0.919
2,8,1.145
2,8,0.646
2,8,1.2
2,8,0.795
2,8,1.254
2,8,0.646
2,8,0.262
2,8,1.077
2,8,0.043
2,8,0.838
2,8,0.234
2,8,0.784
2,8,0.628
2,8,0.076
2,8,0.441
2,8,1.086
2,8,1.154
2,8,0.886
2,8,0.909
2,8,0.686
2,8,1.306
2,8,1.185
2,8,1.187
2,8,1.366
2,8,1.173
2,8,1.153
2,8,0.646
2,8,1.053
2,8,0.852
2,8,0.805
2,8,0.048
2,8,0.79
2,8,0.479
2,8,1.336
2,8,0.77
2,8,0.975
2,8,0.382
2,8,0.333
2,9,0.187
2,9,0.562
2,9,0.031
2,9,0.656
2,9,0.806
2,9,1.526
2,9,0.753
2,9,0.75
2,9,0.217
2,9,0.396
2,9,0.045
2,9,0.791
2,9,1.043
2,9,2.127
2,9,0.771
2,9,0.719
2,9,0.444
2,9,0.042
2,9,1.022
2,9,1.324
2,9,1.208
2,9,0.879
2,9,0.78
2,9,0.781
2,9,0.688
2,9,1.369
2,9,1.527
2,9,1.114
2,9,0.659
2,9,1.248
2,9,0.368
2,9,0.851
2,9,0.827
2,9,0.816
2,9,0.805
2,9,0.908
2,9,0.025
2,9,0.837
2,9,1.029
2,9,0.971
2,10,1.401
2,10,1.024
2,10,2.125
2,10,0.082
2,10,0.063
2,10,1.056
2,10,1.155
2,10,0.676
2,10,1.102
2,10,1.157
2,10,0.986
2,10,1.072
2,10,0.659
2,10,0.817
2,10,0.686
2,10,1.542
2,10,1.464
2,10,0.745
2,10,0.784
2,10,0.085
2,10,1.017
2,10,1.129
2,10,0.831
2,10,0.429
2,10,1.096
2,10,0.876
2,10,0.44
2,10,0.393
2,10,0.113
2,10,0.176
2,10,1.157
2,10,0.703
2,10,1.292
2,10,0.649
2,10,0.96
2,10,1.112
2,10,1.1
2,10,0.843
2,10,0.54
2,11,0.028
2,11,0.95
2,11,0.52
2,11,0.825
2,11,0.479
2,11,0.888
2,11,1.089
2,11,1.548
2,11,0.409
2,11,0.404
2,11,0.029
2,11,0.888
2,11,1.443
2,11,0.049
2,11,0.308
2,11,1.68
2,11,0.696
2,11,0.116
2,11,1.181
2,11,0.173
2,11,1.156
2,11,0.019
2,11,0.596
2,11,0.072
2,11,1.525
2,11,1.099
2,11,0.513
2,11,1.047
2,11,0.753
2,11,1.491
2,11,1.169
2,11,0.013
2,11,0.74
2,11,1.205
2,11,1.569
2,12,0.479
2,12,0.066
2,12,0.628
2,12,0.807
2,12,0.866
2,12,1.588
2,12,0.113
2,12,0.039
2,12,0.659
2,12,1.071
2,12,0.978
2,12,0.751
2,12,0.522
2,12,0.897
2,12,0.875
2,12,1.064
2,12,0.837
2,12,1.347
2,12,0.097
2,12,1.1
2,12,0.748
2,12,0.61
2,12,0.796
2,12,0.686
2,12,0.648
2,12,1.421
2,12,0.061
2,12,1.336
2,12,0.715
2,12,0.034
2,12,0.62
2,12,0.923
2,12,1.293
2,12,0.672
2,12,0.064
2,12,1.367
2,12,0.078
2,12,0.249
2,12,0.029
2,13,0.758
2,13,0.626
2,13,0.07
2,13,0.302
2,13,0.254
2,13,0.076
2,13,0.121
2,13,0.206
2,13,0.649
2,13,1.048
2,13,0.969
2,13,1.25
2,13,1.152
2,13,0.773
2,13,0.014
2,13,0.112
2,13,0.683
2,13,0.047
2,13,1.161
2,13,1.388
2,13,0.915
2,13,1.169
2,13,0.498
2,13,0.765
2,13,0.684
2,13,0.804
2,13,0.83
2,13,0.861
2,13,0.046
2,13,0.989
2,13,0.696
2,13,1.21
2,13,1.314
2,13,1.075
2,13,0.429
2,13,0.804
2,14,0.049
2,14,0.845
2,14,0.629
2,14,1.423
2,14,1.032
2,14,0.104
2,14,0.119
2,14,1.306
2,14,1.061
2,14,0.401
2,14,0.026
2,14,0.032
2,14,1.145
2,14,0.408
2,14,0.111
2,14,0.474
2,14,0.741
2,14,1.375
2,14,0.835
2,14,1.847
2,14,0.734
2,14,0.087
2,14,1.227
2,14,0.082
2,14,0.119
2,14,1.765
2,14,1.934
2,14,0.892
2,14,1.15
2,14,0.601
2,14,1.385
2,14,1.322
2,14,1.394
2,14,1.42
2,14,0.872
2,14,1.367
2,14,0.784
2,14,0.029
2,14,0.43
2,15,1.43
2,15,0.862
2,15,1.287
2,15,0.417
2,15,0.175
2,15,0.197
2,15,0.123
2,15,0.529
2,15,0.054
2,15,1.046
2,15,0.08
2,15,0.024
2,15,0.081
2,15,0.674
2,15,1.162
2,15,1.208
2,15,0.134
2,15,0.16
2,15,0.098
2,15,0.094
2,15,0.105
2,15,0.528
2,15,1.304
2,15,1.216
2,15,0.202
2,15,0.752
2,15,0.576
2,15,0.72
2,15,1.003
2,15,0.103
2,15,0.927
2,15,0.049
2,15,0.436
2,15,0.161
2,15,0.317
2,15,0.568
2,16,1.106
2,16,0.587
2,16,0.977
2,16,0.938
2,16,0.124
2,16,0.226
2,16,0.107
2,16,0.02
2,16,0.1
2,16,0.8
2,16,0.702
2,16,0.391
2,16,0.114
2,16,1.281
2,16,0.37
2,16,0.1
2,16,1.409
2,16,1.01
2,16,0.029
2,16,1.853
2,16,0.743
2,16,0.855
2,16,0.04
2,16,0.073
2,16,1.15
2,16,0.026
2,16,0.11
2,16,0.555
2,16,0.054
2,16,0.832
2,16,1.133
2,16,0.863
2,16,0.928
2,16,0.04
2,16,1.078
2,16,1.119
2,16,0.358
2,16,1.295
2,16,0.333
2,17,1.784
2,17,1.767
2,17,0.104
2,17,0.931
2,17,0.166
2,17,0.789
2,17,1.686
2,17,0.057
2,17,0.041
2,17,1.386
2,17,1.314
2,17,1.541
2,17,0.071
2,17,0.053
2,17,0.872
2,17,0.647
2,17,0.011
2,17,1.099
2,17,1.374
2,17,1.08
2,17,0.04
2,17,0.109
2,17,1.525
2,17,1.043
2,17,1.162
2,17,0.095
2,17,1.092
2,17,0.04
2,17,1.362
2,17,0.998
2,18,1.077
2,18,0.114
2,18,0.086
2,18,0.824
2,18,0.051
2,18,0.051
2,18,0.062
2,18,1.7
2,18,0.221
2,18,0.922
2,18,1.759
2,18,0.09
2,18,0.067
2,18,1.46
2,18,0.666
2,18,0.107
2,18,0.812
2,18,0.066
2,18,1.455
2,18,1.143
2,18,0.584
2,18,1.565
2,18,1.176
2,18,0.596
2,18,0.947
2,18,0.07
2,18,1.053
2,18,0.121
2,18,0.689
2,18,1.094
2,18,0.844
2,18,0.074
2,18,0.83
2,18,0.955
2,18,1.178
2,19,0.079
2,19,0.658
2,19,0.05
2,19,0.772
2,19,0.694
2,19,0.06
2,19,0.048
2,19,1.772
2,19,1.106
2,19,0.201
2,19,0.021
2,19,1.055
2,19,0.498
2,19,0.167
2,19,0.88
2,19,1.527
2,19,0.078
2,19,0.496
2,19,0.162
2,19,1.016
2,19,0.93
2,19,0.061
2,19,1.142
2,19,0.271
2,19,0.101
2,19,0.517
2,19,0.855
2,19,1.548
2,19,0.219
2,19,0.656
2,19,1.001
2,19,0.892
2,19,0.781
2,19,0.596
2,19,0.063
2,19,1.124
2,19,1.211
2,19,0.835
2,20,0.124
2,20,0.222
2,20,0.506
2,20,0.086
2,20,0.851
2,20,1.242
2,20,1.344
2,20,0.899
2,20,0.875
2,20,0.037
2,20,1.321
2,20,0.037
2,20,1.271
2,20,0.628
2,20,0.083
2,20,0.163
2,20,0.471
2,20,0.966
2,20,0.855
2,20,1.013
2,20,0.523
2,20,0.124
2,20,1.145
2,20,0.047
2,20,0.101
2,20,0.057
2,20,1.736
2,20,1.452
2,20,1.313
2,20,0.831
2,20,0.97
2,20,0.366
2,20,0.639
2,21,0.602
2,21,0.388
2,21,1.344
2,21,1.588
2,21,1.139
2,21,1.236
2,21,1.089
2,21,1.459
2,21,0.351
2,21,0.064
2,21,0.56
2,21,0.115
2,21,1.748
2,21,0.023
2,21,0.903
2,21,1.757
2,21,1.065
2,21,1.175
2,21,1.031
2,21,0.962
2,21,0.684
2,21,1.012
2,21,1.56
2,21,0.31
2,21,0.111
2,21,0.815
2,21,1.067
2,21,1.111
2,21,0.093
2,21,0.084
2,21,0.508
2,22,1.332
2,22,0.207
2,22,0.037
2,22,0.062
2,22,0.123
2,22,1.375
2,22,0.118
2,22,0.058
2,22,0.58
2,22,0.953
2,22,0.045
2,22,0.723
2,22,0.451
2,22,0.082
2,22,1.11
2,22,1.157
2,22,0.086
2,22,0.803
2,22,0.479
2,22,0.619
2,22,0.993
2,22,0.025
2,22,0.181
2,22,0.348
2,22,0.066
2,22,1.226
2,22,1.205
2,22,0.087
2,22,0.764
2,22,1.192
2,22,0.871
2,22,1.435
2,22,0.371
2,22,0.303
2,22,0.121
2,22,0.128
2,23,0.964
2,23,0.999
2,23,0.443
2,23,0.515
2,23,1.566
2,23,0.164
2,23,0.106
2,23,0.543
2,23,0.083
2,23,0.678
2,23,0.061
2,23,1.391
2,23,1.368
2,23,1.395
2,23,0.044
2,23,1.117
2,23,0.892
2,23,1.401
2,23,1.391
2,23,0.316
2,23,1.02
2,23,1.087
2,23,0.401
2,23,1.557
2,23,1.011
2,23,1.194
2,23,1.28
2,23,0.289
2,23,0.732
2,23,1.324
2,23,1.85
2,23,0.996
2,23,0.5
2,23,0.461
2,23,0.109
2,23,1.293
2,23,0.215
2,23,0.27
2,24,0.387
2,24,1.413
2,24,0.135
2,24,0.111
2,24,0.5
2,24,1.609
2,24,1.096
2,24,0.351
2,24,1.02
2,24,0.077
2,24,0.427
2,24,0.144
2,24,1.232
2,24,0.93
2,24,0.25
2,24,1.273
2,24,0.275
2,24,1.059
2,24,0.038
2,24,0.71
2,24,0.066
2,24,1.139
2,24,1.069
2,24,0.286
2,24,0.052
2,24,1.027
2,24,0.522
2,24,0.932
2,24,0.793
2,24,0.741
2,24,1.129
2,24,0.549
2,24,1.083
2,24,0.015
2,25,0.174
2,25,1.361
2,25,1.026
2,25,0.044
2,25,0.83
2,25,0.111
2,25,1.511
2,25,1.269
2,25,0.088
2,25,0.138
2,25,0.184
2,25,1.381
2,25,0.08
2,25,1.292
2,25,0.72
2,25,0.039
2,25,0.961
2,25,0.908
2,25,0.02
2,25,0.14
2,25,1.694
2,25,1.221
2,25,1.091
2,25,0.81
2,25,0.875
2,25,0.573
2,25,0.458
2,25,0.503
2,25,1.015
2,25,0.15
2,25,0.024
2,25,0.058
2,25,1.696
2,25,0.982
2,25,0.066
2,25,1.015
2,25,0.119
2,25,1.123
2,26,1.607
2,26,0.197
2,26,0.43
2,26,0.055
2,26,1.265
2,26,0.067
2,26,1.412
2,26,1.589
2,26,0.063
2,26,1.155
2,26,1.024
2,26,1.141
2,26,0.955
2,26,0.93
2,26,1.198
2,26,0.129
2,26,1.268
2,26,0.707
2,26,0.084
2,26,1.242
2,26,0.097
2,26,0.013
2,26,0.024
2,26,1.452
2,26,1.472
2,26,0.098
2,26,0.763
2,26,0.025
2,26,0.98
2,26,1.337
2,26,0.059
2,26,0.918
2,26,0.11
2,26,0.113
2,26,0.686
2,26,0.45
2,26,0.036
2,26,0.008
2,26,0.749
2,27,0.422
2,27,1.088
2,27,1.209
2,27,1.041
2,27,0.035
2,27,0.847
2,27,0.125
2,27,0.122
2,27,0.136
2,27,1.019
2,27,1.116
2,27,1.064
2,27,0.069
2,27,1.02
2,27,1.046
2,27,0.062
2,27,1.616
2,27,1.14
2,27,0.185
2,27,0.615
2,27,1.242
2,27,0.811
2,27,0.22
2,27,0.987
2,27,0.064
2,27,0.093
2,27,0.937
2,27,1.938
2,27,0.325
2,27,0.521
2,27,0.051
2,27,1.253
2,27,0.081
2,27,0.048
2,27,1.104
2,27,0.056
2,27,1.091
2,27,0.092
2,28,1.07
2,28,0.093
2,28,0.941
2,28,1.554
2,28,0.072
2,28,0.764
2,28,1.235
2,28,0.055
2,28,0.727
2,28,0.98
2,28,0.606
2,28,0.218
2,28,1.546
2,28,0.067
2,28,0.627
2,28,0.059
2,28,0.734
2,28,0.131
2,28,0.099
2,28,0.657
2,28,0.727
2,28,1.056
2,28,0.13
2,28,0.646
2,28,1.117
2,28,0.915
2,28,1.136
2,28,0.036
2,28,1.249
2,28,0.082
2,28,0.452
2,28,0.068
2,28,0.455
2,28,0.105
2,28,0.785
2,28,0.101
2,29,1.167
2,29,0.857
2,29,0.073
2,29,1.207
2,29,0.035
2,29,0.796
2,29,0.567
2,29,0.1
2,29,0.949
2,29,1.477
2,29,0.976
2,29,1.138
2,29,0.109
2,29,0.471
2,29,1.12
2,29,0.043
2,29,1.35
2,29,1.043
2,29,1.207
2,29,0.7
2,29,0.934
2,29,0.658
2,29,0.827
2,29,0.153
2,29,0.053
2,29,1.621
2,29,1.269
2,29,0.3
2,29,0.085
2,29,0.882
2,29,0.023
2,29,1.227
2,29,1.209
2,30,1.364
2,30,0.066
2,30,0.074
2,30,1.198
2,30,0.992
2,30,1.312
2,30,0.049
2,30,0.957
2,30,1.213
2,30,1.061
2,30,0.057
2,30,0.874
2,30,1.278
2,30,0.085
2,30,0.095
2,30,0.554
2,30,2.015
2,30,0.044
2,30,0.072
2,30,0.087
2,30,0.878
2,30,0.082
2,30,1.148
2,30,0.042
2,30,0.046
2,30,1.243
2,30,0.052
2,30,1.377
2,30,1.669
2,30,0.926
2,30,1.326
3,1,1.512
3,1,1.174
3,1,0.735
3,1,0.971
3,1,0.548
3,1,1.198
3,1,1.2
3,1,1.315
3,1,1.514
3,1,1.313
3,1,0.638
3,1,1.264
3,1,0.891
3,1,0.417
3,1,1.535
3,1,1.666
3,1,0.84
3,1,0.866
3,1,1.543
3,1,1.347
3,1,1.413
3,1,0.622
3,1,1.423
3,1,1.639
3,1,1.119
3,1,0.194
3,1,0.834
3,1,1.168
3,1,0.964
3,1,0.6
3,2,1.342
3,2,0.109
3,2,1.231
3,2,1.295
3,2,1.45
3,2,1.086
3,2,0.77
3,2,1.367
3,2,0.826
3,2,1.093
3,2,1.362
3,2,0.731
3,2,0.505
3,2,0.63
3,2,1.19
3,2,0.88
3,2,0.862
3,2,1.144
3,2,1.654
3,2,0.578
3,2,1.573
3,2,0.828
3,2,0.816
3,2,0.913
3,2,1.796
3,2,0.509
3,2,1.372
3,2,1.325
3,2,1.392
3,2,1.289
3,2,1.063
3,2,0.47
3,2,1.191
3,3,0.781
3,3,1.336
3,3,1.254
3,3,1.159
3,3,0.901
3,3,1.054
3,3,1.211
3,3,0.915
3,3,0.194
3,3,1.511
3,3,1.271
3,3,0.338
3,3,0.879
3,3,1.945
3,3,0.54
3,3,0.809
3,3,0.916
3,3,0.721
3,3,0.779
3,3,0.785
3,3,0.86
3,3,1.034
3,3,0.411
3,3,0.271
3,3,1.02
3,3,1.173
3,3,0.823
3,3,1.449
3,3,1.974
3,3,0.964
3,4,1.069
3,4,1.018
3,4,0.846
3,4,1.04
3,4,1.012
3,4,1.357
3,4,0.726
3,4,1.492
3,4,1.245
3,4,1.066
3,4,1.442
3,4,0.954
3,4,1.309
3,4,1.284
3,4,0.924
3,4,1.421
3,4,0.349
3,4,1.258
3,4,1.191
3,4,1.267
3,4,1.49
3,4,0.989
3,4,1.815
3,4,1.17
3,4,0.61
3,4,1.241
3,4,0.906
3,4,0.704
3,4,0.864
3,4,0.613
3,5,0.736
3,5,0.757
3,5,0.96
3,5,0.809
3,5,0.869
3,5,1.587
3,5,1.282
3,5,1.192
3,5,1.476
3,5,0.904
3,5,1.195
3,5,1.483
3,5,0.813
3,5,1.091
3,5,0.623
3,5,1.098
3,5,1.275
3,5,0.661
3,5,0.949
3,5,1.161
3,5,0.768
3,5,1.128
3,5,0.956
3,5,0.661
3,5,0.489
3,5,1.95
3,5,1.21
3,6,1.057
3,6,0.87
3,6,0.904
3,6,1.228
3,6,1.122
3,6,1.296
3,6,0.485
3,6,0.807
3,6,0.789
3,6,1.735
3,6,1.143
3,6,0.934
3,6,1.082
3,6,0.799
3,6,0.978
3,6,0.687
3,6,0.765
3,6,1.233
3,6,0.961
3,6,1.65
3,6,0.749
3,6,0.624
3,6,1.545
3,6,0.896
3,6,1.051
3,6,1.445
3,7,0.531
3,7,1.067
3,7,0.736
3,7,0.955
3,7,0.894
3,7,0.685
3,7,0.888
3,7,0.318
3,7,1.406
3,7,0.688
3,7,0.976
3,7,1.059
3,7,1.365
3,7,0.668
3,7,1.107
3,7,1.169
3,7,0.795
3,7,1.188
3,7,0.963
3,7,1.464
3,7,1.048
3,7,0.779
3,7,0.443
3,7,1.064
3,7,0.356
3,7,0.998
3,7,0.835
3,7,0.894
3,7,0.582
3,7,0.786
3,7,1.169
3,7,0.698
3,8,1.333
3,8,1.113
3,8,0.93
3,8,0.862
3,8,1.335
3,8,0.782
3,8,1.197
3,8,1.216
3,8,1.127
3,8,1.192
3,8,0.95
3,8,0.903
3,8,1.009
3,8,1.168
3,8,1.278
3,8,1.017
3,8,1.503
3,8,0.885
3,8,0.728
3,8,0.452
3,8,1.193
3,8,0.874
3,8,0.267
3,8,1
3,8,1.472
3,8,0.758
3,9,1.283
3,9,0.595
3,9,0.909
3,9,0.928
3,9,0.781
3,9,0.878
3,9,1.266
3,9,0.364
3,9,0.873
3,9,1.252
3,9,1.065
3,9,0.64
3,9,0.957
3,9,0.701
3,9,1.238
3,9,1.424
3,9,1.242
3,9,2.097
3,9,1.052
3,9,0.837
3,10,0.992
3,10,0.618
3,10,0.797
3,10,0.679
3,10,0.943
3,10,1.134
3,10,0.281
3,10,0.691
3,10,0.019
3,10,0.905
3,10,1.059
3,10,0.533
3,10,0.03
3,10,1.094
3,10,1.156
3,10,0.598
3,10,0.458
3,10,0.368
3,10,0.479
3,10,1.066
3,10,0.807
3,10,0.666
3,10,1.592
3,10,0.248
3,11,0.57
3,11,0.382
3,11,1.242
3,11,1.157
3,11,1.055
3,11,1.351
3,11,0.222
3,11,1.239
3,11,0.752
3,11,0.316
3,11,0.834
3,11,0.588
3,11,1.256
3,11,0.074
3,11,0.866
3,11,1.177
3,11,0.71
3,11,0.844
3,11,0.485
3,11,1.252
3,11,1.301
3,11,0.464
3,11,0.797
3,11,0.94
3,11,1.061
3,11,1.473
3,12,0.475
3,12,1.328
3,12,1.428
3,12,1.326
3,12,0.094
3,12,0.852
3,12,1.333
3,12,0.584
3,12,0.81
3,12,0.043
3,12,0.05
3,12,0.031
3,12,0.112
3,12,0.906
3,12,0.951
3,12,0.626
3,12,0.357
3,12,0.968
3,12,0.142
3,12,1.111
3,12,0.938
3,12,0.171
3,12,1.039
3,12,1.333
3,12,1.428
3,12,0.766
3,12,0.047
3,13,0.549
3,13,0.79
3,13,1.037
3,13,0.842
3,13,1.181
3,13,1.119
3,13,0.61
3,13,0.091
3,13,0.214
3,13,0.89
3,13,0.618
3,13,0.792
3,13,0.89
3,13,1.555
3,13,0.06
3,13,0.714
3,13,0.848
3,13,1.068
3,13,0.984
3,13,0.352
3,13,0.893
3,13,0.863
3,13,0.719
3,13,0.9
3,13,1.115
3,13,0.666
3,13,0.7
3,13,1.185
3,13,0.258
3,13,1.366
3,13,0.342
3,13,0.125
3,13,0.753
3,14,0.516
3,14,0.41
3,14,0.78
3,14,1.003
3,14,0.959
3,14,0.501
3,14,0.434
3,14,1
3,14,1.295
3,14,0.09
3,14,1.103
3,14,1.13
3,14,0.017
3,14,0.022
3,14,1.443
3,14,1.343
3,14,0.792
3,14,0.168
3,14,1.461
3,14,1.584
3,14,0.888
3,14,1.597
3,14,0.053
3,14,0.764
3,14,1.234
3,14,0.887
3,14,0.971
3,14,0.104
3,14,0.9
3,15,0.996
3,15,0.009
3,15,1.194
3,15,0.492
3,15,0.054
3,15,1.45
3,15,0.099
3,15,0.031
3,15,0.883
3,15,0.496
3,15,1.292
3,15,1.294
3,15,1.471
3,15,0.569
3,15,0.942
3,15,0.998
3,15,0.794
3,15,0.979
3,15,1.183
3,15,1.059
3,15,0.508
3,15,1.201
3,15,1.273
3,15,0.966
3,15,0.916
3,15,0.93
3,15,0.691
3,15,0.442
3,15,0.057
3,15,0.013
3,15,1.253
3,16,0.449
3,16,0.729
3,16,0.813
3,16,0.506
3,16,0.868
3,16,1.337
3,16,1.151
3,16,1.074
3,16,0.048
3,16,1.404
3,16,0.324
3,16,0.336
3,16,0.897
3,16,1.526
3,16,0.061
3,16,0.375
3,16,1.158
3,16,0.688
3,16,0.68
3,16,1.494
3,16,0.988
3,16,1.137
3,16,1.113
3,16,0.729
3,16,0.985
3,16,1.345
3,16,1.136
3,16,0.896
3,16,0.009
3,16,1.478
3,16,0.913
3,16,0.139
3,16,1.579
3,17,0.794
3,17,0.628
3,17,1.135
3,17,0.607
3,17,0.951
3,17,0.205
3,17,0.729
3,17,0.997
3,17,0.884
3,17,1.05
3,17,1.138
3,17,0.753
3,17,0.312
3,17,0.818
3,17,0.035
3,17,0.998
3,17,0.239
3,17,0.357
3,17,0.042
3,17,0.892
3,17,0.364
3,17,0.925
3,17,0.807
3,17,1.056
3,17,0.099
3,17,0.138
3,18,0.99
3,18,1.048
3,18,0.86
3,18,0.077
3,18,0.751
3,18,0.079
3,18,1.158
3,18,1.04
3,18,1.042
3,18,1.243
3,18,0.11
3,18,2.131
3,18,1.515
3,18,0.707
3,18,1.283
3,18,1.474
3,18,0.312
3,18,0.494
3,18,0.993
3,18,1.022
3,18,1.495
3,18,0.57
3,18,0.947
3,18,0.34
3,18,0.802
3,18,0.36
3,18,0.843
3,19,0.38
3,19,0.966
3,19,0.157
3,19,0.091
3,19,0.074
3,19,0.979
3,19,1.097
3,19,0.905
3,19,1.547
3,19,0.113
3,19,0.128
3,19,0.16
3,19,0.864
3,19,0.006
3,19,1.413
3,19,0.568
3,19,1.246
3,19,1.245
3,19,0.363
3,19,0.625
3,19,1.115
3,19,1.292
3,19,1.099
3,19,0.121
3,19,1.469
3,19,1.332
3,19,1.122
3,19,1.085
3,19,0.398
3,20,0.352
3,20,0.803
3,20,0.165
3,20,0.514
3,20,0.843
3,20,0.097
3,20,0.733
3,20,0.092
3,20,1.549
3,20,1.187
3,20,1.376
3,20,1.064
3,20,1.285
3,20,1.047
3,20,0.07
3,20,0.086
3,20,1.244
3,20,0.635
3,20,0.799
3,20,0.298
3,20,0.027
3,20,1.066
3,20,1.022
3,20,1.159
3,20,0.446
3,20,1.496
3,20,1.049
3,20,0.875
3,20,1.304
3,20,0.095
3,20,1.159
3,20,0.106
3,20,0.929
3,20,0.636
3,21,0.945
3,21,1.403
3,21,1.436
3,21,0.926
3,21,0.747
3,21,0.211
3,21,0.845
3,21,0.06
3,21,0.106
3,21,0.908
3,21,1.173
3,21,0.924
3,21,0.722
3,21,1.089
3,21,1.386
3,21,0.27
3,21,1.056
3,21,1.847
3,21,0.272
3,21,0.856
3,21,0.016
3,21,0.561
3,21,1.487
3,21,0.882
3,21,1.065
3,21,0.162
3,22,0.458
3,22,0.098
3,22,0.504
3,22,0.928
3,22,0.419
3,22,0.671
3,22,0.661
3,22,0.052
3,22,0.957
3,22,0.975
3,22,0.078
3,22,0.902
3,22,1.81
3,22,0.98
3,22,0.049
3,22,0.543
3,22,1.524
3,22,0.731
3,22,0.813
3,22,1.07
3,22,0.717
3,22,1.095
3,22,0.446
3,22,0.086
3,22,0.759
3,22,1.04
3,23,0.018
3,23,0.659
3,23,0.069
3,23,1.293
3,23,1.571
3,23,1.431
3,23,0.71
3,23,1.155
3,23,1.036
3,23,0.142
3,23,1.7
3,23,1.405
3,23,1.147
3,23,0.975
3,23,1.084
3,23,1.341
3,23,0.501
3,23,1.021
3,23,0.105
3,23,1.023
3,23,0.165
3,24,0.443
3,24,1.493
3,24,0.208
3,24,0.908
3,24,0.901
3,24,1.079
3,24,0.101
3,24,0.008
3,24,0.104
3,24,0.319
3,24,0.906
3,24,0.904
3,24,1.218
3,24,0.078
3,24,1.044
3,24,0.062
3,24,0.452
3,24,0.569
3,24,1.064
3,24,1.011
3,24,1.326
3,24,0.413
3,24,1.264
3,24,0.13
3,24,0.978
3,24,1.005
3,24,0.037
3,25,1.03
3,25,1.296
3,25,1.426
3,25,0.237
3,25,0.018
3,25,0.969
3,25,1.391
3,25,0.711
3,25,0.722
3,25,0.651
3,25,1.258
3,25,0.707
3,25,0.098
3,25,1.269
3,25,0.164
3,25,0.854
3,25,0.329
3,25,1.087
3,25,0.996
3,25,1.03
3,25,0.852
3,25,0.057
3,25,1.226
3,25,0.652
3,25,0.405
3,25,0.455
3,25,0.719
3,25,0.068
3,25,1.705
3,25,1.102
3,25,1.746
3,25,0.999
3,25,0.057
3,25,0.086
3,26,0.775
3,26,0.788
3,26,1.168
3,26,1.105
3,26,0.787
3,26,0.491
3,26,0.017
3,26,1.362
3,26,1.182
3,26,1.16
3,26,0.05
3,26,0.994
3,26,1.026
3,26,0.068
3,26,0.855
3,26,0.309
3,26,0.255
3,26,0.549
3,26,0.013
3,26,0.825
3,26,1.424
3,26,0.663
3,26,1.032
3,27,0.691
3,27,0.061
3,27,0.085
3,27,1.2
3,27,1.313
3,27,0.674
3,27,0.939
3,27,0.082
3,27,0.994
3,27,1.353
3,27,0.296
3,27,1.203
3,27,0.088
3,27,0.063
3,27,0.049
3,27,0.299
3,27,0.854
3,27,0.822
3,27,1.046
3,27,1.083
3,27,1.82
3,27,1.061
3,27,1.245
3,27,0.03
3,27,0.347
3,27,0.555
3,27,0.979
3,27,1.171
3,27,1.627
3,27,1.097
3,27,0.578
3,27,0.914
3,27,1.342
3,27,0.744
3,28,1.01
3,28,1.265
3,28,0.998
3,28,1.316
3,28,0.505
3,28,0.895
3,28,0.668
3,28,0.176
3,28,1.044
3,28,0.953
3,28,0.085
3,28,0.093
3,28,0.963
3,28,1.563
3,28,1.174
3,28,0.629
3,28,1.335
3,28,0.881
3,28,0.812
3,28,0.119
3,28,0.869
3,28,0.561
3,28,1.165
3,28,0.743
3,28,1.065
3,28,0.053
3,28,0.978
3,28,0.065
3,28,0.096
3,28,0.054
3,28,0.087
3,28,0.239
3,28,0.569
3,29,0.021
3,29,1.035
3,29,0.981
3,29,0.827
3,29,0.766
3,29,0.411
3,29,0.995
3,29,0.761
3,29,0.847
3,29,1.463
3,29,0.174
3,29,0.583
3,29,0.451
3,29,0.783
3,29,0.88
3,29,1.473
3,29,0.338
3,29,0.091
3,29,0.937
3,29,0.699
3,29,1.197
3,29,0.582
3,30,0.759
3,30,1.218
3,30,0.138
3,30,1.177
3,30,0.052
3,30,0.059
3,30,0.061
3,30,0.776
3,30,0.955
3,30,0.347
3,30,0.441
3,30,0.669
3,30,1.205
3,30,1.221
3,30,0.179
3,30,1.195
3,30,0.104
3,30,1.289
3,30,0.829
3,30,0.128
3,30,0.816
3,30,1.861
3,30,0.317
3,30,0.593
3,30,0.1
3,30,1.184
3,30,1.301
4,1,0.067
4,1,0.469
4,1,0.938
4,1,1.32
4,1,0.397
4,1,0.959
4,1,1.347
4,1,1.175
4,1,0.985
4,1,1.018
4,1,1.437
4,1,1.238
4,1,1.051
4,1,1.24
4,1,1.665
4,1,0.249
4,1,1.382
4,1,0.722
4,2,1.496
4,2,1.332
4,2,1.026
4,2,1.248
4,2,0.979
4,2,1.299
4,2,1.813
4,2,0.973
4,2,0.846
4,2,1.645
4,2,1.839
4,2,1.055
4,2,1.024
4,2,0.453
4,2,1.031
4,2,0.876
4,2,1.292
4,2,1.096
4,3,1.025
4,3,1.523
4,3,1.427
4,3,1.723
4,3,0.964
4,3,2.28
4,3,1.607
4,3,1.624
4,3,0.901
4,3,1.25
4,3,1.289
4,3,1.286
4,3,1.242
4,3,0.892
4,3,0.825
4,3,0.783
4,3,1.229
4,3,1.075
4,3,1.287
4,3,1.765
4,3,1.612
4,3,1.13
4,4,1.544
4,4,1.089
4,4,1.144
4,4,1.261
4,4,1.127
4,4,0.963
4,4,1.728
4,4,1.266
4,4,0.817
4,4,0.858
4,4,0.517
4,4,1.568
4,4,1.214
4,4,1.046
4,4,1.102
4,4,1.382
4,4,1.091
4,4,1.674
4,5,2.152
4,5,0.024
4,5,1.495
4,5,1.423
4,5,1.676
4,5,1.316
4,5,1.964
4,5,1.042
4,5,1.195
4,5,1.552
4,5,1.242
4,5,1.781
4,5,0.99
4,5,1.567
4,5,1.156
4,5,1.619
4,5,0.159
4,5,0.727
4,5,0.97
4,5,1.551
4,5,1.188
4,6,1.292
4,6,1.043
4,6,0.412
4,6,1.582
4,6,1.396
4,6,1.606
4,6,0.58
4,6,1.477
4,6,1.527
4,6,2.453
4,6,0.842
4,6,1.177
4,6,0.836
4,6,0.884
4,6,0.603
4,6,1.401
4,7,1.622
4,7,1.097
4,7,1.041
4,7,0.543
4,7,1.745
4,7,1.76
4,7,1.613
4,7,0.947
4,7,0.843
4,7,1.015
4,7,1.833
4,7,0.84
4,7,1.125
4,7,1.74
4,7,0.256
4,7,1.661
4,7,1.486
4,7,0.05
4,7,0.998
4,8,1.581
4,8,0.68
4,8,1.333
4,8,1.923
4,8,1.348
4,8,0.879
4,8,1.489
4,8,1.64
4,8,1.071
4,8,1.126
4,8,0.198
4,8,1.351
4,8,1.226
4,8,0.834
4,8,1.489
4,8,1.486
4,8,1.263
4,8,0.081
4,8,0.774
4,8,0.706
4,9,1.154
4,9,0.379
4,9,1.279
4,9,1.143
4,9,0.881
4,9,1.018
4,9,1.437
4,9,1.019
4,9,1.787
4,9,2.234
4,9,0.78
4,9,0.045
4,9,0.217
4,9,0.885
4,9,1.181
4,9,1.622
4,9,1.101
4,9,0.033
4,9,0.643
4,9,0.858
4,9,0.847
4,9,0.927
4,9,1.157
4,10,0.948
4,10,1.211
4,10,1.274
4,10,0.984
4,10,1.273
4,10,1.691
4,10,1.282
4,10,1.011
4,10,0.53
4,10,0.871
4,10,1.049
4,10,0.725
4,10,1.217
4,10,1.227
4,10,1.638
4,10,1.08
4,10,0.042
4,10,1.379
4,10,1.209
4,10,0.954
4,10,0.316
4,10,1.219
4,10,1.336
4,11,1.241
4,11,0.201
4,11,1.205
4,11,0.039
4,11,1.32
4,11,1.6
4,11,0.232
4,11,1.293
4,11,1.134
4,11,1.441
4,11,1.791
4,11,1.197
4,11,1.32
4,11,0.546
4,11,1.525
4,11,0.66
4,11,1.418
4,11,1.107
4,12,1.327
4,12,0.08
4,12,1.086
4,12,1.508
4,12,1.672
4,12,1.497
4,12,1.392
4,12,1.575
4,12,0.102
4,12,1.194
4,12,0.695
4,12,0.745
4,12,0.933
4,12,0.579
4,12,1.841
4,12,1.537
4,12,1.253
4,12,1.06
4,13,0.701
4,13,0.092
4,13,1.098
4,13,0.047
4,13,1.183
4,13,0.943
4,13,1.273
4,13,1.89
4,13,0.804
4,13,1.116
4,13,0.862
4,13,1.249
4,13,0.366
4,13,1.048
4,13,0.212
4,13,0.88
4,13,1.343
4,13,1.443
4,13,0.664
4,14,0.056
4,14,0.204
4,14,1.356
4,14,0.045
4,14,0.496
4,14,1.572
4,14,1.4
4,14,1.266
4,14,0.872
4,14,1.608
4,14,1.57
4,14,0.448
4,14,0.947
4,14,1.25
4,14,1.233
4,14,0.155
4,14,0.035
4,14,0.877
4,14,0.116
4,14,0.886
4,14,1.652
4,14,1.903
4,14,0.851
4,14,1.138
4,14,0.017
4,15,1.002
4,15,0.963
4,15,1.348
4,15,0.478
4,15,1.061
4,15,0.123
4,15,0.08
4,15,0.968
4,15,1.72
4,15,0.929
4,15,1.137
4,15,1.26
4,15,0.665
4,15,0.914
4,15,0.934
4,15,1.653
4,15,1.236
4,15,1.062
4,15,1.304
4,15,0.035
4,15,0.319
4,15,1.417
4,15,0.445
4,15,1.419
4,16,1.716
4,16,0.091
4,16,2.127
4,16,0.019
4,16,0.297
4,16,0.774
4,16,1.024
4,16,0.048
4,16,1.279
4,16,0.405
4,16,1.082
4,16,0.658
4,16,1.391
4,16,0.102
4,16,1.122
4,16,0.086
4,16,2.028
4,16,1.455
4,16,1.329
4,16,1.828
4,16,0.301
4,16,0.379
4,16,1.009
4,17,1.176
4,17,0.014
4,17,0.606
4,17,1.205
4,17,1.488
4,17,1.105
4,17,1.447
4,17,1.923
4,17,1.564
4,17,1.371
4,17,0.398
4,17,0.948
4,17,0.035
4,17,1.126
4,17,0.98
4,17,2.11
4,17,1.067
4,17,1.367
4,17,1.08
4,17,1.158
4,17,0.507
4,17,0.927
4,17,0.353
4,17,0.763
4,17,0.013
4,17,1.301
4,18,0.058
4,18,1.592
4,18,1.496
4,18,1.37
4,18,1.919
4,18,1.249
4,18,0.92
4,18,0.361
4,18,1.027
4,18,2.038
4,18,0.956
4,18,1.466
4,18,1.132
4,18,1.046
4,18,1.432
4,18,1.198
4,18,1.423
4,18,0.121
4,18,0.827
4,18,0.43
4,18,0.051
4,18,2.003
4,18,1.333
4,18,1.847
4,19,1.118
4,19,0.598
4,19,1.41
4,19,1.337
4,19,2.175
4,19,1.815
4,19,1.08
4,19,0.236
4,19,2.398
4,19,1.604
4,19,1.28
4,19,1.202
4,19,0.883
4,19,1.514
4,19,0.951
4,19,0.07
4,19,1.255
4,19,0.851
4,19,0.854
4,19,0.689
4,19,1.816
4,19,0.042
4,19,1.528
4,19,1.514
4,20,0.385
4,20,0.908
4,20,0.338
4,20,0.094
4,20,0.372
4,20,1.747
4,20,0.07
4,20,0.897
4,20,1.631
4,20,1.323
4,20,0.884
4,20,1.115
4,20,1.114
4,20,2.411
4,20,0.123
4,20,0.499
4,20,0.074
4,20,0.669
4,20,1.208
4,20,0.276
4,20,0.115
4,20,0.063
4,20,1.407
4,21,0.102
4,21,1.349
4,21,1.666
4,21,2.133
4,21,0.86
4,21,0.752
4,21,1.373
4,21,1.058
4,21,1.542
4,21,0.889
4,21,0.747
4,21,0.451
4,21,1.484
4,21,0.662
4,21,1.836
4,21,1.008
4,21,0.056
4,21,0.147
4,21,0.626
4,21,0.344
4,21,0.121
4,21,1.149
4,22,0.061
4,22,1.066
4,22,1.369
4,22,1.162
4,22,1.123
4,22,0.305
4,22,1.494
4,22,0.452
4,22,1.041
4,22,1.217
4,22,1.573
4,22,0.427
4,22,0.102
4,22,0.474
4,22,1.415
4,22,2.294
4,22,1.137
4,22,0.314
4,22,0.301
4,22,1.584
4,22,0.558
4,23,0.068
4,23,0.733
4,23,0.081
4,23,1.71
4,23,0.325
4,23,1.13
4,23,1.584
4,23,0.107
4,23,0.362
4,23,0.11
4,23,1.821
4,23,0.789
4,23,0.663
4,23,0.072
4,24,1.057
4,24,0.095
4,24,1.387
4,24,0.126
4,24,0.188
4,24,0.872
4,24,1.064
4,24,1.309
4,24,1.13
4,24,1.223
4,24,0.852
4,24,0.919
4,24,0.021
4,24,0.071
4,24,0.741
4,24,1.345
4,24,0.307
4,24,1.148
4,25,0.027
4,25,1.402
4,25,1.597
4,25,1.074
4,25,0.922
4,25,0.087
4,25,0.735
4,25,0.901
4,25,1.612
4,25,0.836
4,25,0.094
4,25,0.616
4,25,0.848
4,25,0.849
4,25,0.73
4,26,0.963
4,26,0.531
4,26,0.881
4,26,0.07
4,26,1.022
4,26,1.995
4,26,1.477
4,26,1.112
4,26,0.05
4,26,0.069
4,26,0.114
4,26,1.476
4,26,0.085
4,26,0.674
4,26,1.569
4,26,1.136
4,26,0.03
4,26,1.553
4,27,0.4
4,27,0.183
4,27,0.102
4,27,0.657
4,27,0.046
4,27,0.04
4,27,1.472
4,27,1.475
4,27,1.593
4,27,1.305
4,27,1.336
4,27,1.076
4,27,0.157
4,27,0.327
4,27,1.375
4,27,1.516
4,27,1.098
4,27,1.301
4,27,1.226
4,27,0.436
4,27,0.91
4,27,1.36
4,27,0.148
4,28,0.021
4,28,0.659
4,28,0.794
4,28,0.134
4,28,0.332
4,28,1.331
4,28,1.971
4,28,0.045
4,28,0.573
4,28,0.3
4,28,1.288
4,28,1.135
4,28,0.414
4,28,0.53
4,28,0.536
4,28,1.16
4,28,1.259
4,28,0.07
4,28,0.088
4,28,0.71
4,28,0.113
4,28,0.698
4,28,1.304
4,28,0.812
4,28,0.584
4,28,0.194
4,28,0.544
4,29,1.208
4,29,0.043
4,29,1.893
4,29,0.899
4,29,1.061
4,29,1.127
4,29,1.293
4,29,0.072
4,29,0.136
4,29,0.101
4,29,0.924
4,29,0.991
4,29,1.281
4,29,0.627
4,29,1.559
4,29,2.058
4,29,1.305
4,29,0.118
4,29,0.072
4,29,0.259
4,29,0.024
4,29,1.011
4,29,0.115
4,29,1.297
4,29,0.026
4,29,0.067
4,29,1.534
4,30,1.639
4,30,0.9
4,30,1.544
5,1,1.61
5,1,2.125
5,1,0.908
5,1,1.228
5,1,1.632
5,1,1.44
5,1,1.933
5,1,1.098
5,1,1.423
5,1,1.323
5,1,0.925
5,1,1.781
5,1,0.242
5,1,1.081
5,1,0.905
5,1,0.631
5,1,1.593
5,1,1.489
5,1,0.851
5,1,0.826
5,1,0.118
5,1,0.426
5,1,1.937
5,1,1.299
5,1,1.522
5,1,1.252
5,1,2.192
5,1,0.593
5,1,0.937
5,2,1.124
5,2,1.887
5,2,0.812
5,2,1.621
5,2,1.169
5,2,0.941
5,2,1.957
5,2,1.542
5,2,1.039
5,2,0.532
5,2,1.244
5,2,0.502
5,2,0.879
5,2,0.744
5,2,0.953
5,2,0.641
5,2,1.176
5,2,0.88
5,2,1.163
5,2,0.477
5,2,0.952
5,2,0.204
5,2,1.175
5,2,0.785
5,2,1.49
5,2,0.35
5,2,1.585
5,2,1.299
5,2,0.871
5,2,1.318
5,2,0.965
5,2,1.39
5,2,1.406
5,2,1.632
5,2,0.806
5,2,1.082
5,3,0.76
5,3,1.108
5,3,1.108
5,3,1.687
5,3,0.849
5,3,0.318
5,3,0.536
5,3,0.699
5,3,0.886
5,3,0.702
5,3,0.695
5,3,1.425
5,3,0.153
5,3,0.853
5,3,1.264
5,3,0.647
5,3,1.176
5,3,0.993
5,3,0.866
5,3,1.209
5,3,1.492
5,3,1.027
5,4,0.925
5,4,1.481
5,4,1.581
5,4,0.598
5,4,0.198
5,4,1.046
5,4,0.419
5,4,0.433
5,4,1.666
5,4,1.183
5,4,1.445
5,4,0.943
5,4,0.52
5,4,1.211
5,4,0.441
5,4,1.095
5,4,1.205
5,4,0.435
5,4,0.387
5,4,1.398
5,4,0.141
5,4,0.934
5,4,1.294
5,4,1.141
5,5,0.779
5,5,1.281
5,5,1.684
5,5,1.277
5,5,0.462
5,5,1.382
5,5,1.525
5,5,1.593
5,5,1.072
5,5,0.896
5,5,0.036
5,5,0.067
5,5,0.678
5,5,0.012
5,5,0.624
5,5,1.066
5,5,1.159
5,5,0.951
5,5,1.022
5,5,0.854
5,5,1.038
5,5,1.008
5,5,1.286
5,5,0.035
5,6,0.847
5,6,0.65
5,6,0.803
5,6,1.158
5,6,1.317
5,6,0.128
5,6,0.524
5,6,1.517
5,6,1.049
5,6,1.334
5,6,0.993
5,6,1.035
5,6,1.677
5,6,0.956
5,6,0.794
5,6,0.858
5,6,1.069
5,6,0.523
5,6,0.664
5,6,0.875
5,6,1.142
5,6,0.874
5,6,1.42
5,6,0.378
5,7,0.122
5,7,0.427
5,7,1.031
5,7,0.164
5,7,1.378
5,7,0.06
5,7,1.417
5,7,0.052
5,7,1.382
5,7,0.704
5,7,0.978
5,7,0.766
5,7,1.572
5,7,0.101
5,7,0.266
5,7,0.409
5,7,1.063
5,7,0.05
5,8,0.901
5,8,1.129
5,8,0.816
5,8,1.109
5,8,0.987
5,8,1.177
5,8,0.414
5,8,0.668
5,8,1.118
5,8,0.219
5,8,0.986
5,8,1.132
5,8,0.649
5,8,0.006
5,8,1.327
5,8,0.863
5,8,1.953
5,8,1.177
5,8,0.686
5,8,0.181
5,8,0.662
5,8,0.732
5,8,0.161
5,8,0.592
5,8,0.945
5,8,1.141
5,9,0.77
5,9,0.512
5,9,1.108
5,9,0.073
5,9,1.408
5,9,0.107
5,9,0.066
5,9,1.293
5,9,1.47
5,9,0.743
5,9,1.278
5,9,1.707
5,9,0.928
5,9,1.127
5,9,0.021
5,9,0.065
5,9,0.034
5,9,1.067
5,9,1.665
5,10,1.234
5,10,0.105
5,10,0.342
5,10,0.88
5,10,0.335
5,10,0.51
5,10,0.505
5,10,1.016
5,10,0.103
5,10,0.938
5,10,1.193
5,10,0.915
5,10,0.975
5,10,0.017
5,10,0.729
5,10,1.026
5,10,1.335
5,10,0.157
5,10,0.89
5,10,0.833
5,10,0.1
5,10,1.31
5,11,0.982
5,11,0.259
5,11,0.097
5,11,0.164
5,11,0.056
5,11,0.821
5,11,1.121
5,11,0.465
5,11,0.03
5,11,1.088
5,11,0.962
5,11,0.019
5,11,0.689
5,11,0.627
5,11,1.085
5,11,1.174
5,11,1.225
5,11,1.776
5,12,0.778
5,12,0.489
5,12,1.136
5,12,0.816
5,12,0.467
5,12,1.81
5,12,0.043
5,12,0.999
5,12,0.456
5,12,0.035
5,12,0.915
5,12,0.045
5,12,0.233
5,12,0.509
5,12,1.104
5,12,0.853
5,12,1.355
5,12,0.833
5,12,0.784
5,12,0.685
5,12,0.417
5,12,0.015
5,12,0.296
5,12,0.045
5,12,0.074
5,12,0.913
5,13,0.825
5,13,1.467
5,13,0.974
5,13,0.108
5,13,0.051
5,13,0.407
5,13,1.071
5,13,0.04
5,13,0.845
5,13,0.025
5,13,0.313
5,13,0.459
5,13,0.963
5,13,0.983
5,13,1.185
5,13,1.266
5,13,0.06
5,13,1.244
5,14,0.662
5,14,1.452
5,14,0.749
5,14,1.023
5,14,0.285
5,14,0.79
5,14,0.722
5,14,0.083
5,14,0.78
5,14,1.192
5,14,0.968
5,14,0.693
5,14,0.827
5,14,1.244
5,14,0.134
5,14,0.238
5,14,0.418
5,14,0.053
5,14,0.101
5,14,1.41
5,15,0.83
5,15,0.024
5,15,0.419
5,15,0.768
5,15,0.92
5,15,0.759
5,15,0.052
5,15,0.019
5,15,0.036
5,15,0.571
5,15,0.553
5,15,0.215
5,15,1.119
5,15,0.198
5,15,0.505
5,15,0.306
5,15,0.075
5,15,0.861
5,15,0.084
5,16,0.459
5,16,0.838
5,16,0.51
5,16,0.668
5,16,0.026
5,16,0.516
5,16,0.011
5,16,0.948
5,16,0.063
5,16,0.067
5,16,0.076
5,16,0.28
5,16,0.11
5,16,0.02
5,16,0.008
5,16,0.621
5,16,1.292
5,16,0.768
5,16,1.363
5,16,0.907
5,16,1.275
5,16,1.058
5,16,0.929
5,17,0.978
5,17,0.958
5,17,0.252
5,17,0.275
5,17,1.08
5,17,1.027
5,17,0.057
5,17,0.394
5,17,0.699
5,17,0.873
5,17,0.162
5,17,0.433
5,17,0.791
5,17,0.022
5,17,0.377
5,17,0.091
5,17,0.1
5,17,1.029
5,17,1.295
5,17,0.049
5,17,1.187
5,17,1.072
5,17,1.534
5,17,0.023
5,18,0.439
5,18,0.048
5,18,0.768
5,18,0.052
5,18,0.796
5,18,0.462
5,18,4.338
5,18,0.088
5,18,0.828
5,18,0.621
5,18,0.017
5,18,0.384
5,18,1.044
5,18,1.042
5,18,0.846
5,18,0.019
5,18,0.263
5,18,0.816
5,18,0.902
5,18,0.101
5,18,0.037
5,18,0.1
5,19,1.237
5,19,0.013
5,19,1.179
5,19,0.038
5,19,0.987
5,19,0.081
5,19,0.848
5,19,0.738
5,19,0.037
5,19,0.024
5,19,1.553
5,19,0.84
5,19,0.064
5,19,0.018
5,19,0.069
5,19,0.634
5,19,1.025
5,19,0.436
5,19,0.681
5,19,1.215
5,20,1.04
5,20,0.982
5,20,0.821
5,20,0.224
5,20,0.136
5,20,0.649
5,20,0.496
5,20,0.249
5,20,0.351
5,20,0.494
5,20,0.051
5,20,0.371
5,20,0.049
5,20,0.784
5,20,0.035
5,20,0.031
5,20,0.63
5,20,1.004
5,20,0.295
5,21,0.46
5,21,0.016
5,21,0.039
5,21,0.297
5,21,0.404
5,21,0.148
5,21,0.083
5,21,0.472
5,21,0.441
5,21,0.031
5,21,0.886
5,21,0.828
5,21,0.029
5,21,0.076
5,21,1.251
5,21,0.289
5,21,0.047
5,21,0.582
5,21,0.145
5,21,0.113
5,21,0.343
5,21,0.846
5,22,0.057
5,22,0.109
5,22,0.219
5,22,0.271
5,22,0.481
5,22,0.631
5,22,0.997
5,22,0.527
5,22,0.788
5,22,0.416
5,22,0.645
5,22,0.682
5,22,0.616
5,22,0.787
5,22,0.63
5,22,0.812
5,22,0.619
5,22,0.518
5,22,0.094
5,23,0.059
5,23,0.137
5,23,0.962
5,23,0.511
5,23,0.466
5,23,0.082
5,23,1.498
5,23,0.759
5,23,0.044
5,23,0.013
5,23,0.794
5,23,0.048
5,23,0.052
5,23,0.023
5,23,0.437
5,23,0.047
5,23,0.058
5,23,1.041
5,23,0.026
5,23,1.154
5,23,0.571
5,23,0.317
5,24,0.07
5,24,1.093
5,24,0.149
5,24,0.454
5,24,1.003
5,24,1.154
5,24,0.711
5,24,0.605
5,24,0.007
5,24,0.033
5,24,0.348
5,24,0.727
5,24,0.053
5,24,0.032
5,24,0.03
5,24,0.399
5,24,0.048
5,24,0.479
5,24,1.173
5,24,0.809
5,24,0.091
5,24,0.091
5,25,0.76
5,25,0.63
5,25,0.452
5,25,1.341
5,25,0.079
5,25,0.522
5,25,0.023
5,25,0.1
5,25,0.577
5,25,0.319
5,25,0.072
5,25,0.713
5,25,0.535
5,25,0.049
5,25,0.082
5,25,0.201
5,25,0.025
5,25,0.053
5,26,0.825
5,26,0.014
5,26,0.376
5,26,0.689
5,26,1.681
5,26,0.257
5,26,0.028
5,26,0.125
5,26,1.167
5,26,0.032
5,26,0.63
5,26,0.041
5,26,0.044
5,26,0.525
5,26,0.061
5,26,1.301
5,26,0.061
5,26,0.624
5,26,0.024
5,26,0.279
5,27,0.902
5,27,0.854
5,27,0.293
5,27,0.293
5,27,0.015
5,27,0.052
5,27,0.601
5,27,0.386
5,27,0.066
5,27,0.844
5,27,0.791
5,27,0.106
5,27,0.167
5,27,0.774
5,27,0.068
5,27,1.326
5,27,1.129
5,28,1.348
5,28,1.168
5,28,0.395
5,28,0.033
5,28,1.023
5,28,1.343
5,28,1.054
5,28,0.026
5,28,0.691
5,28,0.626
5,28,1.088
5,28,0.092
5,28,0.935
5,28,0.016
5,28,0.747
5,28,0.048
5,28,1.135
5,29,0.128
5,29,0.265
5,29,0.099
5,29,0.054
5,29,0.037
5,29,0.11
5,29,0.033
5,29,0.017
5,29,0.033
5,29,0.816
5,29,0.588
5,29,0.086
5,29,0.014
5,29,0.029
5,29,0.039
5,29,0.08
5,29,0.053
5,29,0.389
5,30,0.034
5,30,0.018
5,30,1.429
5,30,0.318
5,30,0.013
5,30,1.009
5,30,1.253
5,30,0.147
5,30,0.568
5,30,0.314
5,30,0.029
6,1,1.666
6,1,1.758
6,1,1.109
6,1,0.622
6,1,1.088
6,1,0.814
6,1,1.528
6,1,1.221
6,1,1.843
6,1,2.136
6,1,1.41
6,1,0.727
6,1,1.568
6,1,1.138
6,1,2.384
6,1,2.382
6,1,1.053
6,1,1.786
6,1,1.838
6,1,2.127
6,1,1.328
6,1,1.079
6,1,1.894
6,1,1.993
6,1,0.622
6,1,0.67
6,1,1.903
6,1,2.056
6,2,1.151
6,2,1.944
6,2,0.689
6,2,0.457
6,2,1.229
6,2,1.137
6,2,1.366
6,2,1.48
6,2,0.573
6,2,1.062
6,2,1.3
6,2,1.051
6,2,1.505
6,2,1.436
6,2,1.069
6,2,0.675
6,2,0.37
6,2,1.179
6,2,0.613
6,2,1.758
6,2,1.003
6,2,1.592
6,2,1.403
6,2,1.193
6,2,0.72
6,3,1.094
6,3,1.108
6,3,1.543
6,3,1.27
6,3,0.531
6,3,1.562
6,3,0.898
6,3,0.685
6,3,2.035
6,3,1.432
6,3,1.545
6,3,0.748
6,3,1.202
6,3,1.624
6,3,1.171
6,3,1.22
6,3,1.167
6,3,0.984
6,3,1.039
6,3,1.279
6,3,1.407
6,3,1.219
6,3,1.24
6,3,1.343
6,3,0.406
6,3,1.038
6,4,1.086
6,4,0.716
6,4,1.275
6,4,1.368
6,4,1.413
6,4,1.843
6,4,1.225
6,4,1.174
6,4,1.84
6,4,1.555
6,4,1.472
6,4,0.147
6,4,1.477
6,4,1.122
6,4,1.149
6,4,1.535
6,4,0.006
6,4,1.465
6,4,1.429
6,4,1.481
6,4,1.183
6,4,1.196
6,4,1.589
6,4,0.654
6,4,1.731
6,4,1.306
6,4,1.669
6,4,1.051
6,5,1.064
6,5,1.27
6,5,1.237
6,5,1.041
6,5,0.475
6,5,1.406
6,5,1.042
6,5,0.857
6,5,1.461
6,5,1.371
6,5,1.354
6,5,1.477
6,5,1.601
6,5,1.684
6,5,1.085
6,5,0.9
6,5,0.632
6,5,1.209
6,5,1.412
6,5,1.935
6,5,1.081
6,5,1.944
6,5,1.206
6,5,1.017
6,6,0.657
6,6,1.346
6,6,0.385
6,6,1.464
6,6,1.195
6,6,1.467
6,6,0.604
6,6,1.364
6,6,1.402
6,6,1.315
6,6,0.833
6,6,1.339
6,6,1.253
6,6,1.283
6,6,1.316
6,6,0.075
6,6,0.942
6,6,1.804
6,6,1.528
6,6,0.103
6,6,1.235
6,6,0.697
6,6,1.393
6,6,0.894
6,6,1.049
6,7,0.101
6,7,0.188
6,7,0.827
6,8,0.42
6,8,1.107
6,8,0.991
6,8,1.069
6,8,1.805
6,8,0.927
6,8,1.347
6,8,1.354
6,8,1.001
6,8,1.219
6,8,0.966
6,8,1.75
6,8,1.482
6,8,1.3
6,8,1.402
6,8,2.022
6,8,1.278
6,8,2.024
6,8,1.522
6,8,1.096
6,8,1.432
6,8,1.041
6,8,0.502
6,8,1.136
6,9,0.977
6,9,1.33
6,9,0.603
6,9,1.234
6,9,1.751
6,9,1.232
6,9,1.124
6,9,1.165
6,9,1.209
6,9,0.071
6,9,1.159
6,9,0.232
6,9,0.565
6,9,0.933
6,9,0.693
6,9,1.218
6,9,0.953
6,9,0.365
6,9,1.067
6,9,2.04
6,9,0.07
6,9,0.962
6,9,0.982
6,9,0.926
6,10,1.529
6,10,0.479
6,10,1.77
6,10,1.005
6,10,1.236
6,10,1.394
6,10,1.032
6,10,0.409
6,10,0.009
6,10,1.368
6,10,1.579
6,10,0.763
6,10,0.866
6,10,1.696
6,10,1.344
6,10,1.417
6,10,0.245
6,10,1.042
6,10,1.326
6,10,0.209
6,10,2.181
6,10,0.06
6,10,0.445
6,10,0.479
6,10,1.03
6,10,0.342
6,10,1.597
6,10,1.01
6,10,0.947
6,11,1.188
6,11,0.876
6,11,0.714
6,11,0.989
6,11,1.589
6,11,1.14
6,11,1.158
6,11,0.747
6,11,0.734
6,11,1.062
6,11,0.747
6,11,0.731
6,11,1.076
6,11,1.275
6,11,1.319
6,11,1.214
6,11,1.36
6,11,1.036
6,11,0.548
6,11,0.867
6,11,1.204
6,11,1.253
6,11,0.341
6,11,1.119
6,11,1.25
6,11,0.935
6,11,2.037
6,12,0.989
6,12,0.982
6,12,0.13
6,12,0.868
6,12,1.733
6,12,0.938
6,12,1.251
6,12,1.178
6,12,2.032
6,12,0.497
6,12,0.463
6,12,0.629
6,12,1.447
6,12,1.105
6,12,1.187
6,12,1.521
6,12,1.408
6,12,0.248
6,12,0.166
6,12,0.526
6,13,0.216
6,13,1.169
6,13,1.406
6,13,1.42
6,13,0.689
6,13,0.808
6,13,1.198
6,13,1.348
6,13,1.657
6,13,0.887
6,13,0.764
6,13,1.108
6,13,0.304
6,13,1.406
6,13,1.929
6,13,0.967
6,13,0.95
6,13,1.62
6,13,0.528
6,13,1.072
6,13,1.234
6,13,0.122
6,13,1.049
6,14,0.738
6,14,0.388
6,14,2.04
6,14,0.01
6,14,1.239
6,14,0.512
6,14,1.411
6,14,0.765
6,14,0.881
6,14,1.311
6,14,1.677
6,14,0.415
6,14,0.952
6,14,0.044
6,14,1.188
6,14,1.003
6,14,0.544
6,14,0.095
6,14,0.633
6,14,1.323
6,14,1.711
6,14,0.055
6,14,1.23
6,14,1.078
6,14,0.684
6,14,0.016
6,14,0.461
6,15,1.078
6,15,0.073
6,15,1.276
6,15,0.66
6,15,0.491
6,15,0.649
6,15,1.746
6,15,0.845
6,15,2.053
6,15,1.6
6,15,0.822
6,15,1.654
6,15,0.107
6,15,1.234
6,15,1.143
6,15,1.445
6,15,0.719
6,15,0.006
6,15,0.079
6,15,1.354
6,15,0.912
6,15,0.044
6,15,1.258
6,15,0.067
6,15,0.011
6,16,0.045
6,16,1.538
6,16,1.01
6,16,1.51
6,16,0.803
6,16,0.118
6,16,1.567
6,16,0.939
6,16,0.837
6,16,0.249
6,16,1.397
6,16,1.371
6,16,0.953
6,16,2.632
6,16,1.674
6,16,0.489
6,16,1.542
6,16,0.457
6,16,1.204
6,16,1.129
6,16,0.999
6,16,1.401
6,16,0.106
6,17,1.827
6,17,1.01
6,17,0.903
6,17,1.183
6,17,0.73
6,17,1.496
6,17,0.831
6,17,0.017
6,17,0.031
6,17,0.078
6,17,1.056
6,17,0.853
6,17,0.998
6,17,1.997
6,17,0.114
6,17,1.131
6,17,0.053
6,17,0.126
6,17,0.082
6,17,1.089
6,17,1.043
6,17,1.692
6,17,1.496
6,17,1.236
6,17,1.635
6,17,0.713
6,17,0.127
6,17,0.098
6,18,0.073
6,18,1.432
6,18,1.05
6,18,1.434
6,18,1.059
6,18,0.948
6,18,0.786
6,18,1.622
6,18,1.444
6,18,0.676
6,18,1.385
6,18,0.458
6,18,0.586
6,18,0.991
6,18,0.069
6,18,0.444
6,18,0.057
6,18,1.183
6,18,0.921
6,18,0.017
6,18,1.422
6,18,0.744
6,18,0.903
6,19,1.371
6,19,1.752
6,19,0.561
6,19,1.503
6,19,1.053
6,19,1.568
6,19,0.761
6,19,1.028
6,19,0.005
6,19,0.85
6,19,2.742
6,19,1.326
6,19,0.714
6,19,1.063
6,19,1.426
6,19,0.407
6,19,1.828
6,19,1.405
6,19,0.037
6,19,0.914
6,19,1.102
6,19,0.044
6,19,1.095
6,19,0.746
6,19,0.567
6,19,0.052
6,19,0.099
6,19,0.033
6,20,0.093
6,20,0.79
6,20,0.928
6,20,0.909
6,20,0.939
6,20,1.92
6,20,1.254
6,20,1.394
6,20,1.319
6,20,0.047
6,20,0.825
6,20,1.076
6,20,1.256
6,20,1.345
6,20,2.346
6,20,1.827
6,20,1.248
6,20,0.955
6,20,1.491
6,20,0.945
6,20,0.067
6,20,1.177
6,20,0.739
6,21,2.029
6,21,0.782
6,21,1.335
6,21,1.24
6,21,1.241
6,21,0.569
6,21,1.335
6,21,0.079
6,21,0.998
6,21,0.674
6,21,0.017
6,21,1.296
6,21,0.607
6,21,1.43
6,21,0.103
6,21,1.014
6,21,0.213
6,21,0.34
6,21,1.853
6,21,0.211
6,21,1.235
6,22,1.268
6,22,0.893
6,22,1.867
6,22,0.611
6,22,0.839
6,22,0.08
6,22,1.74
6,22,0.567
6,22,1.244
6,22,0.644
6,22,0.028
6,22,1.045
6,22,1.357
6,22,1.012
6,22,0.424
6,23,1.094
6,23,1.443
6,23,0.419
6,23,0.75
6,23,1.397
6,23,1.206
6,23,1.048
6,23,0.66
6,23,0.027
6,23,0.972
6,23,0.944
6,23,0.933
6,23,1.334
6,23,0.138
6,23,1.504
6,23,0.705
6,23,0.882
6,23,1.182
6,23,1.466
6,23,0.777
6,23,0.103
6,24,0.697
6,24,0.112
6,24,0.88
6,24,1.03
6,24,1.535
6,24,0.024
6,24,1.788
6,24,0.494
6,24,1.052
6,24,1.696
6,24,1.325
6,24,0.862
6,24,0.077
6,24,1.321
6,24,1.283
6,24,1.58
6,24,1.169
6,24,0.138
6,24,1.011
6,24,0.178
6,24,0.414
6,24,0.189
6,24,0.664
6,24,1.205
6,24,1.201
6,24,1.748
6,24,1.097
6,25,0.755
6,25,0.706
6,25,1.069
6,25,0.822
6,25,0.654
6,25,1.112
6,25,0.59
6,25,0.837
6,25,2.302
6,25,0.023
6,25,0.414
6,25,1.124
6,25,0.11
6,25,0.429
6,25,1.524
6,25,1.572
6,25,0.061
6,25,0.849
6,25,0.039
6,25,1.12
6,25,1
6,25,1.082
6,25,2.238
6,25,1.224
6,25,1.363
6,25,0.11
6,25,0.859
6,25,0.643
6,26,1.682
6,26,0.986
6,26,0.022
6,26,1.645
6,26,0.43
6,26,0.322
6,26,0.885
6,26,1.462
6,26,1.161
6,26,0.066
6,26,1.435
6,26,1.596
6,26,1.263
6,26,0.096
6,26,0.282
6,26,1.225
6,26,1.545
6,26,1.28
6,26,0.435
6,26,0.761
6,26,1.405
6,26,1.129
6,26,0.935
6,26,0.916
6,26,0.894
6,26,1.422
6,27,0.6
6,27,1.445
6,27,1.845
6,27,0.903
6,27,0.97
6,27,2.357
6,27,2.075
6,27,1.343
6,27,1.169
6,27,0.177
6,27,0.067
6,27,1.777
6,27,0.696
6,27,0.967
6,27,0.542
6,27,0.602
6,27,0.864
6,27,0.782
6,27,1.187
6,27,0.034
6,27,1.028
6,27,1.521
6,27,2.348
6,28,0.871
6,28,1.88
6,28,0.502
6,28,0.136
6,28,0.243
6,28,1.703
6,28,0.05
6,28,0.822
6,28,1.962
6,28,0.633
6,28,0.776
6,28,1.206
6,28,1.338
6,28,0.078
6,28,1.201
6,28,1.56
6,28,0.098
6,28,0.051
6,28,1.777
6,28,0.292
6,28,1.022
6,28,1.385
6,28,1.255
6,28,0.01
6,28,0.023
6,29,0.511
6,29,1.182
6,29,0.528
6,29,0.057
6,29,1.32
6,29,1.766
6,29,0.582
6,29,0.79
6,29,0.059
6,29,0.836
6,29,0.846
6,29,1.521
6,29,0.852
6,29,1.846
6,29,1.756
6,29,1.32
6,29,0.535
6,29,0.722
6,29,1.196
6,29,1.237
6,29,0.026
6,29,0.265
6,29,0.091
6,29,0.447
6,30,0.558
6,30,0.982
6,30,1.247
6,30,1.466
6,30,0.961
6,30,1.654
6,30,0.084
6,30,1.145
6,30,1.501
6,30,1.469
6,30,2.384
6,30,1.971
6,30,0.871
6,30,1.221
6,30,1.355
6,30,1.708
6,30,1.358
6,30,0.717
6,30,1.226
6,30,2.302
6,30,0.969
