1,1,1.853
1,1,1.719
1,1,2.713
1,1,1.152
1,1,1.687
1,1,1.82
1,1,1.2
1,1,2.893
1,1,1.191
1,1,2.591
1,1,2.061
1,1,1.338
1,1,0.921
1,1,2.064
1,1,1.263
1,1,1.238
1,1,1.974
1,1,1.624
1,1,0.776
1,1,1.283
1,1,1.107
1,1,2.443
1,1,1.574
1,1,2.346
1,1,2.287
1,1,1.665
1,1,0.428
1,1,1.998
1,1,1.788
1,1,1.209
1,1,2.283
1,1,0.964
1,1,1.303
1,1,2.162
1,1,1.56
1,1,1.759
1,1,0.952
1,1,2.238
1,1,1.893
1,1,1.944
1,1,1.489
1,1,2.018
1,1,1.56
1,1,2.463
1,1,2.056
1,1,2.217
1,2,1.609
1,2,0.773
1,2,1.468
1,2,1.227
1,2,1.936
1,2,2.014
1,2,1.819
1,2,1.618
1,2,0.9
1,2,1.25
1,2,1.34
1,2,1.596
1,2,1.754
1,2,0.923
1,2,0.37
1,2,1.616
1,2,1.875
1,2,1.476
1,2,1.875
1,2,0.991
1,2,0.999
1,2,1.479
1,2,1.546
1,2,1.335
1,2,2.478
1,2,2.283
1,2,2.282
1,2,1.627
1,2,1.951
1,2,2.135
1,2,1.908
1,2,1.433
1,2,1.038
1,2,0.51
1,2,0.887
1,2,1.072
1,2,1.894
1,2,0.86
1,2,0.696
1,2,1.933
1,2,1.899
1,2,2.025
1,2,0.96
1,2,0.306
1,2,0.762
1,2,2.24
1,2,2.512
1,2,2.014
1,2,2.467
1,2,2.121
1,2,1.492
1,3,0.929
1,3,1.42
1,3,1.111
1,3,1.626
1,3,1.889
1,3,1.031
1,3,1.1
1,3,1.433
1,3,1.13
1,3,1.333
1,3,2.241
1,3,1.888
1,3,1.19
1,3,0.757
1,3,1.173
1,3,0.385
1,3,1.047
1,3,1.79
1,3,2.008
1,3,2.161
1,3,0.398
1,3,0.572
1,3,0.78
1,3,0.788
1,3,0.419
1,3,0.528
1,3,1.839
1,3,0.797
1,3,0.871
1,3,1.295
1,3,0.879
1,3,1.862
1,3,0.282
1,3,1.335
1,3,2.183
1,3,1.054
1,3,0.973
1,3,1.175
1,3,1.308
1,3,2.089
1,3,2.13
1,3,1.489
1,3,1.861
1,3,0.714
1,3,1.58
1,3,1.678
1,3,1.006
1,3,1.581
1,3,1.691
1,3,1.483
1,3,1.412
1,3,0.68
1,3,0.394
1,4,0.753
1,4,0.97
1,4,1.213
1,4,1.544
1,4,1.027
1,4,1.345
1,4,0.982
1,4,1.605
1,4,1.004
1,4,1.093
1,4,0.12
1,4,0.584
1,4,1.477
1,4,1.573
1,4,0.789
1,4,0.947
1,4,1.286
1,4,0.755
1,4,0.829
1,4,1.439
1,4,0.745
1,4,0.232
1,4,0.894
1,4,1.72
1,4,1.137
1,4,1.625
1,4,1.121
1,4,0.638
1,4,1.787
1,4,1.477
1,4,0.348
1,4,0.534
1,4,1.829
1,4,1.813
1,4,0.757
1,4,1.853
1,4,0.206
1,4,0.973
1,4,1.338
1,4,1.767
1,4,1.889
1,4,0.891
1,4,0.666
1,4,1.215
1,4,0.985
1,4,0.737
1,4,0.859
1,4,1.068
1,4,0.137
1,4,1.545
1,4,0.842
1,4,1.454
1,5,1.808
1,5,0.953
1,5,0.898
1,5,1.303
1,5,1.206
1,5,0.824
1,5,0.974
1,5,0.979
1,5,1.135
1,5,1.028
1,5,1.15
1,5,1.658
1,5,1.25
1,5,2.009
1,5,1.319
1,5,1.291
1,5,0.58
1,5,0.832
1,5,0.681
1,5,0.759
1,5,0.892
1,5,1.936
1,5,1.095
1,5,0.852
1,5,0.793
1,5,0.723
1,5,1.281
1,5,1.846
1,5,0.609
1,5,0.754
1,5,0.839
1,5,0.919
1,5,1
1,5,1.906
1,5,1.587
1,5,1.424
1,5,1.321
1,5,1.27
1,5,1.986
1,5,0.711
1,5,1.1
1,5,0.572
1,5,0.91
1,5,1.321
1,5,0.929
1,5,0.693
1,5,0.468
1,5,2.263
1,5,0.916
1,5,1.122
1,5,0.704
1,5,1.481
1,5,1.333
1,5,1.541
1,5,0.776
1,5,0.762
1,6,1.31
1,6,0.831
1,6,0.843
1,6,1.227
1,6,2.075
1,6,1.178
1,6,1.015
1,6,1.272
1,6,0.987
1,6,1.37
1,6,0.718
1,6,1.169
1,6,0.594
1,6,0.923
1,6,0.09
1,6,1.223
1,6,0.891
1,6,0.355
1,6,0.813
1,6,0.946
1,6,0.652
1,6,0.767
1,6,0.664
1,6,0.3
1,6,2.898
1,6,1.556
1,6,1.212
1,6,0.986
1,6,1.125
1,6,1.77
1,6,1.368
1,6,1.009
1,6,0.607
1,6,0.923
1,6,0.994
1,6,2.195
1,6,1.193
1,6,1.585
1,6,2.094
1,6,1.148
1,6,0.681
1,6,1.36
1,6,0.798
1,6,1.846
1,6,0.253
1,6,1.657
1,6,0.474
1,6,1.707
1,6,1.473
1,6,0.103
1,6,1.605
1,6,0.106
1,6,1.089
1,6,0.891
1,7,1.119
1,7,0.676
1,7,0.676
1,7,1.022
1,7,1.608
1,7,1.52
1,7,1.008
1,7,0.827
1,7,0.72
1,7,1.327
1,7,0.357
1,7,0.621
1,7,0.779
1,7,0.211
1,7,0.851
1,7,1.739
1,7,0.756
1,7,0.472
1,7,0.467
1,7,1.193
1,7,0.902
1,7,0.87
1,7,1.678
1,7,1
1,7,0.065
1,7,0.707
1,7,0.792
1,7,1.356
1,7,0.833
1,7,0.661
1,7,0.807
1,7,1.235
1,7,0.825
1,7,1.437
1,7,0.751
1,7,0.691
1,7,0.93
1,7,1.211
1,7,1.089
1,7,1.083
1,7,1.408
1,7,1.146
1,7,1.018
1,7,2.098
1,7,0.998
1,7,0.907
1,7,1.567
1,7,1.237
1,7,1.071
1,7,0.801
1,8,0.623
1,8,0.708
1,8,0.864
1,8,0.676
1,8,0.694
1,8,0.729
1,8,1.46
1,8,0.781
1,8,0.932
1,8,1.158
1,8,0.831
1,8,0.712
1,8,0.954
1,8,1.651
1,8,1.243
1,8,0.078
1,8,1.781
1,8,1.028
1,8,1.193
1,8,0.758
1,8,1.802
1,8,0.739
1,8,0.81
1,8,0.715
1,8,1.069
1,8,0.673
1,8,0.551
1,8,1.742
1,8,1.405
1,8,1.253
1,8,1.206
1,8,1.477
1,8,1.364
1,8,0.817
1,8,0.488
1,8,1.007
1,8,0.423
1,8,0.563
1,8,3.079
1,8,0.006
1,8,0.956
1,8,2.169
1,8,0.174
1,8,0.648
1,8,0.906
1,8,1.248
1,8,0.244
1,9,0.708
1,9,0.014
1,9,0.504
1,9,0.64
1,9,0.922
1,9,0.878
1,9,0.894
1,9,0.481
1,9,1.127
1,9,0.922
1,9,1.079
1,9,0.718
1,9,0.95
1,9,0.875
1,9,0.58
1,9,0.638
1,9,1.126
1,9,1.438
1,9,1.687
1,9,1.687
1,9,0.403
1,9,1.061
1,9,0.681
1,9,0.791
1,9,0.476
1,9,0.989
1,9,0.74
1,9,0.796
1,9,0.831
1,9,0.544
1,9,0.78
1,9,0.456
1,9,0.885
1,9,0.094
1,9,0.816
1,9,1.081
1,9,0.838
1,9,0.926
1,9,1.629
1,9,1.439
1,9,1.247
1,9,1.397
1,9,1.13
1,9,1.501
1,9,0.127
1,9,0.87
1,9,0.072
1,9,1.105
1,9,1.088
1,9,0.649
1,9,0.651
1,10,0.995
1,10,0.861
1,10,0.992
1,10,0.556
1,10,0.096
1,10,1.855
1,10,1.232
1,10,0.09
1,10,1.209
1,10,1.124
1,10,0.804
1,10,0.786
1,10,0.887
1,10,1.142
1,10,0.453
1,10,0.809
1,10,1.491
1,10,0.468
1,10,1.481
1,10,0.991
1,10,0.988
1,10,0.82
1,10,0.697
1,10,1.024
1,10,0.513
1,10,1.031
1,10,0.863
1,10,0.832
1,10,0.938
1,10,0.928
1,10,0.635
1,10,1.143
1,10,1.859
1,10,0.266
1,10,1.099
1,10,0.85
1,10,1.766
1,10,0.152
1,10,0.455
1,10,0.276
1,10,0.918
1,10,0.769
1,10,0.086
1,10,0.473
1,11,1.112
1,11,1.266
1,11,0.884
1,11,1.103
1,11,0.359
1,11,0.024
1,11,0.735
1,11,2.259
1,11,1.137
1,11,1.337
1,11,1.866
1,11,1.69
1,11,0.801
1,11,0.591
1,11,0.831
1,11,0.802
1,11,2.242
1,11,0.809
1,11,0.007
1,11,1.141
1,11,0.685
1,11,0.817
1,11,0.084
1,11,1.968
1,11,1.022
1,11,1.152
1,11,0.869
1,11,0.536
1,11,0.766
1,11,2.158
1,11,1.73
1,11,0.831
1,11,0.677
1,11,0.012
1,11,0.664
1,11,0.122
1,11,0.82
1,11,0.727
1,11,0.764
1,11,1.069
1,11,1.097
1,11,0.967
1,11,0.486
1,11,0.157
1,11,0.854
1,11,0.906
1,11,0.943
1,11,1.494
1,11,1.136
1,11,0.798
1,11,1.928
1,11,0.669
1,11,0.025
1,12,1.648
1,12,0.685
1,12,0.449
1,12,1.503
1,12,1.488
1,12,0.567
1,12,1.622
1,12,0.59
1,12,1.2
1,12,1.019
1,12,0.598
1,12,0.794
1,12,0.796
1,12,1.153
1,12,0.845
1,12,1.051
1,12,0.728
1,12,1.183
1,12,0.742
1,12,1.078
1,12,1.892
1,12,0.992
1,12,1.135
1,12,0.826
1,12,1.315
1,12,1.134
1,12,1.33
1,12,2.865
1,12,0.615
1,12,1.186
1,12,0.08
1,12,1.706
1,12,0.141
1,12,1.836
1,12,2.086
1,12,1.815
1,12,0.138
1,12,0.892
1,12,0.862
1,12,1.282
1,12,0.727
1,12,1.709
1,12,0.608
1,12,1.503
1,12,1.281
1,12,0.335
1,12,1.169
1,13,1.789
1,13,1.976
1,13,0.408
1,13,0.61
1,13,0.07
1,13,0.799
1,13,1.128
1,13,1.152
1,13,1.562
1,13,0.76
1,13,0.688
1,13,1.233
1,13,0.664
1,13,2.076
1,13,1.199
1,13,1.072
1,13,1.047
1,13,1.218
1,13,1.134
1,13,1.285
1,13,1.397
1,13,0.897
1,13,0.015
1,13,1.005
1,13,1.458
1,13,0.908
1,13,1.766
1,13,0.739
1,13,1.003
1,13,0.488
1,13,1.161
1,13,0.682
1,13,0.509
1,13,0.175
1,13,1.25
1,13,1.002
1,13,0.872
1,13,0.568
1,13,2.622
1,13,0.695
1,13,1.191
1,13,1.649
1,13,0.204
1,13,0.935
1,13,0.569
1,13,1.1
1,13,1.182
1,13,2.032
1,13,1.633
1,13,0.434
1,14,0.713
1,14,2.434
1,14,0.614
1,14,0.812
1,14,0.063
1,14,0.916
1,14,0.477
1,14,0.571
1,14,0.723
1,14,0.861
1,14,2.066
1,14,1.039
1,14,0.904
1,14,0.628
1,14,0.604
1,14,0.961
1,14,1.839
1,14,0.645
1,14,1.027
1,14,1.412
1,14,0.859
1,14,0.699
1,14,0.733
1,14,0.513
1,14,0.415
1,14,1.281
1,14,0.886
1,14,2.164
1,14,1.234
1,14,0.116
1,14,0.786
1,14,0.824
1,14,1.373
1,14,0.687
1,14,0.759
1,14,0.483
1,14,1.516
1,14,0.877
1,14,0.054
1,14,1.705
1,14,1.561
1,14,0.543
1,14,0.03
1,14,1.994
1,14,0.586
1,14,0.389
1,15,0.132
1,15,1.738
1,15,0.096
1,15,0.985
1,15,1.289
1,15,1.307
1,15,1.044
1,15,0.324
1,15,0.911
1,15,1.483
1,15,0.598
1,15,0.291
1,15,0.567
1,15,0.913
1,15,0.617
1,15,0.082
1,15,1.174
1,15,2.01
1,15,0.49
1,15,1.088
1,15,0.441
1,15,1.633
1,15,0.878
1,15,0.996
1,15,0.734
1,15,0.107
1,15,1.23
1,15,0.605
1,15,1.552
1,15,0.305
1,15,0.092
1,15,0.789
1,15,1.239
1,15,0.05
1,15,0.911
1,15,0.077
1,16,0.943
1,16,0.91
1,16,0.689
1,16,0.601
1,16,1.147
1,16,2.718
1,16,0.684
1,16,0.619
1,16,0.113
1,16,0.063
1,16,0.082
1,16,2.098
1,16,1.091
1,16,0.132
1,16,1.425
1,16,0.957
1,16,0.023
1,16,1.056
1,16,0.803
1,16,0.797
1,16,1.443
1,16,0.118
1,16,1.36
1,16,0.619
1,16,1.642
1,16,1.584
1,16,1.205
1,16,1.114
1,16,1.228
1,16,0.059
1,16,1.648
1,16,1.245
1,16,0.41
1,16,0.823
1,16,1.167
1,16,0.394
1,16,0.019
1,16,1.453
1,16,0.707
1,16,1.569
1,17,1.255
1,17,0.866
1,17,0.89
1,17,1.31
1,17,0.667
1,17,0.78
1,17,0.155
1,17,1.023
1,17,0.553
1,17,1.162
1,17,2.799
1,17,1.09
1,17,1.112
1,17,0.945
1,17,0.463
1,17,0.593
1,17,0.956
1,17,0.911
1,17,0.129
1,17,0.751
1,17,0.529
1,17,1.078
1,17,0.85
1,17,0.888
1,17,0.609
1,17,0.739
1,17,1.133
1,17,1.259
1,17,0.045
1,17,0.582
1,17,0.19
1,17,0.777
1,17,0.833
1,17,0.298
1,17,0.587
1,17,1.608
1,17,1.646
1,18,1.62
1,18,1.434
1,18,1.492
1,18,1.331
1,18,0.851
1,18,0.889
1,18,0.849
1,18,1.111
1,18,1.626
1,18,0.58
1,18,0.965
1,18,0.014
1,18,0.904
1,18,0.821
1,18,1.334
1,18,0.975
1,18,0.008
1,18,1.556
1,18,1.163
1,18,0.013
1,18,1.303
1,18,2.332
1,18,0.842
1,18,1.516
1,18,0.196
1,18,1.106
1,18,1.33
1,18,0.968
1,18,1.781
1,18,0.03
1,18,1.188
1,18,1.117
1,18,1.201
1,18,1.189
1,18,1.388
1,18,1.298
1,18,1.615
1,18,1.693
1,18,0.007
1,18,1.095
1,18,1.228
1,18,0.518
1,18,2.244
1,18,1.417
1,18,1.036
1,18,0.047
1,19,1.134
1,19,0.643
1,19,0.538
1,19,0.84
1,19,0.392
1,19,0.888
1,19,1.444
1,19,1.541
1,19,0.959
1,19,0.142
1,19,1.033
1,19,1.585
1,19,0.086
1,19,1.423
1,19,0.753
1,19,1.01
1,19,0.684
1,19,1.309
1,19,1.874
1,19,0.799
1,19,1.156
1,19,1.786
1,19,0.893
1,19,1.198
1,19,1.766
1,19,1.618
1,19,0.545
1,19,0.646
1,19,0.542
1,19,1.604
1,19,1.519
1,19,1.473
1,19,1.753
1,19,0.98
1,19,0.177
1,19,0.651
1,19,1.238
1,19,0.789
1,20,1.207
1,20,0.006
1,20,0.781
1,20,0.993
1,20,2.103
1,20,0.993
1,20,1.423
1,20,0.736
1,20,1.017
1,20,0.663
1,20,0.772
1,20,1.73
1,20,0.776
1,20,0.763
1,20,1.391
1,20,1.506
1,20,0.864
1,20,0.952
1,20,1.112
1,20,1.405
1,20,1.371
1,20,0.704
1,20,1.974
1,20,0.799
1,20,1.995
1,20,1.091
1,20,1.316
1,20,1.318
1,20,0.278
1,20,1.357
1,20,1.311
1,20,0.134
1,20,2.039
1,20,0.419
1,20,0.143
1,20,0.772
1,20,0.98
1,21,1.533
1,21,0.025
1,21,0.754
1,21,1.121
1,21,0.627
1,21,0.558
1,21,0.872
1,21,1.107
1,21,0.181
1,21,0.586
1,21,0.799
1,21,1.964
1,21,0.647
1,21,1.424
1,21,0.673
1,21,1.68
1,21,0.1
1,21,0.909
1,21,1.232
1,21,0.549
1,21,2.011
1,21,1.575
1,21,0.44
1,21,0.995
1,21,0.416
1,21,0.841
1,21,1.272
1,21,0.429
1,21,1.053
1,21,1.195
1,21,0.436
1,21,0.919
1,21,0.516
1,21,0.983
1,21,1.04
1,21,1.532
1,21,1.491
1,21,0.369
1,22,0.194
1,22,0.774
1,22,0.056
1,22,1.888
1,22,1.155
1,22,0.826
1,22,1.607
1,22,0.162
1,22,1.718
1,22,1.411
1,22,0.8
1,22,1.17
1,22,0.326
1,22,2.591
1,22,1.997
1,22,1.007
1,22,1.965
1,22,0.717
1,22,0.458
1,22,1.426
1,22,1.108
1,22,2.176
1,22,0.371
1,22,0.122
1,22,0.707
1,22,1.177
1,22,1.342
1,22,1.894
1,22,0.524
1,22,0.179
1,22,0.668
1,22,0.073
1,22,1.387
1,22,0.535
1,22,0.06
1,22,0.884
1,22,0.165
1,22,1.166
1,22,1.256
1,22,1.13
1,22,0.073
1,22,1.367
1,22,0.662
1,22,1.513
1,22,1.321
1,22,1.106
1,22,0.212
1,22,1.753
1,23,0.239
1,23,0.491
1,23,0.811
1,23,2.108
1,23,0.986
1,23,1.395
1,23,0.797
1,23,1.078
1,23,1.022
1,23,1.291
1,23,0.225
1,23,2.181
1,23,1.208
1,23,0.603
1,23,2.131
1,23,1.121
1,23,1.157
1,23,0.044
1,23,0.755
1,23,0.89
1,23,0.929
1,23,2.065
1,23,1.556
1,23,1.064
1,23,0.82
1,23,1.043
1,23,0.833
1,23,1.312
1,23,1.475
1,23,1.044
1,23,0.089
1,23,0.616
1,23,0.723
1,23,0.084
1,23,0.979
1,23,2.274
1,23,0.92
1,23,0.602
1,23,0.41
1,23,0.197
1,23,0.909
1,23,1.438
1,23,0.707
1,24,1.275
1,24,0.645
1,24,1.53
1,24,0.721
1,24,0.692
1,24,1.364
1,24,0.495
1,24,1.135
1,24,0.896
1,24,1.28
1,24,1.362
1,24,1.182
1,24,1.112
1,24,0.898
1,24,0.29
1,24,1.721
1,24,0.333
1,24,1.014
1,24,1.229
1,24,1.34
1,24,0.815
1,24,0.739
1,24,0.206
1,24,1.109
1,24,0.619
1,24,1.538
1,24,1.12
1,24,0.714
1,24,2.145
1,24,0.088
1,24,0.963
1,24,1.068
1,24,0.649
1,24,0.376
1,24,0.277
1,24,0.103
1,24,0.554
1,24,1.456
1,24,1.205
1,24,0.884
1,24,1.203
1,24,0.084
1,24,0.06
1,24,1.143
1,24,0.062
1,24,0.935
1,24,0.486
1,24,0.516
1,25,0.813
1,25,0.156
1,25,2.441
1,25,1.07
1,25,1.444
1,25,0.776
1,25,0.095
1,25,0.772
1,25,1.03
1,25,0.1
1,25,0.708
1,25,1.012
1,25,1.054
1,25,0.737
1,25,0.775
1,25,0.683
1,25,1.19
1,25,0.066
1,25,0.12
1,25,0.192
1,25,0.638
1,25,1.111
1,25,0.107
1,25,0.759
1,25,1.372
1,25,1.032
1,25,1.052
1,25,1.11
1,25,1.865
1,25,1.93
1,25,0.848
1,25,0.116
1,25,1.413
1,25,1.129
1,25,2.603
1,26,1.693
1,26,1.099
1,26,1.64
1,26,1.487
1,26,0.089
1,26,0.666
1,26,0.685
1,26,1.356
1,26,2.294
1,26,0.789
1,26,1.724
1,26,0.595
1,26,0.148
1,26,2.096
1,26,0.714
1,26,0.706
1,26,0.86
1,26,1.168
1,26,0.051
1,26,1.256
1,26,1.174
1,26,0.168
1,26,1.192
1,26,1.523
1,26,1.916
1,26,1.388
1,26,0.13
1,26,1.079
1,26,1.059
1,26,0.913
1,26,0.066
1,26,0.153
1,26,1.745
1,26,0.102
1,26,1.125
1,26,0.767
1,26,0.023
1,26,1.53
1,26,1.86
1,26,0.239
1,26,1.331
1,26,1.284
1,26,0.114
1,26,1.472
1,26,0.789
1,26,1.024
1,26,0.985
1,26,0.635
1,26,0.746
1,27,1.322
1,27,1.371
1,27,1.632
1,27,2.291
1,27,0.011
1,27,0.048
1,27,0.959
1,27,1.349
1,27,0.095
1,27,1.122
1,27,0.888
1,27,1.665
1,27,1.966
1,27,1.298
1,27,0.445
1,27,1.228
1,27,1.422
1,27,1.009
1,27,0.941
1,27,2.429
1,27,0.724
1,27,2.104
1,27,1.118
1,27,0.18
1,27,0.286
1,27,0.69
1,27,1.335
1,27,1.302
1,27,0.793
1,27,1.311
1,27,0.447
1,27,1.151
1,27,0.933
1,27,1.345
1,27,0.906
1,28,0.816
1,28,1.399
1,28,0.561
1,28,0.07
1,28,0.139
1,28,1.421
1,28,0.536
1,28,1.068
1,28,0.087
1,28,0.048
1,28,0.061
1,28,1.175
1,28,1.287
1,28,1.583
1,28,0.433
1,28,0.567
1,28,0.093
1,28,0.104
1,28,0.926
1,28,0.899
1,28,1.084
1,28,1.091
1,28,0.661
1,28,1.125
1,28,1.214
1,28,1.72
1,28,1.141
1,28,0.855
1,28,1.176
1,28,0.863
1,28,0.044
1,28,0.109
1,28,0.662
1,28,0.081
1,28,0.353
1,28,0.684
1,28,0.188
1,28,0.045
1,28,1.377
1,28,0.46
1,28,1.03
1,28,0.145
1,28,0.778
1,28,0.224
1,29,1.191
1,29,0.943
1,29,0.942
1,29,0.076
1,29,0.075
1,29,0.168
1,29,0.603
1,29,0.915
1,29,2.855
1,29,0.858
1,29,1.08
1,29,1.01
1,29,1.505
1,29,0.074
1,29,1.295
1,29,1.237
1,29,0.938
1,29,0.517
1,29,0.732
1,29,0.037
1,29,0.504
1,29,1.049
1,29,2.015
1,29,1.309
1,29,0.686
1,29,1.217
1,29,0.807
1,29,1.108
1,29,0.959
1,29,0.032
1,29,0.273
1,29,0.245
1,29,0.695
1,29,0.946
1,29,1.429
1,29,0.089
1,29,1.16
1,29,0.038
1,29,0.072
1,29,0.415
1,29,0.089
1,29,0.928
1,29,0.739
1,30,1.297
1,30,0.334
1,30,1.536
1,30,2.281
1,30,1.751
1,30,0.963
1,30,1.722
1,30,0.815
1,30,1.735
1,30,1.709
1,30,0.521
1,30,0.951
1,30,0.568
1,30,0.903
1,30,0.1
1,30,1.066
1,30,1.334
1,30,1.379
1,30,0.881
1,30,1.272
1,30,0.22
1,30,0.11
1,30,0.993
1,30,0.446
1,30,1.107
1,30,1.585
1,30,0.176
1,30,1.162
1,30,1.102
1,30,1.318
1,30,0.52
1,30,0.984
1,30,1.533
1,30,1.307
1,30,0.09
1,30,0.476
1,30,1.359
1,30,1.25
1,30,0.645
1,30,1.36
1,30,0.086
1,30,0.886
1,30,1.615
1,30,0.715
1,30,0.89
1,30,0.645
1,30,2.532
2,1,0.568
2,1,1.147
2,1,1.612
2,1,1.036
2,1,0.946
2,1,1.231
2,1,1.081
2,1,1.94
2,1,1.297
2,1,1.405
2,1,1.021
2,1,1.08
2,1,1.792
2,1,1.225
2,1,2.504
2,1,1.438
2,1,1.598
2,1,1.375
2,1,0.798
2,1,1.115
2,1,0.512
2,1,0.785
2,1,0.969
2,1,0.655
2,1,1.386
2,1,1.653
2,1,1.798
2,1,1.801
2,1,2.067
2,1,2.36
2,1,1.142
2,1,2.048
2,1,1.098
2,1,1.622
2,1,1.588
2,1,1.931
2,1,1.137
2,1,1.111
2,1,0.955
2,1,0.83
2,1,1.354
2,1,2.309
2,1,1.138
2,1,1.721
2,1,1.969
2,1,1.849
2,1,0.754
2,2,1.461
2,2,1.782
2,2,0.577
2,2,1.606
2,2,1.097
2,2,1.373
2,2,0.758
2,2,0.795
2,2,0.854
2,2,1.906
2,2,0.984
2,2,1.3
2,2,0.016
2,2,1.39
2,2,1.352
2,2,1.232
2,2,1.891
2,2,1.081
2,2,1.766
2,2,1.333
2,2,1.568
2,2,1.086
2,2,1.097
2,2,0.826
2,2,0.64
2,2,2.424
2,2,1.455
2,2,0.82
2,2,1.89
2,2,1.11
2,2,2.328
2,2,0.623
2,2,2.512
2,2,1.776
2,2,0.257
2,2,0.333
2,2,0.807
2,2,0.795
2,2,1.817
2,2,1.534
2,2,1.145
2,2,1.83
2,2,0.082
2,2,0.831
2,2,0.02
2,2,1.625
2,2,1.046
2,2,1.459
2,2,1.825
2,3,0.912
2,3,0.866
2,3,1.167
2,3,0.799
2,3,0.662
2,3,0.7
2,3,1.303
2,3,0.883
2,3,0.698
2,3,1.685
2,3,1.421
2,3,0.558
2,3,1.019
2,3,1.469
2,3,1.552
2,3,0.966
2,3,1.9
2,3,1.329
2,3,0.975
2,3,0.631
2,3,1.334
2,3,1.706
2,3,2.253
2,3,0.376
2,3,0.196
2,3,1.302
2,3,1.235
2,3,1.351
2,3,1.054
2,3,0.763
2,3,0.888
2,3,1.46
2,3,1.264
2,3,1.234
2,3,1.562
2,3,1.123
2,3,1.494
2,3,0.991
2,3,1.6
2,3,1.687
2,3,1.46
2,3,1.047
2,3,1.523
2,3,0.63
2,3,0.952
2,3,1.281
2,3,0.504
2,3,1.413
2,3,1.5
2,3,0.767
2,3,0.807
2,3,0.842
2,3,0.008
2,3,0.39
2,3,1.723
2,3,1.392
2,4,1.063
2,4,0.924
2,4,1.145
2,4,1.299
2,4,1.052
2,4,1.554
2,4,0.93
2,4,1.088
2,4,1.677
2,4,1.203
2,4,0.91
2,4,0.684
2,4,1.422
2,4,0.982
2,4,0.933
2,4,0.799
2,4,0.091
2,4,0.895
2,4,0.732
2,4,0.893
2,4,0.974
2,4,0.179
2,4,1.462
2,4,1.093
2,4,1.628
2,4,1.04
2,4,1.199
2,4,1.305
2,4,0.462
2,4,1.082
2,4,0.68
2,4,0.988
2,4,1.158
2,4,1.023
2,4,0.594
2,4,1.836
2,4,1.558
2,4,0.795
2,4,0.709
2,4,0.027
2,4,0.759
2,4,1.853
2,4,0.37
2,4,0.006
2,4,1.485
2,4,1.164
2,4,0.615
2,4,1.524
2,4,0.827
2,4,0.017
2,4,1.029
2,4,1.14
2,4,0.898
2,4,1.482
2,4,0.447
2,4,1.206
2,5,0.509
2,5,0.074
2,5,1.46
2,5,1.018
2,5,1.272
2,5,0.746
2,5,1.162
2,5,1.535
2,5,0.969
2,5,1.112
2,5,1.161
2,5,0.801
2,5,0.528
2,5,0.463
2,5,1.227
2,5,0.821
2,5,1.133
2,5,0.679
2,5,0.956
2,5,1.861
2,5,1.886
2,5,1.177
2,5,0.955
2,5,0.91
2,5,0.909
2,5,0.651
2,5,0.71
2,5,0.797
2,5,0.751
2,5,0.557
2,5,1.83
2,5,1.526
2,5,0.714
2,5,0.842
2,5,0.75
2,5,0.393
2,5,1.834
2,5,1.331
2,5,0.937
2,5,0.83
2,5,1.263
2,5,1.223
2,5,0.557
2,5,1.215
2,5,0.9
2,5,1.751
2,5,0.95
2,5,0.977
2,5,1.008
2,5,0.851
2,5,0.118
2,5,0.182
2,6,0.149
2,6,1.055
2,6,0.527
2,6,1.107
2,6,2.41
2,6,0.351
2,6,0.954
2,6,0.626
2,6,0.256
2,6,0.589
2,6,0.504
2,6,0.828
2,6,1.313
2,6,0.731
2,6,0.619
2,6,0.907
2,6,1.329
2,6,0.696
2,6,0.509
2,6,1.792
2,6,0.066
2,6,0.901
2,6,0.858
2,6,0.645
2,6,1.032
2,6,0.746
2,6,1.152
2,6,1.355
2,6,0.658
2,6,0.753
2,6,2
2,6,1.232
2,6,0.775
2,6,0.026
2,6,0.984
2,6,1.681
2,6,0.577
2,6,0.956
2,6,0.013
2,6,0.993
2,6,0.502
2,6,0.913
2,6,1.272
2,6,0.09
2,6,0.652
2,6,1.005
2,6,1.81
2,6,1.637
2,6,0.453
2,6,2.252
2,6,0.655
2,6,0.028
2,6,0.788
2,6,0.02
2,6,0.475
2,6,0.726
2,7,0.765
2,7,0.686
2,7,0.529
2,7,1.463
2,7,0.048
2,7,0.752
2,7,0.862
2,7,0.845
2,7,0.697
2,7,1.478
2,7,0.865
2,7,0.987
2,7,0.091
2,7,0.881
2,7,0.919
2,7,2.552
2,7,0.055
2,7,0.914
2,7,0.146
2,7,0.669
2,7,0.924
2,7,0.79
2,7,1.181
2,7,1.015
2,7,1.669
2,7,0.51
2,7,1.133
2,7,0.703
2,7,0.768
2,7,1.046
2,7,1.082
2,7,1.2
2,7,0.715
2,7,1.198
2,7,2.089
2,7,1.036
2,7,1.938
2,7,0.965
2,7,1.248
2,7,0.98
2,7,0.906
2,7,0.428
2,7,0.937
2,7,0.489
2,7,2.333
2,7,1.124
2,7,1.994
2,7,0.908
2,8,0.939
2,8,1.059
2,8,1.295
2,8,1.331
2,8,1.115
2,8,0.871
2,8,0.518
2,8,0.762
2,8,0.853
2,8,0.725
2,8,0.954
2,8,0.483
2,8,0.745
2,8,0.614
2,8,0.583
2,8,0.634
2,8,0.796
2,8,0.346
2,8,0.007
2,8,1.053
2,8,1.55
2,8,0.259
2,8,1.315
2,8,1.175
2,8,0.691
2,8,0.658
2,8,0.048
2,8,0.588
2,8,2.09
2,8,0.885
2,8,0.952
2,8,0.475
2,8,0.705
2,8,1.451
2,8,0.7
2,8,1.093
2,8,0.814
2,8,0.93
2,8,1.347
2,8,1.082
2,8,0.669
2,8,0.798
2,8,0.623
2,8,0.503
2,8,1.156
2,8,0.741
2,8,0.031
2,8,0.055
2,8,1.016
2,8,1.158
2,8,0.67
2,8,0.673
2,8,1.544
2,8,0.447
2,8,0.297
2,8,2.109
2,9,0.822
2,9,1.021
2,9,0.42
2,9,1.181
2,9,0.856
2,9,0.977
2,9,0.389
2,9,1.36
2,9,0.165
2,9,0.887
2,9,1.128
2,9,1.027
2,9,1.685
2,9,0.512
2,9,1.194
2,9,0.94
2,9,1.024
2,9,2.152
2,9,1.167
2,9,1.975
2,9,1.059
2,9,0.652
2,9,1.173
2,9,1.071
2,9,1.336
2,9,1.665
2,9,0.975
2,9,1.08
2,9,1.308
2,9,0.702
2,9,0.602
2,9,1.027
2,9,0.821
2,9,1.082
2,9,1.334
2,9,1.802
2,9,0.425
2,9,0.574
2,9,0.526
2,9,1.577
2,9,0.805
2,9,1.943
2,9,1.736
2,9,0.564
2,9,1.108
2,9,1.221
2,9,1.442
2,9,1.589
2,9,0.087
2,9,0.511
2,9,1.106
2,9,1.143
2,9,1.751
2,9,1.529
2,9,0.926
2,9,0.016
2,9,0.764
2,9,1.231
2,9,0.815
2,9,0.467
2,9,1.37
2,9,0.679
2,10,0.022
2,10,1.098
2,10,1.529
2,10,1.031
2,10,0.751
2,10,0.78
2,10,1.116
2,10,0.689
2,10,0.663
2,10,0.757
2,10,0.476
2,10,1.532
2,10,0.039
2,10,0.505
2,10,0.136
2,10,0.695
2,10,0
2,10,1.059
2,10,1.14
2,10,1.321
2,10,1.64
2,10,0.865
2,10,0.305
2,10,0.735
2,10,0.869
2,10,0.759
2,10,0.546
2,10,1.102
2,10,0.31
2,10,2.18
2,10,0.186
2,10,0.833
2,10,1.07
2,10,0.781
2,10,0.565
2,10,0.795
2,10,1.56
2,10,1.783
2,10,0.863
2,10,1.505
2,10,0.363
2,10,0.649
2,10,1.103
2,10,0.778
2,10,0.856
2,10,1.604
2,10,1.261
2,10,1.07
2,10,0.831
2,10,1.516
2,11,1.067
2,11,0.43
2,11,1.998
2,11,1.268
2,11,0.908
2,11,1.047
2,11,0.148
2,11,0.061
2,11,1.491
2,11,0.082
2,11,0.698
2,11,1.173
2,11,1.195
2,11,1.511
2,11,1.305
2,11,1.849
2,11,2.137
2,11,1.143
2,11,0.908
2,11,0.04
2,11,1.116
2,11,0.619
2,11,0.403
2,11,1.065
2,11,0.716
2,11,0.483
2,11,1.917
2,11,0.059
2,11,0.637
2,11,0.028
2,11,0.95
2,11,1.084
2,11,1.623
2,11,0.54
2,11,1.218
2,11,1.599
2,11,0.473
2,11,0.999
2,11,1.697
2,11,2.029
2,11,1.203
2,11,0.704
2,11,0.883
2,11,0.891
2,11,0.577
2,11,1.356
2,11,0.095
2,11,0.876
2,11,0.311
2,11,1.788
2,11,0.808
2,11,0.77
2,11,1.319
2,11,0.011
2,11,0.597
2,11,0.861
2,11,0.027
2,11,0.925
2,12,0.982
2,12,0.347
2,12,0.891
2,12,2.079
2,12,0.756
2,12,1.284
2,12,1.479
2,12,2.158
2,12,1.416
2,12,1.067
2,12,1.134
2,12,0.74
2,12,0.407
2,12,0.072
2,12,1.743
2,12,1.166
2,12,0.101
2,12,0.758
2,12,0.704
2,12,1.485
2,12,0.043
2,12,0.956
2,12,1.383
2,12,1.937
2,12,0.011
2,12,0.874
2,12,0.052
2,12,0.62
2,12,0.946
2,12,0.4
2,12,0.714
2,12,0.997
2,12,0.727
2,12,0.102
2,12,1.238
2,12,1.629
2,12,0.484
2,12,0.561
2,12,2.164
2,12,0.073
2,12,0.628
2,12,0.859
2,12,1.066
2,12,0.646
2,12,0.749
2,12,0.486
2,12,0.491
2,12,0.865
2,12,0.615
2,12,1.063
2,12,0.018
2,12,1.547
2,12,2.149
2,12,0.549
2,12,0.593
2,12,0.564
2,13,1.09
2,13,1.053
2,13,0.803
2,13,1
2,13,2.285
2,13,1.137
2,13,0.032
2,13,0.451
2,13,0.732
2,13,0.307
2,13,0.474
2,13,0.685
2,13,0.623
2,13,0.478
2,13,0.76
2,13,0.118
2,13,0.915
2,13,0.01
2,13,0.897
2,13,0.54
2,13,1.756
2,13,0.012
2,13,0.039
2,13,0.928
2,13,0.738
2,13,0.097
2,13,1.076
2,13,0.825
2,13,0.436
2,13,0.072
2,13,0.538
2,13,0.87
2,13,0.826
2,13,0.368
2,13,0.513
2,13,0.908
2,13,0.019
2,13,1.455
2,13,1.94
2,13,1.208
2,13,0.698
2,13,0.536
2,13,1.073
2,13,0.049
2,13,0.015
2,13,1.604
2,13,0.752
2,13,0.044
2,13,0.032
2,13,0.69
2,13,0.459
2,13,0.682
2,13,2.3
2,13,0.134
2,13,1.574
2,14,1.736
2,14,0.741
2,14,1.127
2,14,0.926
2,14,1.276
2,14,0.935
2,14,0.447
2,14,0.339
2,14,0.661
2,14,0.887
2,14,0.666
2,14,0.9
2,14,0.023
2,14,1.104
2,14,1.334
2,14,1.762
2,14,1.276
2,14,1.117
2,14,0.73
2,14,0.192
2,14,1.025
2,14,0.663
2,14,1.187
2,14,0.019
2,14,0.863
2,14,0.472
2,14,0.831
2,14,1.404
2,14,1.039
2,14,0.028
2,14,0.975
2,14,1.124
2,14,2.002
2,14,0.608
2,14,1.365
2,14,1.916
2,14,1.272
2,14,0.464
2,14,0.464
2,14,2.236
2,14,0.034
2,14,0.868
2,14,0.928
2,14,1.91
2,14,0.883
2,14,0.073
2,14,0.027
2,14,1.939
2,14,0.023
2,14,0.751
2,14,0.749
2,14,0.67
2,14,0.072
2,14,0.185
2,14,1.093
2,14,1.104
2,14,0.043
2,14,1.263
2,15,1.017
2,15,0.769
2,15,1.097
2,15,1.258
2,15,0.508
2,15,0.613
2,15,0.816
2,15,0.589
2,15,0.035
2,15,0.182
2,15,0.953
2,15,1.238
2,15,1.985
2,15,1.099
2,15,0.024
2,15,0.052
2,15,1.389
2,15,1.286
2,15,1.324
2,15,0.831
2,15,0.823
2,15,1.174
2,15,0.945
2,15,1.134
2,15,0.039
2,15,2.152
2,15,1.394
2,15,1.431
2,15,1.068
2,15,0.638
2,15,1.441
2,15,1.297
2,15,0.081
2,15,1.263
2,15,1.826
2,15,0.515
2,15,1.183
2,15,0.055
2,15,0.88
2,15,1.171
2,15,0.08
2,15,0.737
2,15,1.503
2,15,0.123
2,15,1.206
2,15,0.633
2,15,1.009
2,15,1.416
2,15,1.078
2,15,0.898
2,15,0.068
2,15,0.015
2,15,1.415
2,15,0.44
2,15,1.662
2,15,0.872
2,15,1.449
2,15,1.203
2,15,0.598
2,15,0.913
2,15,1.602
2,15,1.949
2,15,1.562
2,15,1.526
2,15,1.623
2,16,0.94
2,16,1.037
2,16,0.634
2,16,1.567
2,16,1.181
2,16,1.391
2,16,0.568
2,16,0.854
2,16,1.372
2,16,1.361
2,16,1.277
2,16,0.19
2,16,1.595
2,16,0.623
2,16,0.909
2,16,0.713
2,16,0.938
2,16,0.851
2,16,1.29
2,16,0.714
2,16,1.679
2,16,0.647
2,16,0.441
2,16,0.786
2,16,0.117
2,16,1.198
2,16,0.934
2,16,0.601
2,16,0.632
2,16,1.12
2,16,0.948
2,16,1.613
2,16,1.216
2,16,0.289
2,16,1.321
2,16,0.027
2,16,0.011
2,16,1.071
2,16,0.012
2,16,0.875
2,16,0.828
2,16,1.595
2,16,2.076
2,16,1.104
2,16,1.442
2,16,1.009
2,16,0.051
2,16,0.714
2,16,1.217
2,16,0.103
2,16,1.526
2,16,0.083
2,16,0.842
2,16,0.6
2,16,1.936
2,16,1.378
2,16,0.478
2,16,0.094
2,16,0.342
2,16,1.685
2,16,1.252
2,16,0.159
2,16,0.808
2,16,0.053
2,16,1.022
2,16,1.169
2,16,1.196
2,17,0.843
2,17,1.13
2,17,0.111
2,17,0.444
2,17,1.055
2,17,0.688
2,17,1.072
2,17,0.121
2,17,0.865
2,17,0.026
2,17,1.296
2,17,0.738
2,17,0.984
2,17,0.65
2,17,1.627
2,17,1.173
2,17,1.37
2,17,0.319
2,17,0.896
2,17,0.085
2,17,0.422
2,17,1.313
2,17,1.006
2,17,1.12
2,17,0.005
2,17,0.028
2,17,0.747
2,17,1.685
2,17,1.502
2,17,2.517
2,17,0.1
2,17,0.661
2,17,0.451
2,17,0.696
2,17,0.859
2,17,0.929
2,17,0.821
2,17,0.069
2,17,0.429
2,17,0.786
2,17,0.033
2,17,1.166
2,17,0.02
2,17,0.828
2,17,1.107
2,17,1.39
2,17,1.03
2,17,0.504
2,17,0.447
2,17,1.466
2,17,0.538
2,17,0.489
2,17,0.949
2,17,0.222
2,17,0.042
2,17,0.028
2,18,0.784
2,18,0.385
2,18,0.571
2,18,1.576
2,18,0.729
2,18,0.054
2,18,1.379
2,18,0.102
2,18,0.422
2,18,0.08
2,18,0.709
2,18,1.765
2,18,0.827
2,18,1.427
2,18,0.916
2,18,1.042
2,18,0.874
2,18,0.434
2,18,1.331
2,18,0.656
2,18,0.874
2,18,1.056
2,18,0.503
2,18,0.343
2,18,0.095
2,18,0.925
2,18,0.806
2,18,0.708
2,18,0.932
2,18,0.993
2,18,0.76
2,18,0.51
2,18,1.344
2,18,0.02
2,18,0.011
2,18,1.389
2,18,0.087
2,18,1.018
2,18,1.296
2,18,1.132
2,18,0.935
2,18,1.197
2,18,0.911
2,18,0.932
2,18,0.955
2,18,1.463
2,18,2.1
2,18,0.707
2,19,1.044
2,19,0.122
2,19,0.405
2,19,0.646
2,19,0.519
2,19,1.378
2,19,0.065
2,19,0.44
2,19,1.375
2,19,0.072
2,19,0.01
2,19,0.85
2,19,1.432
2,19,1.762
2,19,1.5
2,19,1.364
2,19,1.311
2,19,0.983
2,19,1.521
2,19,0.885
2,19,1.53
2,19,1.218
2,19,0.522
2,19,0.234
2,19,1.709
2,19,0.412
2,19,1.25
2,19,0.163
2,19,0.599
2,19,0.065
2,19,0.749
2,19,0.088
2,19,1.29
2,19,0.08
2,19,0.852
2,19,1.537
2,19,1.323
2,19,1.098
2,19,0.031
2,19,1.647
2,19,0.065
2,19,0.893
2,19,0.012
2,19,0.556
2,19,0.764
2,19,1.283
2,19,2.32
2,19,1.502
2,19,0.537
2,20,1.087
2,20,0.058
2,20,0.554
2,20,0.065
2,20,0.902
2,20,1.559
2,20,0.476
2,20,0.082
2,20,1.049
2,20,0.774
2,20,0.093
2,20,1.03
2,20,0.682
2,20,0.017
2,20,0.108
2,20,1.577
2,20,0.967
2,20,1.419
2,20,1.886
2,20,1.125
2,20,1.244
2,20,2.031
2,20,0.536
2,20,1.656
2,20,1.112
2,20,1.315
2,20,0.743
2,20,0.894
2,20,0.018
2,20,0.692
2,20,0.014
2,20,0.014
2,20,0.806
2,20,0.8
2,20,0.147
2,20,0.519
2,20,0.024
2,20,0.147
2,20,0.111
2,20,0.879
2,20,0.027
2,20,1.738
2,20,0.15
2,20,0.322
2,20,0.526
2,20,2.319
2,20,0.986
2,20,0.547
2,20,1.415
2,20,1.102
2,20,0.847
2,20,1.147
2,20,0.458
2,20,0.712
2,20,0.855
2,20,1.057
2,20,0.004
2,20,1.226
2,20,0.478
2,20,1.203
2,20,1.046
2,21,0.875
2,21,0.066
2,21,1.616
2,21,0.044
2,21,1.766
2,21,1.781
2,21,0.224
2,21,1.109
2,21,0.868
2,21,0.928
2,21,1.203
2,21,0.135
2,21,0.054
2,21,2.119
2,21,0.058
2,21,0.491
2,21,0.118
2,21,0.965
2,21,1.146
2,21,0.871
2,21,0.056
2,21,0.032
2,21,0.332
2,21,0.701
2,21,0.664
2,21,0.832
2,21,0.892
2,21,0.022
2,21,0.169
2,21,0.257
2,21,0.32
2,21,1.792
2,21,0.976
2,21,0.052
2,21,1.119
2,21,0.019
2,21,0.107
2,21,0.062
2,21,1.861
2,21,0.49
2,21,0.808
2,21,1.042
2,21,1.349
2,21,0.102
2,21,2.129
2,21,1.238
2,21,2.127
2,22,0.379
2,22,0.027
2,22,1.079
2,22,0.921
2,22,0.19
2,22,0.06
2,22,0.692
2,22,1.398
2,22,0.596
2,22,0.694
2,22,0.825
2,22,0.796
2,22,0.58
2,22,1.526
2,22,0.021
2,22,0.764
2,22,0.038
2,22,0.531
2,22,1.859
2,22,1.497
2,22,0.684
2,22,0.043
2,22,0.739
2,22,1.894
2,22,1.121
2,22,1.002
2,22,0.905
2,22,0.832
2,22,0.418
2,22,0.909
2,22,0.038
2,22,2.133
2,22,1.645
2,22,1.313
2,22,1.108
2,22,0.175
2,22,0.948
2,22,1.251
2,22,0.018
2,22,0.733
2,22,0.934
2,22,1.175
2,22,2.003
2,22,0.86
2,22,0.034
2,22,0.044
2,22,2.03
2,22,1.158
2,22,1.044
2,22,0.077
2,22,1.136
2,22,1.378
2,22,1.359
2,22,0.16
2,22,0.703
2,23,1.137
2,23,0.738
2,23,0.925
2,23,1.212
2,23,0.854
2,23,0.751
2,23,1.262
2,23,1.257
2,23,0.284
2,23,1.306
2,23,0.031
2,23,1.319
2,23,0.822
2,23,1.459
2,23,0.767
2,23,0.184
2,23,0.104
2,23,0.987
2,23,0.023
2,23,1.251
2,23,0.779
2,23,0.742
2,23,0.651
2,23,0.051
2,23,0.625
2,23,0.032
2,23,0.212
2,23,1.309
2,23,1.796
2,23,1.549
2,23,1.163
2,23,0.254
2,23,1.156
2,23,0.022
2,23,1.868
2,23,2.137
2,23,1.342
2,23,0.713
2,23,0.414
2,23,1.12
2,23,0.112
2,23,1.707
2,23,1.095
2,23,1.049
2,23,0.129
2,23,1.539
2,23,0.208
2,23,1.161
2,23,0.906
2,23,0.977
2,23,0.925
2,23,1.516
2,23,0.47
2,24,1.73
2,24,1.47
2,24,1.304
2,24,0.305
2,24,1.354
2,24,1.011
2,24,0.008
2,24,0.764
2,24,0.462
2,24,2.198
2,24,1.509
2,24,0.035
2,24,1.155
2,24,1.856
2,24,0.03
2,24,1.93
2,24,0.155
2,24,0.057
2,24,0.018
2,24,0.086
2,24,0.631
2,24,1.692
2,24,2.195
2,24,0.012
2,24,0.873
2,24,0.81
2,24,1.056
2,24,0.579
2,24,0.042
2,24,0.722
2,24,0.413
2,24,0.177
2,24,0.348
2,24,1.456
2,24,0.766
2,24,0.771
2,24,0.618
2,24,1.73
2,24,1.03
2,24,0.926
2,24,1.345
2,24,0.696
2,24,0.751
2,24,0.105
2,24,0.802
2,24,0.011
2,24,1.733
2,24,0.048
2,24,0.167
2,24,0.888
2,24,0.121
2,24,1.289
2,25,1.304
2,25,0.965
2,25,0.779
2,25,1.774
2,25,0.733
2,25,1.495
2,25,0.717
2,25,2.074
2,25,0.087
2,25,0.115
2,25,0.696
2,25,0.681
2,25,0.044
2,25,0.498
2,25,0.341
2,25,0.005
2,25,0.01
2,25,0.734
2,25,1.036
2,25,0.769
2,25,0.851
2,25,0.218
2,25,0.53
2,25,1.249
2,25,0.001
2,25,1.505
2,25,0.615
2,25,1.45
2,25,1.113
2,25,0.57
2,25,1.599
2,25,0.677
2,25,0.023
2,25,0.689
2,25,0.696
2,25,1.794
2,25,1.225
2,25,0.103
2,25,0.166
2,25,0.154
2,25,1.015
2,25,0.105
2,25,1.122
2,25,1.501
2,25,0.038
2,25,1.218
2,25,0.739
2,25,0.662
2,25,1.378
2,25,0.36
2,26,0.844
2,26,1.205
2,26,1.051
2,26,1.717
2,26,1.079
2,26,2.221
2,26,0.386
2,26,0.453
2,26,1.18
2,26,0.897
2,26,1.345
2,26,0.041
2,26,0.063
2,26,0.708
2,26,1.285
2,26,0.815
2,26,0.06
2,26,0.666
2,26,0.663
2,26,0.15
2,26,0.641
2,26,0.066
2,26,1.654
2,26,0.136
2,26,0.08
2,26,0.319
2,26,1.166
2,26,1.289
2,26,0.028
2,26,0.151
2,26,1.29
2,26,0.931
2,26,1.998
2,26,1.322
2,26,0.894
2,26,0.217
2,26,0.576
2,26,0.065
2,26,1.161
2,26,1.981
2,26,1.72
2,26,0.328
2,26,0.722
2,26,0.312
2,26,1.419
2,26,0.799
2,26,0.036
2,26,0.022
2,26,0.854
2,27,0.074
2,27,1.327
2,27,1.11
2,27,1.92
2,27,0.62
2,27,0.922
2,27,1.204
2,27,1.984
2,27,0.936
2,27,0.054
2,27,0.892
2,27,0.169
2,27,0.743
2,27,1.832
2,27,0.546
2,27,0.033
2,27,0.085
2,27,0.211
2,27,0.854
2,27,1.38
2,27,0.089
2,27,1.311
2,27,1.345
2,27,2.074
2,27,0.851
2,27,1.102
2,27,0.99
2,27,1.535
2,27,0.41
2,27,0.541
2,27,1.336
2,27,2.084
2,27,0.799
2,27,0.241
2,27,0.396
2,27,0.905
2,27,1.147
2,27,0.838
2,27,0.204
2,27,1.248
2,27,0.449
2,27,0.701
2,27,0.619
2,27,0.056
2,27,0.042
2,27,0.277
2,27,0.029
2,27,0.103
2,27,0.078
2,27,0.267
2,27,0.252
2,27,0.188
2,28,0.069
2,28,0.138
2,28,0.57
2,28,0.042
2,28,1.276
2,28,1.573
2,28,0.806
2,28,0.04
2,28,0.357
2,28,0.12
2,28,0.174
2,28,2.24
2,28,0.175
2,28,1.23
2,28,1.167
2,28,0.774
2,28,0.348
2,28,0.119
2,28,0.717
2,28,1.287
2,28,0.124
2,28,0.096
2,28,1.138
2,28,0.115
2,28,2.095
2,28,0.906
2,28,0.01
2,28,0.163
2,28,1.25
2,28,0.613
2,28,1.048
2,28,0.506
2,28,0.28
2,28,0.877
2,28,1.456
2,28,1.026
2,28,2.472
2,28,0.853
2,28,0.649
2,28,0.012
2,28,0.093
2,28,1.598
2,28,0.413
2,28,0.456
2,28,0.287
2,28,1.48
2,28,0.945
2,28,1.562
2,28,1.918
2,28,0.681
2,28,0.89
2,29,1.305
2,29,0.984
2,29,1.13
2,29,0.981
2,29,1.576
2,29,0.074
2,29,0.268
2,29,0.067
2,29,0.843
2,29,0.12
2,29,1.443
2,29,0.172
2,29,1.69
2,29,0.033
2,29,1.9
2,29,0.041
2,29,0.098
2,29,0.066
2,29,0.855
2,29,1.01
2,29,0.149
2,29,1.056
2,29,0.026
2,29,0.019
2,29,0.08
2,29,0.547
2,29,0.677
2,29,1.336
2,29,0.896
2,29,1.05
2,29,1.032
2,29,1.998
2,29,0.138
2,29,0.036
2,29,1.245
2,29,1.607
2,29,1.289
2,29,0.989
2,29,1.03
2,29,2.215
2,29,0.733
2,29,0.174
2,29,1.854
2,29,0.392
2,29,0.114
2,29,0.842
2,29,0.964
2,29,0.583
2,29,1.573
2,29,1.632
2,29,1.907
2,29,0.019
2,29,0.211
2,29,0.021
2,29,1.319
2,29,0.113
2,29,1.58
2,29,0.024
2,30,0.919
2,30,0.086
2,30,0.025
2,30,0.202
2,30,1.138
2,30,0.421
2,30,0.036
2,30,0.366
2,30,1.578
2,30,0.189
2,30,0.171
2,30,0.834
2,30,0.045
2,30,0.289
2,30,0.131
2,30,1.239
2,30,0.256
2,30,0.701
2,30,0.046
2,30,0.138
2,30,2.245
2,30,0.955
2,30,1.343
2,30,0.364
2,30,1
2,30,1.092
2,30,1.888
2,30,1.251
2,30,0.446
2,30,0.38
2,30,1.693
2,30,0.684
2,30,0.566
2,30,1.424
2,30,1.785
2,30,0.852
2,30,1.013
2,30,0.123
2,30,0.164
2,30,1.05
2,30,1.268
2,30,0.446
2,30,0.806
2,30,1.582
2,30,0.616
2,30,0.007
2,30,0.961
3,1,1.851
3,1,1.395
3,1,1.59
3,1,1.38
3,1,2.377
3,1,1.377
3,1,2.956
3,1,0.04
3,1,3.011
3,1,1.712
3,1,1.093
3,1,1.791
3,1,1.932
3,1,1.626
3,1,1.405
3,1,0.835
3,1,0.087
3,1,1.744
3,1,1.598
3,1,1.606
3,1,0.459
3,1,1.552
3,1,1.943
3,1,1.772
3,1,1.387
3,1,1.369
3,1,1.146
3,1,2.645
3,1,1.361
3,1,1.134
3,1,0.982
3,1,0.935
3,1,2.016
3,1,0.72
3,1,1.913
3,1,1.72
3,1,2.143
3,1,1.453
3,1,1.824
3,1,2.289
3,1,0.061
3,1,1.481
3,1,1.185
3,1,1.073
3,1,1.049
3,1,1.767
3,1,2.232
3,1,1.246
3,1,1.63
3,1,1.059
3,2,1.572
3,2,1.654
3,2,0.013
3,2,1.828
3,2,1.45
3,2,0.016
3,2,1.012
3,2,0.513
3,2,1.502
3,2,1.868
3,2,1.707
3,2,1.649
3,2,1.268
3,2,1.125
3,2,0.847
3,2,1.27
3,2,1.81
3,2,1.412
3,2,1.418
3,2,0.802
3,2,1.492
3,2,0.897
3,2,1.671
3,2,1.17
3,2,1.467
3,2,1.074
3,2,1.314
3,2,1.411
3,2,1.042
3,2,1.182
3,2,1.442
3,2,1.588
3,2,1.214
3,2,0.641
3,2,0.857
3,2,1.343
3,2,1.954
3,2,1.794
3,2,1.178
3,2,1.421
3,2,2.135
3,2,2.037
3,2,1.212
3,2,1.53
3,2,0.977
3,2,1
3,2,1.655
3,2,0.866
3,2,0.61
3,2,1.521
3,2,0.459
3,2,2.129
3,3,1.039
3,3,1.733
3,3,2.211
3,3,0.107
3,3,0.15
3,3,0.942
3,3,1.085
3,3,1.321
3,3,0.695
3,3,1.205
3,3,0.528
3,3,0.054
3,3,0.952
3,3,1.573
3,3,1.764
3,3,2.207
3,3,1.144
3,3,1.189
3,3,1.46
3,3,1.331
3,3,0.898
3,3,1.686
3,3,1.921
3,3,1.171
3,3,2.61
3,3,1.671
3,3,0.915
3,3,0.917
3,3,0.839
3,3,1.272
3,3,1.035
3,3,1.63
3,3,2.171
3,3,0.383
3,3,1.274
3,3,2.011
3,3,0.793
3,3,1.335
3,3,1.991
3,3,1.736
3,3,2.126
3,3,1.45
3,3,1.018
3,3,1.492
3,3,0.047
3,3,1.179
3,3,1.759
3,3,1.7
3,3,0.909
3,4,0.25
3,4,1.499
3,4,1.415
3,4,0.86
3,4,1.144
3,4,0.585
3,4,0.723
3,4,0.092
3,4,1.606
3,4,1.12
3,4,1.232
3,4,0.027
3,4,0.669
3,4,1.309
3,4,0.707
3,4,0.968
3,4,0.713
3,4,1.016
3,4,0.667
3,4,2.684
3,4,0.965
3,4,0.727
3,4,1.185
3,4,1.604
3,4,0.975
3,4,2.299
3,4,0.829
3,4,1.219
3,4,0.999
3,4,0.955
3,4,0.648
3,4,1.265
3,4,1.203
3,4,0.687
3,4,0.554
3,4,0.749
3,4,1.362
3,4,0.024
3,4,1.567
3,4,0.897
3,4,0.977
3,4,0.477
3,4,1.325
3,4,1.779
3,4,1.033
3,4,1.626
3,5,0.623
3,5,0.753
3,5,0.437
3,5,0.583
3,5,0.697
3,5,0.74
3,5,0.897
3,5,1.274
3,5,0.402
3,5,0.906
3,5,0.527
3,5,0.016
3,5,1.196
3,5,0.812
3,5,1.733
3,5,1.81
3,5,1.212
3,5,0.573
3,5,0.695
3,5,1.034
3,5,0.867
3,5,1.058
3,5,0.836
3,5,2.27
3,5,0.647
3,5,0.952
3,5,1.259
3,5,0.084
3,5,0.01
3,5,1.397
3,5,1.018
3,5,1.199
3,5,1.039
3,5,0.737
3,5,1.173
3,5,0.778
3,5,1.077
3,5,0.011
3,5,1.709
3,5,1.055
3,5,0.363
3,5,0.74
3,5,1.346
3,6,0.936
3,6,0.593
3,6,1.27
3,6,0.467
3,6,0.95
3,6,0.889
3,6,0.694
3,6,0.009
3,6,1.328
3,6,1.121
3,6,1.969
3,6,0.572
3,6,0.804
3,6,0.711
3,6,1.142
3,6,0.863
3,6,1.051
3,6,1.576
3,6,1.535
3,6,0.852
3,6,1.262
3,6,0.075
3,6,1.019
3,6,1.58
3,6,1.877
3,6,0.972
3,6,1.202
3,6,1.336
3,6,1.173
3,6,0.679
3,6,0.817
3,6,0.726
3,6,0.659
3,6,1.856
3,6,0.614
3,6,1.769
3,6,1.267
3,6,0.872
3,6,0.859
3,6,0.513
3,6,0.016
3,6,1.302
3,6,0.068
3,6,0.822
3,6,0.778
3,6,1.368
3,6,1.316
3,6,1.14
3,6,1.669
3,7,0.849
3,7,0.006
3,7,0.017
3,7,0.505
3,7,0.22
3,7,0.569
3,7,0.201
3,7,1.299
3,7,2.684
3,7,2.037
3,7,0.376
3,7,0.698
3,7,0.609
3,7,1.311
3,7,1.046
3,7,1.588
3,7,1.565
3,7,0.674
3,7,0.101
3,7,0.622
3,7,1.078
3,7,0.581
3,7,0.462
3,7,1.644
3,7,0.935
3,7,1.481
3,7,0.325
3,7,0.67
3,7,0.982
3,7,0.852
3,7,0.756
3,7,0.407
3,7,0.427
3,7,0.916
3,7,1.714
3,7,0.548
3,7,0.015
3,7,1.029
3,7,0.69
3,7,0.027
3,7,1.626
3,7,1.441
3,7,1.013
3,7,1.432
3,8,0.593
3,8,1.593
3,8,0.74
3,8,1.018
3,8,1.503
3,8,1.02
3,8,0.804
3,8,0.727
3,8,0.544
3,8,0.038
3,8,1.262
3,8,1.036
3,8,0.964
3,8,0.701
3,8,0.89
3,8,0.148
3,8,2.094
3,8,0.938
3,8,0.803
3,8,0.817
3,8,0.678
3,8,1.2
3,8,0.783
3,8,0.999
3,8,0.629
3,8,0.646
3,8,0.58
3,8,0.101
3,8,1.248
3,8,0.845
3,8,0.454
3,8,1.095
3,8,0.039
3,8,0.874
3,8,0.623
3,8,0.605
3,8,0.778
3,8,0.887
3,8,0.484
3,8,0.559
3,8,1.039
3,8,0.021
3,8,1.078
3,8,1.416
3,8,0.656
3,8,0.248
3,8,0.632
3,8,1.213
3,8,1.117
3,8,0.079
3,8,1.924
3,8,1.014
3,8,1.845
3,8,0.645
3,8,0.821
3,8,0.012
3,9,0.032
3,9,0.012
3,9,0.073
3,9,1.673
3,9,0.673
3,9,0.57
3,9,0.4
3,9,1.419
3,9,0.012
3,9,1.57
3,9,0.705
3,9,0.75
3,9,0.995
3,9,1.563
3,9,1.643
3,9,0.783
3,9,0.38
3,9,0.84
3,9,0.082
3,9,1.472
3,9,0.522
3,9,0.659
3,9,0.139
3,9,0.737
3,9,1.043
3,9,1.495
3,9,0.527
3,9,1.566
3,9,0.519
3,9,1.103
3,9,0.009
3,9,0.629
3,9,0.746
3,9,0.869
3,9,0.873
3,9,0.008
3,9,0.091
3,9,0.014
3,9,0.829
3,9,1.207
3,9,1.326
3,9,0.864
3,9,0.153
3,9,0.724
3,9,0.011
3,9,0.669
3,9,0.54
3,9,1.363
3,9,0.589
3,9,1.455
3,9,0.462
3,10,0.913
3,10,1.688
3,10,0.889
3,10,0.988
3,10,0.681
3,10,1.295
3,10,0.607
3,10,0.634
3,10,1.495
3,10,0.533
3,10,1.404
3,10,1.796
3,10,0.036
3,10,1.576
3,10,0.393
3,10,0.863
3,10,0.422
3,10,1.538
3,10,0.121
3,10,1.313
3,10,0.059
3,10,0.81
3,10,0.544
3,10,0.176
3,10,0.839
3,10,0.97
3,10,1.012
3,10,0.484
3,10,0.027
3,10,1.54
3,10,1.085
3,10,0.557
3,10,1.393
3,10,1.15
3,10,1.222
3,10,0.551
3,10,0.926
3,10,1.101
3,10,0.401
3,10,1.319
3,10,0.773
3,10,0.806
3,10,0.993
3,10,1.031
3,10,1.184
3,10,1.327
3,10,0.636
3,10,2.291
3,10,0.698
3,10,0.439
3,10,0.777
3,10,1.179
3,10,0.655
3,11,0.713
3,11,1.153
3,11,0.4
3,11,1.757
3,11,1.043
3,11,0.17
3,11,1.935
3,11,0.018
3,11,1.027
3,11,1.373
3,11,1.312
3,11,0.111
3,11,0.088
3,11,1.062
3,11,0.513
3,11,0.478
3,11,0.014
3,11,0.775
3,11,1.565
3,11,0.105
3,11,0.928
3,11,0.67
3,11,0.68
3,11,0.802
3,11,1.104
3,11,0.894
3,11,0.155
3,11,1.406
3,11,1.609
3,11,0.831
3,11,0.716
3,11,1.385
3,11,0.026
3,11,0.187
3,11,1.173
3,11,0.688
3,11,0.487
3,11,1.325
3,11,1.518
3,11,0.913
3,11,0.141
3,11,0.473
3,11,0.024
3,11,0.791
3,11,0.644
3,11,0.29
3,11,0.979
3,11,1.006
3,11,0.202
3,11,0.094
3,11,0.301
3,11,0.014
3,11,0.046
3,12,0.097
3,12,1.684
3,12,0.524
3,12,1.056
3,12,1.461
3,12,0.915
3,12,1.03
3,12,2.186
3,12,0.133
3,12,0.119
3,12,0.591
3,12,1.043
3,12,0.176
3,12,0.618
3,12,0.009
3,12,0.826
3,12,1.057
3,12,0.344
3,12,0.016
3,12,0.046
3,12,0.811
3,12,1.928
3,12,0.843
3,12,0.763
3,12,0.144
3,12,0.602
3,12,0.712
3,12,0.685
3,12,0.756
3,12,0.171
3,12,0.683
3,12,1.408
3,12,0.852
3,12,0.542
3,12,1.212
3,12,0.785
3,12,0.016
3,12,0.105
3,12,0.55
3,12,1.326
3,12,0.699
3,12,1.56
3,12,0.752
3,12,0.848
3,12,1.52
3,12,1.006
3,12,0.924
3,12,1.508
3,12,0.74
3,12,0.48
3,12,1.321
3,12,1.146
3,12,0.838
3,12,1.211
3,12,1.336
3,12,0.759
3,12,1.272
3,12,0.802
3,12,0.526
3,13,1.095
3,13,0.15
3,13,0.647
3,13,1.645
3,13,0.873
3,13,1.906
3,13,0.713
3,13,0.685
3,13,1.35
3,13,0.014
3,13,1.203
3,13,0.989
3,13,0.565
3,13,1.203
3,13,0.927
3,13,0.163
3,13,0.578
3,13,1.701
3,13,0.332
3,13,0.829
3,13,0.004
3,13,1.237
3,13,1.91
3,13,1.036
3,13,1.041
3,13,0.082
3,13,0.022
3,13,1.557
3,13,0.056
3,13,0.495
3,13,0.912
3,13,1.586
3,13,0.782
3,13,1.167
3,13,1.142
3,13,0.934
3,13,1.842
3,13,0.963
3,13,0.797
3,13,0.682
3,13,2.28
3,13,0.988
3,13,0.73
3,13,1.379
3,13,0.128
3,13,0.696
3,13,0.539
3,13,1.178
3,13,0.984
3,13,0.076
3,13,1.236
3,13,0.809
3,14,0.105
3,14,0.733
3,14,0.57
3,14,1.013
3,14,0.273
3,14,0.624
3,14,0.968
3,14,1.261
3,14,1.107
3,14,0.782
3,14,0.28
3,14,0.701
3,14,0.942
3,14,0.061
3,14,0.406
3,14,0.457
3,14,0.979
3,14,0.055
3,14,1.575
3,14,1.33
3,14,1.611
3,14,0.925
3,14,1.018
3,14,0.771
3,14,0.096
3,14,0.227
3,14,0.616
3,14,0.593
3,14,0.021
3,14,0.125
3,14,1.166
3,14,0.942
3,14,1.389
3,14,1.617
3,14,1.093
3,14,0.737
3,14,1.443
3,14,0.565
3,14,2.008
3,14,0.45
3,14,1.043
3,14,0.018
3,14,2.151
3,14,1.291
3,14,1.025
3,14,0.776
3,14,1.315
3,15,1.969
3,15,0.731
3,15,0.718
3,15,1.476
3,15,0.707
3,15,0.595
3,15,1.49
3,15,1.386
3,15,1.292
3,15,1.421
3,15,0.963
3,15,1.36
3,15,0.366
3,15,1.118
3,15,1.012
3,15,1.298
3,15,0.613
3,15,0.008
3,15,0.572
3,15,1.757
3,15,0.353
3,15,0.051
3,15,0.664
3,15,1.172
3,15,0.017
3,15,0.42
3,15,0.365
3,15,1.304
3,15,1.829
3,15,0.569
3,15,0.015
3,15,0.382
3,15,1.001
3,15,0.108
3,15,2.269
3,15,1.222
3,15,0.747
3,15,0.379
3,15,1.214
3,15,0.165
3,15,1.057
3,15,0.555
3,15,1.355
3,15,0.645
3,15,0.792
3,15,0.118
3,15,0.031
3,15,1.715
3,15,0.783
3,16,0.899
3,16,0.439
3,16,0.554
3,16,1.303
3,16,0.038
3,16,0.251
3,16,0.895
3,16,0.565
3,16,1.126
3,16,0.441
3,16,0.898
3,16,0.465
3,16,1.938
3,16,0.082
3,16,0.025
3,16,0.043
3,16,0.899
3,16,0.165
3,16,0.361
3,16,1.122
3,16,1.626
3,16,0.737
3,16,0.664
3,16,0.499
3,16,0.103
3,16,1.432
3,16,0.49
3,16,1.603
3,16,0.858
3,16,0.741
3,16,1.468
3,16,0.897
3,16,0.963
3,16,1.385
3,16,0.885
3,16,0.628
3,17,1.797
3,17,0.86
3,17,0.196
3,17,0.856
3,17,0.101
3,17,0.041
3,17,1.53
3,17,0.531
3,17,0.882
3,17,0.83
3,17,0.089
3,17,0.063
3,17,0.819
3,17,2.047
3,17,1.238
3,17,0.075
3,17,1.644
3,17,0.035
3,17,1.148
3,17,0.519
3,17,0.134
3,17,0.368
3,17,0.782
3,17,1.149
3,17,0.01
3,17,0.157
3,17,0.816
3,17,1.191
3,17,0.019
3,17,1.113
3,17,0.123
3,17,0.848
3,17,0.961
3,17,0.088
3,17,0.569
3,17,0.111
3,17,0.025
3,17,1.379
3,17,0.007
3,17,1.801
3,17,0.045
3,17,0.027
3,17,0.579
3,17,0.499
3,17,1.213
3,17,0.929
3,18,1.715
3,18,1.354
3,18,0.729
3,18,0.711
3,18,1.073
3,18,0.046
3,18,1.001
3,18,0.007
3,18,0.083
3,18,1.086
3,18,0.146
3,18,1.831
3,18,0.006
3,18,0.651
3,18,0.789
3,18,0.755
3,18,0.67
3,18,1.372
3,18,0.158
3,18,1.217
3,18,2.092
3,18,0.397
3,18,1.135
3,18,1.61
3,18,1.033
3,18,0.875
3,18,0.96
3,18,1.591
3,18,1.281
3,18,0.719
3,18,0.859
3,18,0.458
3,18,0.079
3,18,0.01
3,18,1.177
3,18,0.897
3,18,1.589
3,18,0.979
3,18,0.467
3,18,1.107
3,18,1.257
3,18,0.185
3,18,0.01
3,19,1.673
3,19,1.164
3,19,1.285
3,19,1.035
3,19,0.16
3,19,0.049
3,19,0.726
3,19,2.17
3,19,1.057
3,19,0.618
3,19,0.015
3,19,0.031
3,19,0.021
3,19,1.511
3,19,0.883
3,19,0.521
3,19,0.449
3,19,0.095
3,19,1.579
3,19,1.15
3,19,1.048
3,19,0.602
3,19,0.669
3,19,0.917
3,19,0.753
3,19,0.233
3,19,0.36
3,19,1.46
3,19,0.881
3,19,0.691
3,19,0.308
3,19,1.424
3,19,0.874
3,19,1.641
3,19,0.941
3,19,0.864
3,19,1.288
3,19,1.687
3,19,0.727
3,19,1.434
3,19,0.679
3,19,0.006
3,19,0.898
3,19,0.01
3,19,1.023
3,19,1.026
3,19,1.198
3,19,0.962
3,19,0.73
3,19,0.048
3,20,0.049
3,20,1.912
3,20,0.493
3,20,0.646
3,20,1.031
3,20,0.364
3,20,0.071
3,20,0.01
3,20,1.333
3,20,0.035
3,20,0.015
3,20,0.406
3,20,0.794
3,20,0.395
3,20,1.187
3,20,0.087
3,20,0.109
3,20,0.935
3,20,1.697
3,20,1.353
3,20,0.732
3,20,0.834
3,20,0.284
3,20,0.925
3,20,0.037
3,20,1.207
3,20,0.012
3,20,0.034
3,20,0.876
3,20,0.139
3,20,0.851
3,20,0.593
3,20,0.936
3,20,0.085
3,20,0.579
3,20,1.757
3,20,0.581
3,20,0.877
3,20,0.083
3,20,0.537
3,20,1.295
3,20,1.678
3,20,1.11
3,20,1.637
3,20,0.76
3,20,0.942
3,20,0.536
3,20,0.63
3,20,1.62
3,20,1.51
3,20,1.585
3,20,0.131
3,20,1.051
3,21,0.894
3,21,1.425
3,21,0.532
3,21,0.651
3,21,0.346
3,21,0.02
3,21,1.753
3,21,0.012
3,21,0.057
3,21,0.904
3,21,0.038
3,21,0.1
3,21,1.092
3,21,0.392
3,21,2.524
3,21,1.079
3,21,0.061
3,21,0.315
3,21,0.056
3,21,0.028
3,21,0.627
3,21,1.385
3,21,1.039
3,21,1.232
3,21,0.879
3,21,0.405
3,21,0.134
3,21,1.532
3,21,0.519
3,21,0.075
3,21,0.021
3,21,0.067
3,21,1.734
3,21,0.074
3,21,0.28
3,21,1.328
3,21,0.542
3,21,0.16
3,21,1.45
3,21,0.603
3,21,0.518
3,21,0.986
3,21,0.949
3,21,0.017
3,21,0.79
3,21,1.753
3,21,0.518
3,21,1.587
3,21,0.082
3,21,0.016
3,21,1.199
3,21,0.776
3,22,0.723
3,22,0.72
3,22,0.418
3,22,0.535
3,22,0.058
3,22,0.034
3,22,1.241
3,22,0.495
3,22,0.089
3,22,0.019
3,22,1.878
3,22,1.167
3,22,0.017
3,22,0.673
3,22,0.082
3,22,1.37
3,22,1.573
3,22,0.096
3,22,0.536
3,22,0.527
3,22,0.444
3,22,0.133
3,22,0.038
3,22,1.24
3,22,1.542
3,22,0.136
3,22,0.436
3,22,0.919
3,22,0.037
3,22,1.503
3,22,1.525
3,22,1.54
3,22,0.028
3,22,0.426
3,22,0.728
3,22,0.957
3,22,0.016
3,22,0.765
3,22,0.128
3,22,1.671
3,22,0.108
3,22,0.085
3,22,1.118
3,22,1.142
3,22,1.05
3,22,0.035
3,23,1.903
3,23,0.007
3,23,1.515
3,23,1.55
3,23,0.006
3,23,0.813
3,23,1.386
3,23,0.973
3,23,1.632
3,23,0.799
3,23,0.742
3,23,0.627
3,23,0.661
3,23,1.426
3,23,1.992
3,23,0.121
3,23,0.114
3,23,1.213
3,23,1.099
3,23,0.807
3,23,0.006
3,23,0.677
3,23,0.139
3,23,0.943
3,23,0.044
3,23,1.124
3,23,0.598
3,23,0.925
3,23,1.73
3,23,0.498
3,23,0.085
3,23,0.461
3,23,1.275
3,23,0.551
3,23,0.009
3,23,0.059
3,23,0.777
3,23,0.008
3,23,0.666
3,23,0.884
3,23,0.004
3,23,0.015
3,23,0.108
3,23,0.993
3,23,0.834
3,23,0.011
3,23,0.055
3,24,0.78
3,24,0.816
3,24,0.607
3,24,0.623
3,24,0.02
3,24,0.006
3,24,0.943
3,24,0.91
3,24,0.935
3,24,0.909
3,24,0.637
3,24,0.129
3,24,0.069
3,24,0.045
3,24,0.037
3,24,0.597
3,24,1.655
3,24,0.584
3,24,0.761
3,24,0.109
3,24,0.727
3,24,0.768
3,24,1.274
3,24,0.109
3,24,1.465
3,24,1.444
3,24,0.827
3,24,0.652
3,24,0.934
3,24,0.129
3,24,0.806
3,24,1.305
3,24,1.172
3,24,0.025
3,24,0.823
3,24,0.969
3,24,0.939
3,24,0.447
3,24,0.879
3,24,0.91
3,24,1.644
3,24,0.488
3,24,0.034
3,24,0.049
3,24,0.839
3,24,0.059
3,24,1.277
3,24,0.02
3,25,1.84
3,25,1.313
3,25,0.11
3,25,0.44
3,25,0.011
3,25,0.893
3,25,1.627
3,25,0.53
3,25,0.121
3,25,0.355
3,25,1.23
3,25,1.054
3,25,1.318
3,25,0.725
3,25,2.278
3,25,1.135
3,25,0.011
3,25,0.032
3,25,1.843
3,25,0.607
3,25,0.871
3,25,0.431
3,25,0.629
3,25,1.755
3,25,0.696
3,25,0.858
3,25,0.12
3,25,1.227
3,25,1.456
3,25,0.696
3,25,1.927
3,25,0.558
3,25,1.39
3,25,1.657
3,25,1.2
3,25,0.655
3,25,0.059
3,25,1.398
3,25,0.824
3,25,0.119
3,25,0.101
3,25,1.312
3,25,1.315
3,26,1.093
3,26,1.17
3,26,1.14
3,26,0.813
3,26,1.045
3,26,0.964
3,26,0.808
3,26,0.01
3,26,0.026
3,26,1.617
3,26,0.879
3,26,1.152
3,26,0.101
3,26,0.558
3,26,0.029
3,26,0.891
3,26,0.096
3,26,0.64
3,26,1.491
3,26,1.482
3,26,1.315
3,26,0.496
3,26,2.064
3,26,1.295
3,26,1.82
3,26,1.522
3,26,0.058
3,26,1.222
3,26,0.55
3,26,0.002
3,26,0.966
3,26,0.485
3,26,0.871
3,26,0.021
3,26,0.496
3,26,0.431
3,26,0.737
3,26,0.75
3,26,1.331
3,26,0.836
3,26,0.037
3,26,0.121
3,26,0.556
3,26,0.985
3,26,1.434
3,27,1.918
3,27,0.59
3,27,1.131
3,27,1.165
3,27,0.556
3,27,1.118
3,27,0.721
3,27,0.577
3,27,0.656
3,27,0.7
3,27,0.161
3,27,0.009
3,27,0.071
3,27,1.073
3,27,0.365
3,27,1.585
3,27,2.853
3,27,0.921
3,27,0.097
3,27,0.017
3,27,1.684
3,27,1.384
3,27,1.201
3,27,0.772
3,27,2.31
3,27,1.341
3,27,0.063
3,27,0.981
3,27,1.582
3,27,0.028
3,27,0.061
3,27,0.835
3,27,0.206
3,27,0.033
3,27,1.271
3,27,0.093
3,27,1.228
3,27,1.451
3,27,1.222
3,27,0.92
3,27,0.028
3,27,0.124
3,27,0.836
3,27,1.296
3,27,1.03
3,27,0.171
3,27,0.109
3,27,0.695
3,27,0.307
3,28,1.99
3,28,0.87
3,28,1.224
3,28,1.086
3,28,0.915
3,28,0.972
3,28,2.082
3,28,0.562
3,28,0.105
3,28,1.039
3,28,0.076
3,28,0.009
3,28,0.948
3,28,0.516
3,28,0.009
3,28,1.504
3,28,0.955
3,28,0.734
3,28,2.043
3,28,1.096
3,28,0.009
3,28,1.402
3,28,0.031
3,28,0.605
3,28,0.792
3,28,0.652
3,28,1.33
3,28,1.179
3,28,0.594
3,28,1.292
3,28,0.482
3,28,0.028
3,28,1.16
3,28,0.083
3,28,0.527
3,28,1.092
3,28,0.915
3,28,1.233
3,28,0.812
3,28,1.108
3,28,1.18
3,28,0.885
3,28,0.035
3,28,1.183
3,28,0.027
3,28,0.154
3,29,1.196
3,29,0.899
3,29,0.101
3,29,1.29
3,29,0.061
3,29,1.256
3,29,1.059
3,29,0.05
3,29,1.94
3,29,0.151
3,29,1.06
3,29,0.007
3,29,0.066
3,29,1.018
3,29,0.009
3,29,1.797
3,29,1.051
3,29,0.931
3,29,0.44
3,29,1.009
3,29,0.949
3,29,1.86
3,29,0.028
3,29,1.491
3,29,1.31
3,29,0.606
3,29,0.344
3,29,0.985
3,29,0.09
3,29,1.027
3,29,0.833
3,29,0.602
3,29,1.037
3,29,0.85
3,29,0.848
3,29,0.922
3,29,1.864
3,29,0.096
3,29,0.875
3,29,0.008
3,29,0.07
3,29,0.025
3,29,0.75
3,30,1.521
3,30,1.789
3,30,0.447
3,30,0.764
3,30,1.168
3,30,1.73
3,30,1.487
3,30,1.181
3,30,0.088
3,30,0.529
3,30,0.102
3,30,0.915
3,30,0.006
3,30,1.032
3,30,0.46
3,30,1.127
3,30,0.725
3,30,1.41
3,30,0.668
3,30,0.073
3,30,1.107
3,30,2.032
3,30,0.648
3,30,1.608
3,30,0.939
3,30,0.007
3,30,1.643
3,30,0.412
3,30,0.899
3,30,0.528
3,30,1.38
3,30,1.158
3,30,1.437
3,30,0.201
3,30,1.294
3,30,0.441
3,30,2.386
3,30,0.439
3,30,0.149
3,30,0.519
3,30,0.202
3,30,0.786
4,1,0.932
4,1,1.129
4,1,1.249
4,1,1.452
4,1,1.75
4,1,1.835
4,1,2.11
4,1,1.35
4,1,1.695
4,1,0.853
4,1,1.207
4,1,1.62
4,1,0.66
4,1,0.274
4,1,0.989
4,1,1.359
4,1,0.887
4,1,0.687
4,1,2.836
4,1,1.446
4,1,0.073
4,1,1.447
4,1,1.48
4,1,2.306
4,1,1.842
4,1,0.739
4,1,0.529
4,1,1.668
4,1,1.445
4,1,1.66
4,1,2.126
4,1,1.921
4,1,1.251
4,1,1.762
4,1,1.437
4,1,1.065
4,1,0.081
4,1,0.728
4,1,1.547
4,1,1.665
4,1,1.676
4,1,1.252
4,1,1.187
4,1,1.079
4,1,2.108
4,1,1.846
4,1,2.05
4,2,1.005
4,2,0.795
4,2,1.413
4,2,1.202
4,2,0.744
4,2,2.179
4,2,0.95
4,2,0.846
4,2,1.906
4,2,0.292
4,2,0.755
4,2,0.735
4,2,0.862
4,2,0.415
4,2,1.354
4,2,1.499
4,2,1.093
4,2,1.884
4,2,1.736
4,2,1.28
4,2,1.024
4,2,1.437
4,2,1.283
4,2,1.118
4,2,0.461
4,2,0.764
4,2,1.766
4,2,1.625
4,2,0.92
4,2,1.36
4,2,1.249
4,2,0.793
4,2,0.68
4,2,1.403
4,2,1
4,2,2.114
4,2,1.417
4,2,0.875
4,2,1.4
4,2,1.035
4,2,0.883
4,2,0.897
4,2,1.725
4,2,1.075
4,2,1.506
4,2,0.701
4,2,2.093
4,2,1.658
4,2,0.966
4,2,1.742
4,2,1.59
4,2,1.866
4,2,1.766
4,2,0.086
4,2,1.327
4,2,1.222
4,2,1.947
4,2,0.79
4,2,1.006
4,2,0.054
4,2,0.532
4,2,0.722
4,2,0.782
4,2,0.106
4,3,0.886
4,3,1.769
4,3,0.992
4,3,0.785
4,3,0.279
4,3,1.038
4,3,0.795
4,3,0.348
4,3,0.733
4,3,0.467
4,3,1.044
4,3,1.039
4,3,1.338
4,3,0.327
4,3,1.723
4,3,0.806
4,3,1.04
4,3,0.436
4,3,1.244
4,3,1.48
4,3,1.161
4,3,1.083
4,3,1.219
4,3,1.44
4,3,1.535
4,3,1.235
4,3,0.866
4,3,1.466
4,3,0.992
4,3,0.191
4,3,0.597
4,3,1.178
4,3,1.182
4,3,0.447
4,3,1.755
4,3,1.598
4,3,1.017
4,3,1.371
4,3,0.304
4,3,1.852
4,3,1.392
4,3,1.305
4,3,1.047
4,3,0.016
4,3,1.367
4,3,1.738
4,4,0.776
4,4,1.418
4,4,1.441
4,4,0.602
4,4,0.584
4,4,0.585
4,4,0.682
4,4,1.004
4,4,1.392
4,4,2.702
4,4,1.099
4,4,0.815
4,4,1.01
4,4,0.101
4,4,1.663
4,4,1.093
4,4,1.103
4,4,0.915
4,4,0.657
4,4,1.056
4,4,0.708
4,4,1.367
4,4,0.681
4,4,0.699
4,4,1.172
4,4,1.614
4,4,1.553
4,4,1.034
4,4,1.275
4,4,1.582
4,4,0.021
4,4,0.55
4,4,1.392
4,4,1.545
4,4,1.51
4,4,0.011
4,4,1.474
4,4,0.709
4,4,0.097
4,4,1.067
4,4,1.576
4,4,0.117
4,4,0.631
4,4,1.184
4,4,0.058
4,4,0.552
4,4,1.805
4,4,0.882
4,4,0.503
4,4,1.96
4,4,0.682
4,4,0.66
4,4,0.318
4,4,0.857
4,4,1.556
4,4,1.184
4,4,0.445
4,4,1.803
4,4,0.883
4,4,1.065
4,4,1.323
4,4,0.647
4,4,0.883
4,4,0.919
4,4,1.544
4,4,2.239
4,5,1.312
4,5,0.04
4,5,0.842
4,5,0.671
4,5,1.174
4,5,1.119
4,5,0.717
4,5,1.198
4,5,0.829
4,5,1.068
4,5,1.046
4,5,0.596
4,5,1.476
4,5,0.362
4,5,0.116
4,5,1.045
4,5,0.981
4,5,1.514
4,5,0.79
4,5,1.389
4,5,0.8
4,5,0.627
4,5,0.91
4,5,1.091
4,5,1.038
4,5,0.657
4,5,0.507
4,5,0.131
4,5,1.38
4,5,1.907
4,5,0.525
4,5,0.762
4,5,0.64
4,5,0.634
4,5,1.956
4,5,0.283
4,5,0.812
4,5,0.649
4,5,0.14
4,5,0.84
4,5,0.991
4,5,0.934
4,5,0.363
4,5,0.12
4,5,0.904
4,5,0.549
4,5,0.697
4,5,0.802
4,5,1.173
4,5,0.213
4,5,0.471
4,5,1.322
4,5,0.64
4,5,0.663
4,5,1.972
4,6,0.658
4,6,0.576
4,6,1.556
4,6,0.669
4,6,0.084
4,6,0.797
4,6,1.519
4,6,0.648
4,6,1.339
4,6,0.604
4,6,0.719
4,6,0.389
4,6,1.405
4,6,0.776
4,6,1.352
4,6,0.263
4,6,0.552
4,6,0.325
4,6,1.089
4,6,1.657
4,6,1.762
4,6,0.989
4,6,1.181
4,6,1.921
4,6,0.056
4,6,0.927
4,6,0.844
4,6,2.048
4,6,0.531
4,6,1.044
4,6,0.755
4,6,0.796
4,6,0.658
4,6,0.944
4,6,0.335
4,6,1.16
4,6,0.411
4,6,0.646
4,6,0.547
4,6,0.218
4,6,1.062
4,6,0.854
4,6,1.058
4,6,0.449
4,6,1.935
4,6,1.405
4,6,0.219
4,6,0.085
4,6,1.113
4,6,0.774
4,6,2.047
4,6,0.521
4,6,0.796
4,6,0.866
4,6,1.043
4,6,1.624
4,6,0.41
4,6,0.939
4,6,0.739
4,6,1.129
4,6,0.083
4,6,2.362
4,6,1.231
4,7,1.157
4,7,0.608
4,7,0.25
4,7,0.699
4,7,0.007
4,7,0.494
4,7,0.088
4,7,0.777
4,7,0.602
4,7,0.997
4,7,0.799
4,7,0.75
4,7,0.48
4,7,1.77
4,7,0.012
4,7,0.427
4,7,1.186
4,7,1.9
4,7,0.745
4,7,0.56
4,7,1.337
4,7,0.024
4,7,0.003
4,7,0.282
4,7,0.13
4,7,0.928
4,7,0.631
4,7,0.914
4,7,0.837
4,7,0.595
4,7,0.667
4,7,0.628
4,7,0.851
4,7,0.842
4,7,0.72
4,7,0.997
4,7,1.179
4,7,0.087
4,7,0.598
4,7,0.748
4,7,1.079
4,7,0.759
4,7,0.105
4,7,0.943
4,7,0.542
4,7,1.172
4,7,0.868
4,7,0.927
4,7,0.689
4,7,0.875
4,7,1.4
4,7,1.233
4,7,1.224
4,7,0.957
4,7,0.651
4,7,0.395
4,7,0.006
4,8,0.78
4,8,0.56
4,8,1.104
4,8,0.125
4,8,0.713
4,8,0.745
4,8,0.027
4,8,1.157
4,8,1.297
4,8,0.305
4,8,2.133
4,8,0.446
4,8,0.813
4,8,0.119
4,8,0.783
4,8,0.326
4,8,1.005
4,8,1.043
4,8,0.011
4,8,0.624
4,8,0.699
4,8,1.375
4,8,0.555
4,8,0.451
4,8,0.411
4,8,1.004
4,8,1.308
4,8,0.14
4,8,0.815
4,8,0.835
4,8,0.988
4,8,1.158
4,8,0.608
4,8,0.278
4,8,0.713
4,8,0.061
4,8,1.179
4,8,0.573
4,8,1.287
4,8,0.042
4,8,0.858
4,8,1.823
4,8,1.354
4,8,1.642
4,8,1.243
4,8,0.777
4,8,0.221
4,8,0.507
4,9,0.686
4,9,0.17
4,9,1.042
4,9,0.948
4,9,0.671
4,9,0.067
4,9,0.522
4,9,0.275
4,9,0.862
4,9,1.112
4,9,0.115
4,9,0.304
4,9,1.103
4,9,0.612
4,9,0.01
4,9,0.858
4,9,0.379
4,9,0.344
4,9,0.558
4,9,1.224
4,9,1.064
4,9,0.132
4,9,1.114
4,9,0.737
4,9,0.109
4,9,0.914
4,9,1.442
4,9,0.796
4,9,1.136
4,9,1.37
4,9,1.702
4,9,0.962
4,9,1.074
4,9,1.465
4,9,0.755
4,9,0.985
4,9,1.783
4,9,1.094
4,9,0.741
4,9,1.275
4,9,0.447
4,9,0.739
4,9,0.8
4,9,0.494
4,9,0.784
4,9,0.893
4,9,0.409
4,9,0.649
4,9,0.747
4,9,0.752
4,9,0.869
4,10,0.474
4,10,0.035
4,10,1.669
4,10,0.663
4,10,0.541
4,10,0.012
4,10,0.807
4,10,0.788
4,10,0.292
4,10,0.077
4,10,0.094
4,10,2.383
4,10,1.321
4,10,0.776
4,10,1.07
4,10,0.587
4,10,1.333
4,10,1.311
4,10,0.026
4,10,1.252
4,10,1.274
4,10,1.102
4,10,1.006
4,10,1.244
4,10,0.956
4,10,1.118
4,10,0.792
4,10,0.014
4,10,0.495
4,10,0.676
4,10,1.363
4,10,0.649
4,10,1.021
4,10,0.755
4,10,1.011
4,10,0.072
4,10,0.083
4,10,1.119
4,10,0.869
4,10,0.462
4,10,1.042
4,10,0.989
4,10,0.788
4,10,0.528
4,10,2.225
4,10,0.014
4,10,0.805
4,10,0.595
4,10,1.607
4,10,0.525
4,11,1.315
4,11,0.565
4,11,0.722
4,11,0.555
4,11,0.359
4,11,0.601
4,11,0.492
4,11,2.285
4,11,0.925
4,11,0.856
4,11,0.125
4,11,0.682
4,11,0.494
4,11,0.729
4,11,1.103
4,11,1.586
4,11,0.993
4,11,0.672
4,11,0.662
4,11,0.665
4,11,0.52
4,11,1.066
4,11,0.423
4,11,0.637
4,11,0.789
4,11,0.644
4,11,1.543
4,11,0.578
4,11,0.061
4,11,0.613
4,11,1.713
4,11,0.697
4,11,1.11
4,11,0.379
4,11,1.347
4,11,0.955
4,11,0.288
4,11,0.878
4,11,0.529
4,11,1.083
4,11,0.709
4,11,1.168
4,11,0.52
4,11,1.419
4,11,1.405
4,11,0.759
4,11,0.829
4,12,0.012
4,12,1.384
4,12,0.035
4,12,1.013
4,12,0.049
4,12,0.525
4,12,1.142
4,12,0.099
4,12,0.721
4,12,1.268
4,12,0.511
4,12,1.552
4,12,0.816
4,12,0.021
4,12,0.278
4,12,0.767
4,12,0.907
4,12,1.113
4,12,0.599
4,12,0.977
4,12,0.644
4,12,0.891
4,12,0.061
4,12,0.123
4,12,1.611
4,12,0.112
4,12,0.95
4,12,0.721
4,12,0.629
4,12,0.751
4,12,0.031
4,12,0.901
4,12,0.427
4,12,1.623
4,12,0.81
4,12,0.677
4,12,0.517
4,12,1.414
4,12,1.427
4,12,0.764
4,12,1
4,12,0.626
4,12,0.106
4,12,0.934
4,12,0.64
4,12,1.534
4,12,1.01
4,12,0.635
4,12,1.661
4,12,1.171
4,12,1.283
4,12,1.103
4,12,0.822
4,12,1.043
4,12,0.678
4,12,0.627
4,12,0.278
4,12,0.105
4,12,0.05
4,13,1.525
4,13,1.564
4,13,0.776
4,13,0.714
4,13,1.006
4,13,0.069
4,13,0.049
4,13,0.809
4,13,0.34
4,13,0.385
4,13,0.975
4,13,0.128
4,13,0.835
4,13,1.061
4,13,0.782
4,13,0.814
4,13,0.064
4,13,0.13
4,13,0.361
4,13,1.004
4,13,0.641
4,13,1.39
4,13,0.601
4,13,0.429
4,13,1.089
4,13,0.535
4,13,1.321
4,13,1.146
4,13,0.653
4,13,0.062
4,13,0.506
4,13,0.78
4,13,0.072
4,13,1.094
4,13,1.169
4,13,1.547
4,13,0.686
4,13,0.943
4,13,1.118
4,13,0.732
4,13,1.188
4,13,0.543
4,13,1.014
4,13,0.012
4,13,0.949
4,13,1.182
4,13,1.047
4,13,1.018
4,13,0.009
4,13,0.889
4,13,0.007
4,13,0.845
4,14,0.015
4,14,0.857
4,14,0.064
4,14,1.033
4,14,0.343
4,14,0.144
4,14,1.023
4,14,1.048
4,14,0.902
4,14,1.558
4,14,1.128
4,14,0.107
4,14,1.508
4,14,0.059
4,14,0.661
4,14,0.07
4,14,0.556
4,14,0.021
4,14,0.478
4,14,0.061
4,14,1.635
4,14,1.011
4,14,1.536
4,14,0.076
4,14,0.087
4,14,1.096
4,14,0.849
4,14,1.249
4,14,0.715
4,14,0.161
4,14,0.922
4,14,0.249
4,14,0.664
4,14,1.696
4,14,0.126
4,14,1.34
4,14,0.506
4,14,1.546
4,14,1.096
4,14,0.745
4,14,1.075
4,14,0.912
4,14,0.672
4,14,1.242
4,14,0.007
4,14,1.821
4,14,0.544
4,14,1.376
4,14,2.108
4,14,1.046
4,14,1.525
4,14,1.195
4,14,0.956
4,15,1.326
4,15,0.018
4,15,0.594
4,15,0.196
4,15,0.074
4,15,1.409
4,15,0.879
4,15,0.71
4,15,0.384
4,15,0.507
4,15,0.94
4,15,0.847
4,15,0.467
4,15,1.391
4,15,0.294
4,15,2.441
4,15,0.518
4,15,1.727
4,15,0.422
4,15,0.579
4,15,0.039
4,15,1.16
4,15,2.064
4,15,0.621
4,15,0.609
4,15,0.401
4,15,0.521
4,15,1.136
4,15,0.521
4,15,1.382
4,15,0.038
4,15,0.943
4,15,0.851
4,15,0.889
4,15,1.554
4,15,0.736
4,15,1.95
4,15,0.932
4,15,0.529
4,15,1.484
4,15,1.934
4,15,0.005
4,15,0.85
4,15,2.327
4,15,0.357
4,15,1.465
4,15,1.241
4,15,0.421
4,15,0.972
4,15,0.126
4,15,1.401
4,15,0.006
4,15,0.481
4,16,1.752
4,16,1.209
4,16,0.236
4,16,0.057
4,16,0.051
4,16,1.283
4,16,1.294
4,16,0.827
4,16,0.896
4,16,0.109
4,16,0.03
4,16,0.079
4,16,1.491
4,16,0.079
4,16,0.207
4,16,1.27
4,16,0.022
4,16,1.075
4,16,0.772
4,16,0.077
4,16,0.965
4,16,1.386
4,16,0.641
4,16,0.57
4,16,1.094
4,16,1.378
4,16,0.732
4,16,1.685
4,16,0.116
4,16,1.946
4,16,0.12
4,16,1.075
4,16,1.187
4,16,1.44
4,16,0.769
4,16,0.763
4,16,1.548
4,16,0.755
4,16,0.194
4,16,0.828
4,16,0.011
4,16,0.583
4,16,0.433
4,16,0.653
4,16,0.507
4,16,0.874
4,16,1.513
4,16,1.785
4,16,1.074
4,17,0.194
4,17,0.908
4,17,0.121
4,17,0.675
4,17,1.744
4,17,0.447
4,17,1.405
4,17,1.123
4,17,0.598
4,17,0.059
4,17,0.643
4,17,0.389
4,17,0.818
4,17,0.939
4,17,0.084
4,17,1.972
4,17,2.021
4,17,0.793
4,17,0.674
4,17,0.579
4,17,0.621
4,17,0.153
4,17,1.705
4,17,0.023
4,17,1
4,17,0.602
4,17,0.58
4,17,1.865
4,17,1.036
4,17,2.169
4,17,0.151
4,17,0.92
4,17,1.314
4,17,2.323
4,17,0.837
4,17,1.288
4,17,0.942
4,17,0.047
4,17,0.029
4,17,1.171
4,17,1.399
4,17,0.826
4,17,0.016
4,17,0.168
4,17,0.637
4,17,0.756
4,18,0.044
4,18,0.911
4,18,0.292
4,18,0.868
4,18,1.003
4,18,0.032
4,18,1.47
4,18,1.515
4,18,0.03
4,18,0.497
4,18,0.541
4,18,1.67
4,18,0.473
4,18,1.528
4,18,0.544
4,18,0.516
4,18,0.089
4,18,0.656
4,18,0.968
4,18,0.082
4,18,0.89
4,18,0.914
4,18,1.687
4,18,0.847
4,18,0.838
4,18,0.581
4,18,0.778
4,18,0.379
4,18,0.103
4,18,1.056
4,18,0.449
4,18,0.68
4,18,0.43
4,18,0.195
4,18,0.457
4,18,0.268
4,18,1.332
4,18,0.039
4,18,0.104
4,18,0.573
4,18,0.059
4,18,0.643
4,18,0.659
4,19,0.808
4,19,1.149
4,19,0.739
4,19,0.451
4,19,1.014
4,19,0.684
4,19,0.525
4,19,0.806
4,19,0.594
4,19,1.11
4,19,0.942
4,19,2.011
4,19,0.556
4,19,0.021
4,19,0.091
4,19,1.333
4,19,1.046
4,19,0.081
4,19,0.793
4,19,0.682
4,19,1.688
4,19,1.719
4,19,0.041
4,19,0.172
4,19,0.172
4,19,0.678
4,19,1.631
4,19,0.774
4,19,0.81
4,19,0.81
4,19,0.691
4,19,0.588
4,19,1.842
4,19,0.017
4,19,0.755
4,19,0.049
4,19,1.115
4,19,0.39
4,19,0.418
4,19,0.748
4,19,0.041
4,19,1.391
4,19,1.293
4,19,0.166
4,19,0.134
4,19,0.695
4,19,0.979
4,19,0.583
4,19,0.87
4,19,0.824
4,19,1.527
4,19,0.667
4,19,0.016
4,20,0.898
4,20,0.688
4,20,1.186
4,20,0.704
4,20,0.525
4,20,0.007
4,20,0.658
4,20,1.42
4,20,0.078
4,20,0.492
4,20,1.265
4,20,0.891
4,20,1.029
4,20,0.04
4,20,0.019
4,20,1.039
4,20,0.014
4,20,1.187
4,20,0.514
4,20,1.599
4,20,1.351
4,20,1.618
4,20,0.083
4,20,0.031
4,20,2.053
4,20,0.704
4,20,0.757
4,20,1.606
4,20,0.863
4,20,0.046
4,20,1.3
4,20,0.021
4,20,0.712
4,20,2.328
4,20,1.238
4,20,0.751
4,20,0.963
4,20,1.458
4,20,1.23
4,20,2.771
4,20,0.61
4,20,1.372
4,20,0.52
4,20,1.069
4,21,0.97
4,21,1.372
4,21,1.899
4,21,0.012
4,21,0.98
4,21,0.845
4,21,0.648
4,21,0.401
4,21,1.329
4,21,2.174
4,21,0.805
4,21,0.626
4,21,0.917
4,21,0.205
4,21,0.088
4,21,0.247
4,21,1.252
4,21,1.223
4,21,0.686
4,21,0.656
4,21,1.924
4,21,0.889
4,21,1.145
4,21,1.182
4,21,1.412
4,21,0.472
4,21,0.279
4,21,0.555
4,21,0.891
4,21,0.009
4,21,0.786
4,21,0.744
4,21,0.477
4,21,1.169
4,21,1.328
4,21,0.843
4,21,0.704
4,21,0.201
4,21,0.629
4,21,1.007
4,21,0.702
4,21,0.817
4,21,0.231
4,21,0.686
4,21,2.278
4,21,0.085
4,21,1.485
4,21,0.649
4,21,1.25
4,21,0.79
4,21,0.551
4,21,0.719
4,21,0.142
4,21,0.967
4,21,0.545
4,21,0.371
4,21,1.046
4,22,0.844
4,22,1.437
4,22,0.909
4,22,0.834
4,22,0.112
4,22,1.187
4,22,0.578
4,22,1.543
4,22,0.747
4,22,0.007
4,22,1.536
4,22,0.653
4,22,0.075
4,22,0.09
4,22,1.696
4,22,0.061
4,22,0.016
4,22,0.085
4,22,1.801
4,22,0.854
4,22,0.842
4,22,0.684
4,22,0.193
4,22,0.656
4,22,1.334
4,22,1.138
4,22,1.167
4,22,1.12
4,22,0.113
4,22,0.194
4,22,0.022
4,22,1.074
4,22,1.108
4,22,0.079
4,22,0.04
4,22,1.875
4,22,0.02
4,22,1.367
4,22,1.023
4,22,0.048
4,22,0.592
4,22,0.077
4,22,0.493
4,22,0.066
4,22,0.382
4,22,0.12
4,22,0.672
4,22,1.427
4,22,0.671
4,22,0.046
4,22,1.491
4,22,0.348
4,22,1.575
4,22,0.979
4,22,0.752
4,22,0.187
4,23,0.15
4,23,1.304
4,23,0.132
4,23,0.745
4,23,0.938
4,23,0.988
4,23,0.774
4,23,0.041
4,23,0.128
4,23,0.079
4,23,1.651
4,23,1.542
4,23,1.642
4,23,0.011
4,23,0.697
4,23,0.694
4,23,0.25
4,23,0.518
4,23,2.055
4,23,1.146
4,23,0.689
4,23,2.191
4,23,1.188
4,23,1.166
4,23,0.44
4,23,0.66
4,23,0.016
4,23,0.63
4,23,0.828
4,23,1.44
4,23,0.007
4,23,1.438
4,23,0.905
4,23,1.02
4,23,0.615
4,23,0.927
4,23,0.855
4,23,0.233
4,23,0.026
4,23,1.069
4,23,0.693
4,23,0.908
4,23,0.655
4,23,0.603
4,23,0.017
4,23,0.659
4,23,0.548
4,23,0.961
4,23,0.121
4,23,1.62
4,24,0.175
4,24,1.129
4,24,0.098
4,24,0.641
4,24,1.278
4,24,0.697
4,24,0.116
4,24,1.26
4,24,1.478
4,24,0.833
4,24,1.32
4,24,1.089
4,24,0.244
4,24,0.082
4,24,0.664
4,24,0.032
4,24,0.094
4,24,2.303
4,24,0.781
4,24,0.083
4,24,0.847
4,24,1.557
4,24,0.183
4,24,0.884
4,24,0.438
4,24,0.753
4,24,0.696
4,24,1.209
4,24,0.199
4,24,0.917
4,24,0.169
4,24,0.857
4,24,0.031
4,24,1.916
4,24,0.457
4,24,1.344
4,24,1.951
4,24,0.963
4,24,0.71
4,24,0.542
4,24,1.523
4,24,0.815
4,24,0.081
4,24,1.415
4,24,0.749
4,24,0.738
4,24,0.019
4,24,1.619
4,24,0.946
4,24,1.09
4,24,0.518
4,24,1.282
4,24,0.974
4,25,0.091
4,25,1.117
4,25,0.377
4,25,1.167
4,25,0.973
4,25,0.881
4,25,0.058
4,25,0.8
4,25,1.946
4,25,0.015
4,25,0.867
4,25,0.124
4,25,2.157
4,25,0.624
4,25,0.024
4,25,0.531
4,25,0.871
4,25,1.341
4,25,1.587
4,25,1.57
4,25,1.6
4,25,1.279
4,25,0.731
4,25,1.196
4,25,0.021
4,25,1.727
4,25,0.684
4,25,0.886
4,25,0.12
4,25,0.844
4,25,1.227
4,25,0.248
4,25,1.454
4,25,0.021
4,25,0.069
4,25,0.49
4,25,1.727
4,25,1.472
4,25,0.882
4,25,1.797
4,25,0.085
4,25,0.296
4,25,0.008
4,25,0.064
4,25,0.811
4,25,0.052
4,25,0.093
4,26,0.908
4,26,0.892
4,26,0.855
4,26,1.647
4,26,0.595
4,26,0.095
4,26,2.183
4,26,0.063
4,26,0.962
4,26,0.189
4,26,1.193
4,26,0.004
4,26,0.932
4,26,0.005
4,26,0.479
4,26,0.013
4,26,0.829
4,26,1.215
4,26,0.029
4,26,2.001
4,26,1.516
4,26,0.027
4,26,0.023
4,26,0.974
4,26,0.897
4,26,0.622
4,26,0.096
4,26,0.234
4,26,0.829
4,26,1.073
4,26,1.761
4,26,1.217
4,26,0.02
4,26,0.1
4,26,0.798
4,26,0.724
4,26,0.007
4,26,0.376
4,26,1.277
4,26,0.328
4,26,0.375
4,26,0.888
4,26,0.053
4,26,1.268
4,26,0.394
4,26,0.756
4,27,0.052
4,27,0.928
4,27,0.348
4,27,0.787
4,27,0.105
4,27,1.624
4,27,0.591
4,27,0.201
4,27,1.328
4,27,1.519
4,27,1.507
4,27,0.851
4,27,0.005
4,27,0.567
4,27,1.711
4,27,0.893
4,27,0.477
4,27,0.08
4,27,1.273
4,27,1.184
4,27,0.053
4,27,1.044
4,27,0.482
4,27,2.763
4,27,1.529
4,27,0.175
4,27,0.716
4,27,0.472
4,27,0.01
4,27,0.055
4,27,0.911
4,27,0.984
4,27,0.834
4,27,0.734
4,27,0.011
4,27,1.393
4,27,1.113
4,27,0.106
4,27,1.321
4,27,0.048
4,27,1.74
4,27,0.131
4,27,2.132
4,27,0.975
4,27,0.961
4,27,1.741
4,27,1.121
4,27,1.831
4,27,0.044
4,27,1.257
4,27,1.246
4,28,0.581
4,28,0.55
4,28,1.608
4,28,0.712
4,28,1.819
4,28,0.012
4,28,1.611
4,28,1.254
4,28,1.977
4,28,1.991
4,28,0.657
4,28,0.912
4,28,1.783
4,28,0.971
4,28,0.311
4,28,1.191
4,28,2.702
4,28,0.011
4,28,0.965
4,28,1.033
4,28,0.231
4,28,0.644
4,28,0.04
4,28,1.375
4,28,0.02
4,28,0.721
4,28,0.04
4,28,0.836
4,28,0.028
4,28,1.108
4,28,0.103
4,28,1.002
4,28,0.834
4,28,1.207
4,28,0.107
4,28,0.051
4,28,1.969
4,28,1.775
4,28,0.017
4,28,1.306
4,28,1.813
4,28,0.819
4,28,1.298
4,28,0.08
4,28,0.012
4,28,1.502
4,28,0.037
4,28,0.849
4,28,0.538
4,29,0.506
4,29,0.138
4,29,0.126
4,29,1.749
4,29,0.476
4,29,0.047
4,29,0.741
4,29,1.785
4,29,1.579
4,29,0.606
4,29,0.011
4,29,0.161
4,29,0.723
4,29,0.405
4,29,0.128
4,29,1.237
4,29,0.014
4,29,0.41
4,29,1.244
4,29,1.104
4,29,0.088
4,29,0.017
4,29,0.771
4,29,0.15
4,29,0.045
4,29,0.074
4,29,0.977
4,29,0.209
4,29,0.883
4,29,0.862
4,29,2.092
4,29,0.016
4,29,0.95
4,29,1.246
4,29,0.012
4,29,1.04
4,29,1.547
4,29,1.008
4,29,0.914
4,29,0.496
4,29,1.204
4,29,0.099
4,29,2.36
4,29,0.269
4,29,0.195
4,30,1.078
4,30,1.595
4,30,1.42
4,30,0.3
4,30,0.08
4,30,0.708
4,30,1.238
4,30,0.848
4,30,0.485
4,30,0.27
4,30,0.029
4,30,0.655
4,30,0.316
4,30,0.445
4,30,1.472
4,30,1.096
4,30,0.005
4,30,0.095
4,30,1.134
4,30,0.757
4,30,0.971
4,30,0.501
4,30,0.261
4,30,1.103
4,30,0.917
4,30,0.536
4,30,1.033
4,30,0.3
4,30,1.653
4,30,1.076
4,30,0.771
4,30,0.053
4,30,0.784
4,30,0.441
4,30,0.037
4,30,1.663
4,30,0.018
4,30,0.884
4,30,0.081
4,30,0.674
4,30,0.093
4,30,0.829
4,30,1.317
4,30,1.07
4,30,0.087
4,30,1.002
