1,1,0.523
1,1,1.321
1,1,1.617
1,1,1.035
1,1,0.658
1,1,0.972
1,1,0.467
1,1,0.581
1,1,0.901
1,1,0.565
1,1,1.899
1,1,0.663
1,1,1.103
1,1,0.983
1,1,0.022
1,1,1.041
1,1,0.653
1,1,0.765
1,1,0.934
1,1,0.704
1,1,2.669
1,1,1.103
1,1,0.942
1,1,0.79
1,1,1.709
1,1,0.439
1,1,1.484
1,1,1.056
1,1,1.146
1,1,2.109
1,1,1.19
1,1,0.483
1,1,0.626
1,1,1.21
1,1,1.464
1,1,0.995
1,1,1.115
1,1,1.472
1,1,3.072
1,1,1.592
1,1,1.064
1,1,0.497
1,1,1.243
1,1,1.638
1,1,0.365
1,1,1.342
1,1,1.476
1,1,1.271
1,1,0.896
1,1,1.456
1,1,1.337
1,1,0.113
1,1,1.418
1,2,1.026
1,2,0.965
1,2,1.642
1,2,0.929
1,2,0.662
1,2,1.377
1,2,0.831
1,2,0.426
1,2,0.051
1,2,1
1,2,0.465
1,2,1.325
1,2,0.211
1,2,0.614
1,2,0.144
1,2,1.313
1,2,1.075
1,2,1.11
1,2,1.428
1,2,0.426
1,2,1.799
1,2,0.855
1,2,1.265
1,2,0.044
1,2,0.806
1,2,0.726
1,2,0.014
1,2,1.593
1,2,0.849
1,2,0.848
1,2,1.073
1,2,1.358
1,2,1.536
1,2,0.075
1,2,1.579
1,2,1.024
1,2,0.633
1,2,1.022
1,2,1.458
1,2,0.347
1,2,0.371
1,2,0.85
1,2,0.354
1,2,0.497
1,2,0.83
1,2,1.305
1,2,1.205
1,2,0.405
1,2,1.169
1,2,1.122
1,2,0.518
1,2,0.869
1,2,0.603
1,2,0.618
1,3,0.021
1,3,0.101
1,3,0.263
1,3,0.793
1,3,1.263
1,3,1.378
1,3,0.698
1,3,1.242
1,3,0.893
1,3,0.885
1,3,0.015
1,3,0.436
1,3,0.679
1,3,1.635
1,3,1.38
1,3,1.45
1,3,0.462
1,3,0.41
1,3,0.692
1,3,1.848
1,3,0.944
1,3,0.45
1,3,1.098
1,3,0.985
1,3,1.126
1,3,0.329
1,3,0.702
1,3,0.864
1,3,1.247
1,3,0.569
1,3,0.128
1,3,0.93
1,3,0.579
1,3,0.935
1,3,0.735
1,3,0.675
1,3,0.056
1,3,1.345
1,3,0.016
1,3,0.861
1,3,0.402
1,3,1.489
1,3,0.188
1,3,0.707
1,3,1.222
1,3,0.429
1,3,1.157
1,3,0.811
1,3,1.267
1,3,0.421
1,4,0.483
1,4,1.093
1,4,0.817
1,4,1.157
1,4,0.8
1,4,0.452
1,4,1.001
1,4,0.092
1,4,0.924
1,4,1.187
1,4,1.019
1,4,2.014
1,4,0.529
1,4,0.387
1,4,0.463
1,4,0.029
1,4,0.307
1,4,1.15
1,4,0.991
1,4,0.776
1,4,0.638
1,4,0.753
1,4,0.877
1,4,0.268
1,4,0.269
1,4,1.141
1,4,0.383
1,4,1.15
1,4,0.024
1,4,0.243
1,4,1.336
1,4,0.019
1,4,0.375
1,4,0.231
1,4,1.155
1,4,1.617
1,4,0.771
1,4,1.32
1,4,1.277
1,4,0.55
1,4,0.902
1,4,0.672
1,4,0.914
1,4,1.012
1,4,0.97
1,4,0.87
1,4,0.949
1,4,0.744
1,4,0.276
1,4,0.384
1,5,0.022
1,5,0.481
1,5,0.221
1,5,0.893
1,5,1.381
1,5,0.287
1,5,0.944
1,5,0.937
1,5,0.806
1,5,0.681
1,5,0.018
1,5,0.633
1,5,0.596
1,5,0.914
1,5,1.072
1,5,0.746
1,5,0.574
1,5,0.071
1,5,1.051
1,5,0.666
1,5,0.853
1,5,0.62
1,5,0.914
1,5,0.027
1,5,0.573
1,5,1.092
1,5,1.165
1,5,1.081
1,5,0.975
1,5,1.353
1,5,0.015
1,5,0.737
1,5,0.556
1,5,0.221
1,5,1.403
1,5,0.992
1,5,0.791
1,5,0.711
1,5,0.041
1,5,0.547
1,5,1.181
1,6,0.973
1,6,0.639
1,6,0.986
1,6,0.251
1,6,0.72
1,6,0.231
1,6,1.513
1,6,0.075
1,6,1.004
1,6,0.554
1,6,0.293
1,6,0.817
1,6,0.379
1,6,0.52
1,6,0.77
1,6,0.142
1,6,0.414
1,6,0.857
1,6,0.013
1,6,0.033
1,6,0.82
1,6,0.008
1,6,0.238
1,6,0.236
1,6,0.643
1,6,0.458
1,6,1.02
1,6,0.665
1,6,0.472
1,6,0.414
1,6,0.552
1,6,0.567
1,6,0.539
1,6,0.544
1,6,0.586
1,6,1.252
1,6,0.75
1,6,0.749
1,6,0.058
1,6,0.074
1,6,0.295
1,6,0.482
1,6,0.007
1,6,0.048
1,6,0.01
1,6,0.423
1,6,0.599
1,6,0.988
1,6,0.014
1,6,0.34
1,6,0.465
1,6,0.139
1,6,0.131
1,7,0.974
1,7,1.125
1,7,0.054
1,7,0.056
1,7,0.942
1,7,0.416
1,7,0.161
1,7,0.72
1,7,0.24
1,7,0.084
1,7,0.074
1,7,1.138
1,7,0.655
1,7,0.439
1,7,1.09
1,7,0.081
1,7,0.49
1,7,0.301
1,7,0.113
1,7,0.793
1,7,0.748
1,7,0.07
1,7,0.81
1,7,0.15
1,7,0.743
1,7,0.664
1,7,0.684
1,7,1.12
1,7,0.659
1,7,0.528
1,7,0.008
1,7,0.512
1,7,1.057
1,7,0.331
1,7,0.78
1,7,0.997
1,7,1.045
1,7,0.095
1,7,0.043
1,7,0.093
1,7,0.859
1,7,1
1,7,0.067
1,7,0.307
1,7,0.875
1,8,0.407
1,8,1.012
1,8,0.883
1,8,0.994
1,8,0.12
1,8,0.064
1,8,0.302
1,8,0.605
1,8,0.993
1,8,0.389
1,8,0.13
1,8,0.846
1,8,0.825
1,8,0.495
1,8,0.95
1,8,0.12
1,8,0.577
1,8,0.689
1,8,0.54
1,8,0.624
1,8,0.128
1,8,0.343
1,8,0.098
1,8,0.781
1,8,1.072
1,8,0.391
1,8,0.519
1,8,0.752
1,8,0.549
1,8,0.28
1,8,0.372
1,8,0.597
1,8,0.665
1,8,1.149
1,8,0.388
1,8,0.722
1,8,1.266
1,8,0.688
1,8,0.354
1,8,0.966
1,8,0.458
1,9,0.358
1,9,0.774
1,9,0.765
1,9,0.04
1,9,0.045
1,9,0.317
1,9,0.05
1,9,0.03
1,9,0.637
1,9,0.341
1,9,0.616
1,9,0.974
1,9,0.056
1,9,0.539
1,9,0.066
1,9,1.098
1,9,0.263
1,9,0.15
1,9,1.054
1,9,0.787
1,9,0.572
1,9,0.538
1,9,0.184
1,9,0.421
1,9,0.66
1,9,0.053
1,9,0.932
1,9,0.474
1,9,0.117
1,9,0.809
1,9,0.966
1,9,0.818
1,9,1.107
1,9,0.481
1,9,0.863
1,9,0.08
1,9,0.528
1,9,0.712
1,9,0.346
1,9,0.424
1,9,0.01
1,9,0.448
1,10,0.044
1,10,0.737
1,10,0.09
1,10,0.611
1,10,0.555
1,10,0.02
1,10,0.013
1,10,0.477
1,10,0.171
1,10,0.61
1,10,0.433
1,10,0.046
1,10,0.154
1,10,0.089
1,10,0.721
1,10,0.674
1,10,0.966
1,10,0.103
1,10,1.237
1,10,0.984
1,10,0.344
1,10,0.853
1,10,0.019
1,10,0.006
1,10,0.613
1,10,0.409
1,10,0.217
1,10,0.992
1,10,0.133
1,10,0.516
1,10,0.06
1,10,0.624
1,10,0.45
1,10,0.388
1,10,0.044
1,10,0.119
1,10,0.038
1,10,0.107
1,10,0.567
1,10,0.2
1,10,0.402
1,10,0.763
1,10,0.259
1,10,0.051
1,10,0.623
1,10,0.032
1,11,0.106
1,11,0.238
1,11,0.517
1,11,0.847
1,11,0.016
1,11,0.199
1,11,1.412
1,11,0.519
1,11,0.085
1,11,0.108
1,11,0.798
1,11,0.63
1,11,0.932
1,11,0.033
1,11,0.879
1,11,0.575
1,11,0.528
1,11,0.382
1,11,0.376
1,11,0.559
1,11,0.515
1,11,0.041
1,11,0.038
1,11,0.053
1,11,0.192
1,11,0.691
1,11,0.072
1,11,0.681
1,11,0.578
1,11,0.094
1,11,0.262
1,11,0.469
1,11,0.797
1,11,0.504
1,11,0.099
1,11,0.193
1,11,0.654
1,11,0.033
1,11,0.649
1,11,1.053
1,11,0.878
1,11,0.683
1,11,0.531
1,11,0.419
1,11,0.753
1,11,0.664
1,12,0.077
1,12,0.359
1,12,0.148
1,12,0.797
1,12,0.016
1,12,0.266
1,12,0.026
1,12,0.053
1,12,0.585
1,12,0.683
1,12,0.037
1,12,0.009
1,12,0.01
1,12,0.282
1,12,0.033
1,12,0.28
1,12,0.102
1,12,0.374
1,12,0.571
1,12,0.023
1,12,1.282
1,12,0.4
1,12,0.433
1,12,0.806
1,12,0.945
1,12,0.462
1,12,1.293
1,12,1.092
1,12,0.03
1,12,0.436
1,12,0.558
1,12,0.407
1,12,0.012
1,12,0.351
1,12,0.659
1,12,0.449
1,12,0.027
1,12,0.659
1,12,0.476
1,12,1.448
1,12,0.187
1,12,0.047
1,13,0.048
1,13,0.976
1,13,0.358
1,13,0.04
1,13,0.073
1,13,0.334
1,13,1.43
1,13,0.533
1,13,0.412
1,13,0.62
1,13,0.261
1,13,0.432
1,13,0.722
1,13,0.427
1,13,0.379
1,13,0.154
1,13,0.041
1,13,0.032
1,13,0.696
1,13,0.365
1,13,0.842
1,13,0.064
1,13,0.014
1,13,0.852
1,13,0.027
1,13,0.418
1,13,1.47
1,13,0.009
1,13,0.014
1,13,0.475
1,13,0.746
1,13,0.326
1,13,0.421
1,13,0.321
1,13,0.518
1,13,0.656
1,13,0.054
1,13,0.877
1,13,0.01
1,13,0.57
1,13,0.946
1,13,0.901
1,14,0.19
1,14,0.474
1,14,0.051
1,14,0.091
1,14,0.178
1,14,0.588
1,14,1.05
1,14,0.504
1,14,0.574
1,14,0.593
1,14,0.045
1,14,0.286
1,14,0.126
1,14,2.078
1,14,0.432
1,14,0.026
1,14,0.26
1,14,0.452
1,14,0.627
1,14,0.753
1,14,0.817
1,14,0.04
1,14,0.962
1,14,2.058
1,14,0.612
1,14,0.837
1,14,0.552
1,14,0.06
1,14,0.022
1,14,0.373
1,14,0.017
1,14,0.06
1,14,0.087
1,14,0.395
1,14,0.027
1,14,0.031
1,14,0.786
1,14,0.895
1,14,0.094
1,14,0.055
1,14,0.384
1,15,0.263
1,15,0.612
1,15,0.548
1,15,0.516
1,15,0.009
1,15,0.414
1,15,0.036
1,15,0.008
1,15,1.203
1,15,1.341
1,15,0.169
1,15,0.491
1,15,0.07
1,15,0.78
1,15,0.112
1,15,0.13
1,15,0.75
1,15,0.014
1,15,0.926
1,15,0.275
1,15,0.376
1,15,0.555
1,15,0.049
1,15,0.024
1,15,0.692
1,15,1.303
1,15,0.655
1,15,0.317
1,15,0.044
1,15,0.977
1,15,0.019
1,15,0.759
1,15,0.763
1,15,0.034
1,15,0.748
1,15,0.113
1,15,0.047
1,15,0.103
1,15,0.456
1,15,0.691
1,15,0.541
1,15,0.054
1,15,0.545
1,15,1.221
1,16,0.545
1,16,0.933
1,16,0.856
1,16,0.853
1,16,0.014
1,16,0.488
1,16,0.749
1,16,0.358
1,16,0.17
1,16,0.334
1,16,0.098
1,16,0.115
1,16,0.094
1,16,0.076
1,16,1.109
1,16,0.044
1,16,0.05
1,16,0.265
1,16,0.014
1,16,0.055
1,16,0.517
1,16,0.811
1,16,0.154
1,16,0.097
1,16,0.035
1,16,0.005
1,16,0.764
1,16,1.465
1,16,0.094
1,16,1.314
1,16,0.507
1,16,0.489
1,16,0.98
1,16,0.213
1,16,0.613
1,16,0.1
1,16,0.299
1,16,0.635
1,16,0.026
1,16,1.377
1,16,0.127
1,17,0.058
1,17,1.173
1,17,0.185
1,17,0.4
1,17,0.868
1,17,0.059
1,17,0.749
1,17,0.216
1,17,0.75
1,17,0.321
1,17,0.425
1,17,0.06
1,17,0.026
1,17,1.08
1,17,0.436
1,17,0.789
1,17,0.123
1,17,0.348
1,17,0.116
1,17,0.114
1,17,0.526
1,17,0.325
1,17,0.05
1,17,0.024
1,17,0.059
1,17,0.08
1,17,0.449
1,17,0.335
1,17,0.686
1,17,0.654
1,17,0.651
1,17,0.405
1,17,0.86
1,17,0.35
1,17,0.451
1,17,0.527
1,17,1.254
1,18,0.095
1,18,0.083
1,18,0.026
1,18,0.029
1,18,0.452
1,18,0.172
1,18,0.641
1,18,0.18
1,18,0.437
1,18,0.59
1,18,0.036
1,18,0.025
1,18,0.179
1,18,0.078
1,18,0.049
1,18,0.013
1,18,0.375
1,18,0.565
1,18,0.028
1,18,0.474
1,18,0.053
1,18,0.072
1,18,0.895
1,18,0.049
1,18,0.037
1,18,1.06
1,18,0.901
1,18,0.452
1,18,0.092
1,18,0.709
1,18,0.51
1,18,0.022
1,18,0.691
1,18,1.314
1,18,0.53
1,18,0.33
1,18,0.577
1,18,0.002
1,18,0.061
1,18,0.632
1,19,0.271
1,19,0.031
1,19,0.038
1,19,0.929
1,19,0.073
1,19,0.357
1,19,0.982
1,19,0.578
1,19,0.037
1,19,0.115
1,19,0.023
1,19,0.127
1,19,0.02
1,19,1.373
1,19,0.618
1,19,0.726
1,19,0.718
1,19,1.31
1,19,0.266
1,19,0.069
1,19,0.233
1,19,0.046
1,19,0.681
1,19,0.233
1,19,0.055
1,19,0.103
1,19,0.042
1,19,0.039
1,19,0.83
1,19,0.419
1,19,0.726
1,19,0.355
1,19,0.134
1,19,0.123
1,19,0.012
1,19,0.067
1,19,0.472
1,19,0.278
1,19,1.015
1,19,0.039
1,19,1.508
1,19,0.043
1,19,0.081
1,20,0.085
1,20,0.061
1,20,0.042
1,20,0.065
1,20,0.155
1,20,1.609
1,20,0.559
1,20,0.019
1,20,0.126
1,20,0.806
1,20,0.136
1,20,0.257
1,20,1.376
1,20,0.257
1,20,0.076
1,20,0.113
1,20,0.025
1,20,1.129
1,20,0.056
1,20,0.346
1,20,0.319
1,20,0.692
1,20,0.399
1,20,0.663
1,20,0.502
1,20,0.065
1,21,0.01
1,21,0.718
1,21,0.418
1,21,0.206
1,21,0.103
1,21,0.409
1,21,0.499
1,21,0.063
1,21,0.014
1,21,0.094
1,21,0.348
1,21,0.381
1,21,0.527
1,21,0.026
1,21,0.071
1,21,0.03
1,21,0.381
1,21,1.076
1,21,0.144
1,21,0.096
1,21,0.04
1,21,0.581
1,21,0.028
1,21,0.687
1,21,0.104
1,21,0.587
1,21,0.227
1,21,0.049
1,21,0.128
1,21,0.703
1,21,0.419
1,21,0.077
1,21,0.438
1,21,0.069
1,21,0.051
1,21,0.261
1,21,0.833
1,22,0.008
1,22,0.048
1,22,0.566
1,22,0.087
1,22,0.095
1,22,0.04
1,22,0.668
1,22,0.114
1,22,1.568
1,22,0.515
1,22,1.073
1,22,0.055
1,22,0.066
1,22,0.6
1,22,0.047
1,22,0.351
1,22,0.145
1,22,0.783
1,22,0.696
1,22,0.709
1,22,0.595
1,22,0.314
1,22,0.029
1,22,0.563
1,22,1.393
1,22,0.097
1,22,0.03
1,22,0.007
1,22,0.385
1,22,0.473
1,22,0.467
1,22,0.658
1,22,0.416
1,22,0.089
1,22,0.856
1,22,0.025
1,22,0.756
1,23,0.591
1,23,0.332
1,23,0.036
1,23,0.063
1,23,0.493
1,23,0.063
1,23,0.566
1,23,0.038
1,23,0.469
1,23,0.674
1,23,0.488
1,23,0.684
1,23,0.426
1,23,0.657
1,23,0.248
1,23,0.479
1,23,0.549
1,23,0.494
1,23,0.942
1,23,0.127
1,23,0.297
1,23,1.167
1,23,0.684
1,23,0.063
1,23,0.706
1,23,0.081
1,23,0.764
1,23,0.548
1,23,0.095
1,23,0.041
1,23,0.122
1,23,0.076
1,23,0.227
1,23,0.462
1,23,0.523
1,23,0.021
1,23,0.166
1,23,0.034
1,23,0.59
1,24,0.068
1,24,0.084
1,24,0.01
1,24,0.116
1,24,0.478
1,24,0.707
1,24,0.025
1,24,0.211
1,24,0.021
1,24,0.07
1,24,0.071
1,24,0.399
1,24,0.943
1,24,0.505
1,24,0.2
1,24,1.139
1,24,0.294
1,24,0.042
1,24,0.086
1,24,0.599
1,24,0.009
1,24,0.083
1,24,0.293
1,24,0.726
1,24,0.103
1,24,0.153
1,24,0.534
1,24,0.905
1,24,0.825
1,24,0.118
1,24,0.187
1,24,0.858
1,24,0.068
1,24,0.02
1,24,0.786
1,24,0.047
1,25,0.303
1,25,0.253
1,25,0.498
1,25,0.515
1,25,0.126
1,25,0.471
1,25,0.315
1,25,0.972
1,25,0.11
1,25,0.391
1,25,0.635
1,25,0.064
1,25,0.077
1,25,0.662
1,25,0.447
1,25,0.54
1,25,0.761
1,25,0.111
1,25,0.053
1,25,0.288
1,25,0.195
1,25,1.222
1,25,0.158
1,25,0.368
1,25,0.489
1,26,0.029
1,26,0.883
1,26,0.019
1,26,0.823
1,26,0.125
1,26,0.761
1,26,0.634
1,26,0.509
1,26,0.056
1,26,0.086
1,26,0.695
1,26,0.045
1,26,0.441
1,26,0.676
1,26,0.533
1,26,0.446
1,26,0.041
1,26,0.125
1,26,0.954
1,26,0.374
1,26,0.581
1,26,0.213
1,26,0.687
1,26,0.048
1,26,0.664
1,26,0.025
1,26,0.007
1,26,0.055
1,26,0.619
1,26,0.058
1,26,0.554
1,26,0.345
1,26,0.357
1,26,0.094
1,27,0.203
1,27,0.092
1,27,0.468
1,27,0.659
1,27,1.517
1,27,0.361
1,27,0.278
1,27,0.496
1,27,0.022
1,27,0.657
1,27,0.006
1,27,0.127
1,27,0.123
1,27,0.301
1,27,0.037
1,27,0.07
1,27,0.04
1,27,0.013
1,27,0.578
1,27,0.783
1,27,0.021
1,27,0.048
1,27,0.724
1,27,0.835
1,27,0.824
1,27,0.021
1,27,0.652
1,27,0.827
1,27,0.444
1,27,0.073
1,27,0.095
1,27,0.302
1,27,0.606
1,27,0.278
1,27,0.535
1,27,0.447
1,27,0.014
1,27,1.57
1,27,0.091
1,28,0.285
1,28,0.804
1,28,0.621
1,28,0.772
1,28,0.078
1,28,0.128
1,28,0.805
1,28,0.071
1,28,0.268
1,28,0.052
1,28,0.127
1,28,0.085
1,28,0.127
1,28,0.823
1,28,1.071
1,28,0.46
1,28,0.895
1,28,0.011
1,28,0.501
1,28,0.892
1,28,0.561
1,28,0.925
1,28,0.529
1,28,1.651
1,28,0.328
1,28,0.708
1,28,0.357
1,28,0.293
1,28,0.556
1,28,0.277
1,28,0.086
1,28,1.113
1,28,0.137
1,29,0.096
1,29,0.498
1,29,0.176
1,29,1.448
1,29,0.083
1,29,0.69
1,29,0.485
1,29,0.794
1,29,0.485
1,29,0.727
1,29,0.398
1,29,0.294
1,29,0.264
1,29,0.895
1,29,0.02
1,29,0.194
1,29,0.73
1,29,0.351
1,29,0.337
1,29,0.083
1,29,0.157
1,29,0.798
1,29,0.893
1,29,1.266
1,29,0.233
1,29,0.299
1,29,0.088
1,29,0.208
1,30,0.424
1,30,0.277
1,30,0.168
1,30,0.559
1,30,0.559
1,30,0.153
1,30,0.889
1,30,0.728
1,30,0.136
1,30,0.855
1,30,0.516
1,30,0.154
1,30,0.681
1,30,0.017
1,30,0.325
1,30,0.165
1,30,1.794
1,30,0.016
1,30,0.637
1,30,0.185
1,30,0.417
1,30,0.71
1,30,0.023
1,30,0.024
1,30,1.273
1,30,0.358
1,30,0.814
1,30,0.881
1,30,0.017
2,1,1.538
2,1,1.63
2,1,0.574
2,1,0.841
2,1,1.137
2,1,0.547
2,1,0.745
2,1,1.522
2,1,0.975
2,1,1.455
2,1,0.344
2,1,1.107
2,1,1.169
2,1,2.234
2,1,0.803
2,1,0.89
2,1,1.171
2,1,1.136
2,1,1.886
2,1,0.975
2,1,1.108
2,1,1.035
2,1,0.595
2,1,0.985
2,1,1.236
2,1,1.103
2,1,0.798
2,1,1.458
2,1,1.067
2,1,1.385
2,1,0.894
2,1,1.251
2,1,1.257
2,1,1.632
2,1,1.465
2,1,0.741
2,1,1.874
2,1,1.381
2,1,0.836
2,1,1.013
2,1,0.464
2,1,1.596
2,2,0.768
2,2,0.01
2,2,1.561
2,2,1.377
2,2,0.538
2,2,0.895
2,2,1.053
2,2,0.535
2,2,0.013
2,2,1.652
2,2,0.397
2,2,0.026
2,2,0.899
2,2,1.072
2,2,0.066
2,2,0.797
2,2,0.603
2,2,0.385
2,2,0.951
2,2,0.547
2,2,1.11
2,2,1.505
2,2,0.434
2,2,1.205
2,2,0.838
2,2,0.898
2,2,0.78
2,2,0.765
2,2,1.106
2,2,0.434
2,2,0.312
2,2,1.229
2,2,1.016
2,2,0.901
2,2,0.035
2,2,0.107
2,2,0.085
2,2,1.256
2,2,0.9
2,2,0.523
2,2,0.062
2,2,0.438
2,2,0.927
2,2,0.549
2,2,0.781
2,3,0.903
2,3,0.792
2,3,1.558
2,3,1.058
2,3,0.223
2,3,1.797
2,3,0.173
2,3,1.421
2,3,0.656
2,3,0.356
2,3,1.032
2,3,1.435
2,3,0.047
2,3,0.303
2,3,0.61
2,3,0.007
2,3,0.347
2,3,0.729
2,3,0.73
2,3,0.88
2,3,1.008
2,3,0.337
2,3,0.903
2,3,0.741
2,3,0.546
2,3,0.279
2,3,0.653
2,3,0.031
2,3,0.733
2,3,0.395
2,3,0.72
2,3,0.719
2,3,0.41
2,3,1.06
2,3,0.348
2,3,0.013
2,3,0.854
2,3,0.275
2,3,0.768
2,3,0.784
2,3,0.102
2,3,0.448
2,3,0.933
2,3,0.721
2,3,0.783
2,3,0.879
2,3,0.566
2,4,0.37
2,4,0.655
2,4,2.178
2,4,0.697
2,4,1.599
2,4,1.199
2,4,0.655
2,4,0.696
2,4,0.408
2,4,0.359
2,4,1.451
2,4,0.849
2,4,0.312
2,4,0.515
2,4,1.298
2,4,0.366
2,4,0.463
2,4,0.65
2,4,1.536
2,4,1.015
2,4,0.184
2,4,0.867
2,4,0.306
2,4,0.086
2,4,0.325
2,4,0.155
2,4,0.456
2,4,0.586
2,4,0.054
2,4,0.092
2,4,0.045
2,4,0.335
2,4,1.108
2,4,0.619
2,4,0.387
2,4,1.236
2,4,0.042
2,4,0.956
2,4,0.483
2,4,1.244
2,4,0.909
2,4,0.563
2,5,0.737
2,5,1.171
2,5,0.308
2,5,0.288
2,5,1.02
2,5,0.89
2,5,0.828
2,5,1.24
2,5,0.562
2,5,0.72
2,5,0.884
2,5,1.584
2,5,0.255
2,5,0.098
2,5,0.622
2,5,0.597
2,5,0.25
2,5,1.004
2,5,0.197
2,5,0.146
2,5,1.142
2,5,0.011
2,5,1.186
2,5,0.886
2,5,0.016
2,5,0.065
2,5,1.195
2,5,0.737
2,5,0.129
2,5,0.76
2,5,1.201
2,5,0.66
2,5,0.815
2,5,0.438
2,5,0.049
2,5,1.135
2,5,0.511
2,5,0.98
2,5,0.792
2,6,1.3
2,6,0.921
2,6,0.042
2,6,0.531
2,6,0.755
2,6,1.076
2,6,0.433
2,6,0.114
2,6,0.218
2,6,0.957
2,6,0.014
2,6,0.684
2,6,0.799
2,6,0.879
2,6,0.315
2,6,0.096
2,6,0.659
2,6,0.031
2,6,0.312
2,6,1.252
2,6,0.529
2,6,0.521
2,6,0.617
2,6,0.03
2,6,0.587
2,6,0.943
2,6,0.832
2,6,1.485
2,6,0.428
2,6,0.381
2,6,0.925
2,6,0.257
2,6,0.257
2,6,0.049
2,6,0.991
2,6,0.66
2,6,0.72
2,6,0.98
2,6,0.16
2,6,0.661
2,6,0.343
2,6,1.378
2,7,1.637
2,7,0.122
2,7,0.645
2,7,0.023
2,7,0.825
2,7,1.197
2,7,0.508
2,7,0.196
2,7,0.062
2,7,0.485
2,7,0.314
2,7,0.61
2,7,0.692
2,7,0.674
2,7,0.117
2,7,0.518
2,7,0.04
2,7,0.422
2,7,0.515
2,7,0.844
2,7,0.051
2,7,0.126
2,7,0.006
2,7,0.332
2,7,0.099
2,7,0.854
2,7,0.886
2,7,0.729
2,7,0.272
2,7,1.276
2,7,0.773
2,7,0.738
2,7,0.466
2,7,0.039
2,7,0.799
2,7,0.689
2,7,0.742
2,7,0.667
2,7,0.432
2,7,1.038
2,7,0.841
2,8,0.327
2,8,0.642
2,8,0.067
2,8,0.391
2,8,0.633
2,8,0.752
2,8,0.424
2,8,0.422
2,8,0.033
2,8,0.085
2,8,0.629
2,8,0.851
2,8,0.051
2,8,1.477
2,8,0.023
2,8,0.037
2,8,0.809
2,8,0.185
2,8,0.454
2,8,1.07
2,8,0.585
2,8,0.041
2,8,0.048
2,8,0.533
2,8,0.496
2,8,0.599
2,8,0.416
2,8,0.032
2,8,0.326
2,8,0.02
2,8,0.116
2,8,0.713
2,8,0.5
2,8,0.261
2,8,0.11
2,9,0.592
2,9,0.767
2,9,0.989
2,9,0.731
2,9,0.098
2,9,0.089
2,9,0.5
2,9,1.042
2,9,0.162
2,9,0.039
2,9,0.317
2,9,0.106
2,9,0.363
2,9,0.069
2,9,0.505
2,9,0.088
2,9,0.045
2,9,0.392
2,9,0.583
2,9,0.35
2,9,0.005
2,9,0.921
2,9,0.023
2,9,0.03
2,9,0.027
2,9,0.811
2,9,0.031
2,9,0.755
2,9,0.843
2,9,0.585
2,9,0.935
2,9,0.9
2,9,0.491
2,9,0.217
2,9,0.049
2,9,0.712
2,9,0.07
2,9,0.046
2,9,0.145
2,9,0.958
2,9,0.084
2,10,0.637
2,10,0.122
2,10,0.982
2,10,1.106
2,10,0.467
2,10,0.292
2,10,0.521
2,10,0.034
2,10,0.047
2,10,0.023
2,10,0.05
2,10,1.25
2,10,1.068
2,10,0.025
2,10,0.215
2,10,0.071
2,10,0.064
2,10,0.735
2,10,1.144
2,10,0.154
2,10,0.229
2,10,0.398
2,10,0.905
2,10,0.524
2,10,0.648
2,10,0.204
2,10,0.029
2,10,0.707
2,10,0.44
2,10,0.115
2,10,1.231
2,10,0.118
2,10,0.968
2,10,1.053
2,10,0.062
2,10,0.607
2,10,2.177
2,10,0.016
2,10,0.294
2,11,0.193
2,11,0.372
2,11,0.856
2,11,1.13
2,11,0.923
2,11,0.126
2,11,0.263
2,11,0.056
2,11,0.328
2,11,0.97
2,11,0.19
2,11,0.973
2,11,0.305
2,11,0.625
2,11,0.874
2,11,0.639
2,11,0.808
2,11,0.089
2,11,0.159
2,11,1.103
2,11,0.384
2,11,0.057
2,11,0.043
2,11,0.064
2,11,0.648
2,11,1.111
2,11,0.341
2,11,0.538
2,11,0.825
2,11,0.187
2,11,0.025
2,11,0.917
2,11,0.62
2,11,1.027
2,11,0.155
2,11,0.609
2,11,0.061
2,11,0.062
2,11,0.084
2,11,0.022
2,11,0.064
2,11,0.061
2,11,0.062
2,11,1.102
2,12,1.169
2,12,0.627
2,12,0.364
2,12,0.345
2,12,1.254
2,12,0.086
2,12,0.741
2,12,0.062
2,12,0.137
2,12,0.055
2,12,0.968
2,12,0.958
2,12,0.262
2,12,0.877
2,12,0.325
2,12,0.302
2,12,0.039
2,12,0.01
2,12,0.583
2,12,0.89
2,12,0.873
2,12,0.032
2,12,0.013
2,12,0.77
2,12,1.018
2,12,0.021
2,12,0.068
2,12,0.059
2,12,0.809
2,12,0.086
2,12,0.738
2,12,0.763
2,12,0.802
2,12,0.563
2,12,0.397
2,12,0.051
2,12,0.983
2,12,0.08
2,13,0.56
2,13,0.46
2,13,0.699
2,13,0.052
2,13,0.613
2,13,0.446
2,13,0.094
2,13,0.855
2,13,0.569
2,13,0.638
2,13,0.728
2,13,0.517
2,13,1.317
2,13,0.843
2,13,0.088
2,13,0.074
2,13,0.035
2,13,0.082
2,13,0.993
2,13,1.895
2,13,0.525
2,13,0.067
2,13,0.819
2,13,0.183
2,13,0.476
2,13,0.03
2,13,0.639
2,13,0.21
2,13,0.608
2,13,0.846
2,13,0.62
2,13,1.416
2,13,0.54
2,13,0.956
2,13,0.627
2,13,0.623
2,13,0.025
2,13,0.182
2,13,0.113
2,14,0.563
2,14,0.047
2,14,0.085
2,14,0.54
2,14,0.669
2,14,0.559
2,14,0.015
2,14,0.482
2,14,0.446
2,14,0.035
2,14,0.538
2,14,1.016
2,14,0.074
2,14,0.195
2,14,0.051
2,14,0.832
2,14,0.131
2,14,0.47
2,14,0.092
2,14,1.141
2,14,0.011
2,14,0.063
2,14,0.879
2,14,0.051
2,14,0.577
2,14,0.106
2,14,0.813
2,14,0.009
2,14,0.045
2,14,0.574
2,14,0.074
2,14,0.51
2,14,0.019
2,14,0.725
2,14,0.042
2,14,0.053
2,14,0.219
2,14,1.698
2,14,1.123
2,14,0.043
2,14,0.75
2,14,0.029
2,14,0.519
2,14,0.197
2,15,0.077
2,15,0.084
2,15,0.054
2,15,0.051
2,15,0.588
2,15,0.539
2,15,0.094
2,15,1.084
2,15,0.074
2,15,0.093
2,15,0.406
2,15,0.011
2,15,0.656
2,15,0.229
2,15,0.101
2,15,0.053
2,15,0.084
2,15,0.072
2,15,0.483
2,15,1.238
2,15,0.072
2,15,0.074
2,15,0.066
2,15,0.514
2,15,0.021
2,15,0.931
2,15,0.45
2,15,0.382
2,15,0.994
2,15,1.466
2,15,0.191
2,15,0.173
2,15,0.107
2,15,0.356
2,15,0.191
2,16,0.051
2,16,0.026
2,16,0.058
2,16,0.268
2,16,0.008
2,16,0.072
2,16,1.058
2,16,0.27
2,16,0.488
2,16,0.556
2,16,0.06
2,16,0.394
2,16,0.013
2,16,0.053
2,16,0.252
2,16,0.047
2,16,1.079
2,16,0.1
2,16,0.009
2,16,0.317
2,16,0.014
2,16,0.38
2,16,0.782
2,16,0.052
2,16,0.983
2,16,0.37
2,16,1.075
2,16,0.062
2,16,0.615
2,16,0.522
2,16,0.755
2,16,0.809
2,16,0.111
2,16,0.731
2,16,0.026
2,16,0.454
2,16,1.413
2,16,0.054
2,17,0.489
2,17,0.08
2,17,0.653
2,17,0.582
2,17,0.513
2,17,0.929
2,17,0.033
2,17,0.739
2,17,0.03
2,17,0.206
2,17,0.866
2,17,0.035
2,17,0.029
2,17,0.104
2,17,0.95
2,17,0.502
2,17,1.24
2,17,0.064
2,17,0.333
2,17,0.052
2,17,0.744
2,17,1.062
2,17,1.005
2,17,0.06
2,17,1.144
2,17,1.098
2,17,0.059
2,17,0.031
2,17,0.072
2,17,0.619
2,17,0.588
2,17,0.031
2,17,0.071
2,17,0.058
2,17,0.079
2,17,0.842
2,17,0.036
2,17,0.521
2,17,0.016
2,17,0.51
2,17,0.08
2,17,0.117
2,17,0.639
2,17,0.037
2,17,0.109
2,17,0.088
2,17,0.875
2,17,0.026
2,17,0.406
2,17,0.069
2,17,0.474
2,18,0.008
2,18,0.765
2,18,0.008
2,18,0.29
2,18,0.224
2,18,0.055
2,18,0.143
2,18,0.033
2,18,0.766
2,18,0.549
2,18,0.804
2,18,0.041
2,18,0.692
2,18,1.544
2,18,0.009
2,18,0.036
2,18,0.014
2,18,0.828
2,18,0.085
2,18,0.409
2,18,0.81
2,18,1.071
2,18,0.028
2,18,0.055
2,18,0.853
2,18,0.705
2,18,0.444
2,18,0.873
2,18,0.433
2,18,0.046
2,18,0.546
2,18,1.315
2,18,0.854
2,18,0.34
2,18,0.857
2,18,0.835
2,18,0.084
2,18,0.041
2,18,0.053
2,18,0.739
2,18,0.654
2,18,0.923
2,18,0.21
2,18,0.585
2,18,0.171
2,18,0.226
2,19,0.518
2,19,0.011
2,19,0.13
2,19,0.445
2,19,0.036
2,19,0.69
2,19,0.082
2,19,0.64
2,19,0.513
2,19,0.565
2,19,0.036
2,19,0.064
2,19,0.438
2,19,0.525
2,19,0.585
2,19,0.045
2,19,0.878
2,19,0.182
2,19,0.542
2,19,0.045
2,19,0.733
2,19,0.862
2,19,0.388
2,19,0.35
2,19,0.777
2,19,0.941
2,19,0.112
2,19,0.054
2,19,0.062
2,19,0.058
2,19,0.085
2,19,0.265
2,19,0.58
2,19,0.286
2,19,0.054
2,19,0.054
2,19,0.349
2,19,0.002
2,20,0.019
2,20,0.665
2,20,0.965
2,20,0.011
2,20,0.227
2,20,0.021
2,20,0.053
2,20,0.725
2,20,0.626
2,20,1.22
2,20,0.19
2,20,0.117
2,20,0.181
2,20,0.423
2,20,0.293
2,20,0.261
2,20,0.008
2,20,0.069
2,20,0.032
2,20,0.021
2,20,0.126
2,20,0.182
2,20,1.178
2,20,0.524
2,20,1.062
2,20,1.187
2,20,0.011
2,20,0.01
2,20,0.611
2,20,0.069
2,20,0.045
2,20,0.043
2,20,0.509
2,20,1.008
2,20,0.276
2,20,0.752
2,20,1.217
2,20,0.031
2,20,0.15
2,20,0.279
2,20,1.088
2,20,0.242
2,20,0.032
2,20,0.375
2,20,0.821
2,20,0.833
2,20,0.139
2,20,0.251
2,20,0.254
2,20,0.132
2,20,0.007
2,20,0.022
2,20,0.144
2,20,0.02
2,21,0.02
2,21,0.013
2,21,0.045
2,21,0.06
2,21,0.808
2,21,0.036
2,21,0.061
2,21,0.591
2,21,0.783
2,21,0.392
2,21,0.144
2,21,0.068
2,21,0.088
2,21,0.089
2,21,0.013
2,21,0.5
2,21,0.416
2,21,0.03
2,21,1.298
2,21,0.763
2,21,0.822
2,21,0.64
2,21,0.445
2,21,0.158
2,21,0.648
2,21,0.871
2,21,0.027
2,21,0.671
2,21,0.703
2,21,0.044
2,21,0.157
2,21,1.067
2,21,0.029
2,21,1.44
2,21,0.203
2,21,0.363
2,21,0.018
2,21,1.467
2,21,0.876
2,21,0.048
2,21,0.246
2,21,0.664
2,21,0.033
2,21,0.055
2,21,1.175
2,21,0.017
2,21,0.093
2,21,0.072
2,21,0.04
2,21,0.072
2,21,0.078
2,21,0.064
2,21,0.085
2,21,0.06
2,21,0.146
2,22,0.83
2,22,0.299
2,22,0.212
2,22,0.055
2,22,0.688
2,22,0.895
2,22,0.609
2,22,0.559
2,22,0.085
2,22,0.483
2,22,0.239
2,22,0.411
2,22,0.014
2,22,1.194
2,22,0.015
2,22,0.041
2,22,0.027
2,22,0.112
2,22,0.68
2,22,0.047
2,22,0.417
2,22,0.487
2,22,0.997
2,22,0.071
2,22,0.135
2,22,0.011
2,22,0.1
2,22,0.044
2,22,0.053
2,22,0.573
2,22,0.211
2,22,0.139
2,22,0.79
2,22,0.062
2,22,0.092
2,23,0.055
2,23,0.407
2,23,0.071
2,23,0.378
2,23,0.293
2,23,0.562
2,23,0.052
2,23,0.424
2,23,0.042
2,23,0.052
2,23,0.141
2,23,0.111
2,23,0.065
2,23,0.12
2,23,0.071
2,23,0.102
2,23,0.05
2,23,0.242
2,23,0.011
2,23,0.059
2,23,0.029
2,23,1.703
2,23,0.016
2,23,0.401
2,23,0.416
2,23,0.198
2,23,0.793
2,23,1.009
2,23,0.123
2,23,0.051
2,23,0.091
2,23,0.056
2,23,0.011
2,23,0.046
2,23,0.094
2,23,0.015
2,23,0.062
2,23,0.051
2,23,0.38
2,23,0.469
2,23,0.018
2,24,0.081
2,24,0.008
2,24,0.466
2,24,0.057
2,24,0.059
2,24,1.109
2,24,0.05
2,24,0.022
2,24,0.409
2,24,0.494
2,24,0.458
2,24,0.578
2,24,0.011
2,24,0.028
2,24,0.022
2,24,1.213
2,24,0.066
2,24,0.253
2,24,0.409
2,24,0.005
2,24,0.039
2,24,0.269
2,24,0.022
2,25,0.036
2,25,0.096
2,25,0.175
2,25,0.051
2,25,0.694
2,25,0.733
2,25,0.026
2,25,1.243
2,25,0.12
2,25,0.825
2,25,0.04
2,25,0.04
2,25,0.061
2,25,0.006
2,25,0.013
2,25,0.213
2,25,0.358
2,25,0.196
2,25,0.068
2,25,0.42
2,25,0.009
2,25,0.012
2,25,0.054
2,25,1.048
2,25,0.879
2,25,0.545
2,25,0.107
2,25,0.539
2,25,0.178
2,25,0.67
2,25,0.077
2,25,0.534
2,25,0.476
2,25,0.075
2,25,0.141
2,25,0.021
2,25,0.07
2,25,0.015
2,26,0.044
2,26,0.434
2,26,0.057
2,26,0.083
2,26,0.053
2,26,0.145
2,26,0.157
2,26,0.314
2,26,0.035
2,26,0.818
2,26,1.137
2,26,0.142
2,26,0.82
2,26,0.08
2,26,0.596
2,26,0.008
2,26,0.159
2,26,0.046
2,26,0.829
2,26,0.123
2,26,0.507
2,26,0.052
2,26,0.783
2,26,0.753
2,26,0.117
2,26,0.091
2,26,1.205
2,26,0.078
2,26,0.24
2,26,0.519
2,26,0.752
2,26,0.517
2,26,0.013
2,26,0.067
2,26,0.415
2,26,0.496
2,26,0.045
2,26,0.059
2,26,0.023
2,26,0.09
2,26,0.795
2,26,0.076
2,26,0.132
2,26,0.757
2,26,0.651
2,27,0.036
2,27,0.075
2,27,0.673
2,27,0.007
2,27,0.008
2,27,1.102
2,27,0.032
2,27,0.087
2,27,0.058
2,27,0.039
2,27,0.759
2,27,0.067
2,27,0.783
2,27,0.03
2,27,0.017
2,27,0.879
2,27,0.086
2,27,0.635
2,27,0.011
2,27,0.094
2,27,0.085
2,27,0.876
2,27,0.031
2,27,0.037
2,27,1.413
2,27,0.038
2,27,0.035
2,27,0.089
2,27,0.031
2,27,1.053
2,27,0.046
2,27,0.075
2,27,1.602
2,27,0.028
2,28,0.023
2,28,0.052
2,28,1.81
2,28,0.009
2,28,0.041
2,28,0.437
2,28,0.056
2,28,0.45
2,28,0.102
2,28,0.016
2,28,1.387
2,28,0.498
2,28,0.069
2,28,0.011
2,28,0.037
2,28,0.038
2,28,0.042
2,28,0.914
2,28,0.45
2,28,0.021
2,28,0.203
2,28,0.052
2,28,0.005
2,28,0.05
2,28,0.708
2,28,1.033
2,28,0.038
2,28,0.173
2,28,0.425
2,28,0.398
2,28,0.047
2,28,0.014
2,28,0.217
2,28,0.657
2,28,0.615
2,28,0.115
2,28,0.676
2,28,0.137
2,29,0.627
2,29,0.032
2,29,0.036
2,29,0.038
2,29,0.054
2,29,0.427
2,29,0.019
2,29,0.561
2,29,0.431
2,29,0.117
2,29,0.018
2,29,0.343
2,29,1.106
2,29,0.014
2,29,0.741
2,29,0.756
2,29,0.142
2,29,0.077
2,29,0.104
2,29,0.173
2,29,0.069
2,29,0.416
2,29,1.886
2,29,1.639
2,29,0.008
2,29,0.173
2,29,0.054
2,30,0.063
2,30,0.015
2,30,0.402
2,30,0.077
2,30,0.017
2,30,0.467
2,30,0.881
2,30,0.05
2,30,0.015
2,30,0.568
2,30,0.561
2,30,0.037
2,30,0.103
2,30,0.659
2,30,0.066
2,30,0.808
2,30,0.018
2,30,0.651
2,30,0.094
2,30,0.06
2,30,0.422
2,30,0.003
2,30,0.045
2,30,0.272
2,30,0.896
2,30,0.046
3,1,0.947
3,1,1.083
3,1,0.61
3,1,0.877
3,1,0.575
3,1,0.751
3,1,1.515
3,1,0.794
3,1,2.344
3,1,0.997
3,1,1.49
3,1,0.867
3,1,0.45
3,1,1.513
3,1,0.729
3,1,0.593
3,1,0.774
3,1,1.747
3,1,1.29
3,1,0.84
3,1,0.832
3,1,0.3
3,1,0.825
3,1,0.438
3,1,1.752
3,1,1.028
3,1,0.174
3,1,0.687
3,1,0.039
3,1,0.479
3,1,1.09
3,1,0.384
3,1,1.31
3,1,0.488
3,1,1.932
3,1,0.884
3,1,0.828
3,1,0.364
3,1,1.381
3,1,0.917
3,1,0.844
3,1,0.004
3,2,0.447
3,2,0.523
3,2,0.536
3,2,0.962
3,2,0.274
3,2,1.432
3,2,0.68
3,2,0.147
3,2,0.752
3,2,0.364
3,2,0.361
3,2,0.43
3,2,0.442
3,2,1.009
3,2,0.052
3,2,0.401
3,2,1.277
3,2,0.833
3,2,0.585
3,2,0.007
3,2,0.675
3,2,0.122
3,2,0.668
3,2,1.036
3,2,0.244
3,2,0.475
3,2,0.873
3,2,0.297
3,2,0.691
3,2,0.046
3,2,0.864
3,2,0.004
3,2,0.012
3,2,1.375
3,2,1.055
3,2,0.719
3,2,1.441
3,2,1.108
3,2,0.902
3,2,0.573
3,2,0.859
3,2,0.847
3,2,0.349
3,3,0.876
3,3,0.86
3,3,0.555
3,3,0.931
3,3,0.579
3,3,1.197
3,3,0.778
3,3,0.383
3,3,0.127
3,3,0.394
3,3,0.613
3,3,1.036
3,3,1.776
3,3,0.551
3,3,1.203
3,3,0.282
3,3,0.215
3,3,0.544
3,3,1.196
3,3,0.366
3,3,0.374
3,3,0.44
3,3,0.012
3,3,0.779
3,3,0.026
3,3,0.061
3,3,0.67
3,3,0.841
3,3,0.12
3,3,0.005
3,3,0.464
3,3,0.176
3,3,1.321
3,3,1.728
3,3,1.006
3,3,1.441
3,3,1.324
3,3,1.066
3,3,0.404
3,3,0.663
3,4,1.623
3,4,0.039
3,4,0.259
3,4,0.513
3,4,0.44
3,4,1.193
3,4,0.454
3,4,0.122
3,4,0.463
3,4,0.665
3,4,1.195
3,4,0.608
3,4,0.798
3,4,0.315
3,4,0.421
3,4,1.132
3,4,0.793
3,4,0.046
3,4,0.482
3,4,1.305
3,4,0.345
3,4,1.326
3,4,0.126
3,4,0.445
3,4,0.409
3,4,0.763
3,4,1.086
3,4,0.165
3,4,0.567
3,4,0.366
3,4,0.751
3,4,2.087
3,4,1.024
3,4,0.354
3,4,0.431
3,4,0.762
3,4,0.548
3,4,1.451
3,4,0.076
3,5,0.536
3,5,0.549
3,5,0.548
3,5,0.396
3,5,0.691
3,5,0.048
3,5,0.773
3,5,0.021
3,5,0.093
3,5,0.006
3,5,0.742
3,5,0.059
3,5,1.148
3,5,0.839
3,5,0.807
3,5,0.032
3,5,0.894
3,5,0.067
3,5,0.906
3,5,0.397
3,5,0.466
3,5,1.37
3,5,0.468
3,5,0.588
3,5,0.013
3,5,0.679
3,5,0.517
3,5,0.026
3,5,0.673
3,5,0.698
3,5,0.684
3,5,0.467
3,5,0.779
3,5,1.002
3,5,1.623
3,5,0.597
3,5,0.933
3,5,0.439
3,5,0.009
3,5,1.85
3,5,0.679
3,6,0.709
3,6,0.053
3,6,1.22
3,6,0.167
3,6,0.146
3,6,0.412
3,6,1.105
3,6,0.038
3,6,0.012
3,6,0.977
3,6,0.452
3,6,0.535
3,6,1.084
3,6,0.392
3,6,1.03
3,6,0.572
3,6,1.401
3,6,0.52
3,6,0.562
3,6,0.343
3,6,1.153
3,6,1.238
3,6,0.355
3,6,1.136
3,6,0.581
3,6,0.035
3,6,0.461
3,6,0.535
3,6,1.122
3,6,0.598
3,6,0.671
3,6,0.893
3,6,1.157
3,6,0.702
3,6,0.033
3,6,0.6
3,6,0.529
3,6,0.009
3,6,0.465
3,6,0.817
3,6,0.399
3,6,0.338
3,6,0.612
3,6,0.353
3,6,0.403
3,7,0.553
3,7,0.44
3,7,0.721
3,7,0.485
3,7,0.509
3,7,0.587
3,7,0.84
3,7,0.6
3,7,0.92
3,7,0.698
3,7,0.485
3,7,0.226
3,7,0.897
3,7,0.558
3,7,0.966
3,7,0.538
3,7,0.156
3,7,0.619
3,7,0.892
3,7,0.021
3,7,0.03
3,7,0.512
3,7,0.365
3,7,0.017
3,7,0.59
3,7,0.952
3,7,0.016
3,7,0.227
3,7,0.653
3,7,1.199
3,7,0.851
3,7,0.09
3,7,0.77
3,7,1.069
3,7,0.022
3,7,0.546
3,7,0.013
3,7,0.056
3,7,0.393
3,7,0.132
3,7,0.676
3,7,0.659
3,7,0.423
3,8,0.968
3,8,0.717
3,8,0.161
3,8,0.083
3,8,1.138
3,8,0.11
3,8,0.476
3,8,0.323
3,8,0.086
3,8,0.13
3,8,0.035
3,8,0.178
3,8,0.03
3,8,0.101
3,8,0.57
3,8,0.61
3,8,0.487
3,8,0.401
3,8,0.323
3,8,0.734
3,8,0.47
3,8,0.103
3,8,0.441
3,8,0.106
3,8,0.049
3,8,0.321
3,8,0.044
3,8,1.162
3,8,0.643
3,8,0.758
3,8,0.646
3,8,0.134
3,8,0.008
3,8,0.088
3,8,0.784
3,8,0.871
3,8,0.541
3,8,0.354
3,8,0.737
3,8,0.031
3,8,0.498
3,8,0.715
3,8,0.786
3,8,0.013
3,8,0.468
3,9,1.259
3,9,0.055
3,9,0.605
3,9,0.728
3,9,0.496
3,9,0.934
3,9,0.669
3,9,0.435
3,9,0.085
3,9,0.105
3,9,0.421
3,9,0.293
3,9,1.102
3,9,0.471
3,9,0.049
3,9,0.563
3,9,0.554
3,9,0.759
3,9,0.569
3,9,0.743
3,9,0.912
3,9,0.299
3,9,0.096
3,9,0.381
3,9,0.35
3,9,0.652
3,9,1.365
3,9,0.041
3,9,0.686
3,9,0.026
3,9,0.919
3,9,0.049
3,9,0.735
3,9,0.027
3,9,0.036
3,10,0.778
3,10,0.576
3,10,0.027
3,10,0.086
3,10,0.391
3,10,0.416
3,10,0.114
3,10,0.647
3,10,0.594
3,10,0.74
3,10,0.05
3,10,0.043
3,10,0.046
3,10,0.442
3,10,0.847
3,10,0.032
3,10,0.516
3,10,0.531
3,10,0.07
3,10,1.343
3,10,1.048
3,10,0.612
3,10,0.107
3,10,0.01
3,10,0.173
3,10,0.258
3,10,0.237
3,10,0.023
3,10,0.02
3,10,0.608
3,10,0.919
3,10,0.643
3,10,0.626
3,10,0.845
3,10,0.481
3,10,0.387
3,10,0.397
3,10,0.068
3,10,0.83
3,10,0.242
3,10,1.135
3,10,0.006
3,10,0.809
3,10,0.9
3,10,0.825
3,10,0.039
3,10,0.658
3,10,0.68
3,10,0.077
3,11,1.678
3,11,1.07
3,11,0.636
3,11,0.649
3,11,0.514
3,11,0.038
3,11,0.052
3,11,1.032
3,11,0.069
3,11,0.065
3,11,0.031
3,11,0.389
3,11,0.826
3,11,0.009
3,11,0.008
3,11,0.073
3,11,0.755
3,11,0.745
3,11,0.723
3,11,0.693
3,11,0.132
3,11,1.195
3,11,0.414
3,11,1.214
3,11,1.035
3,11,0.734
3,11,0.069
3,11,0.034
3,11,0.034
3,11,0.592
3,11,0.237
3,11,0.149
3,11,0.84
3,11,0.689
3,11,0.739
3,11,0.023
3,11,0.303
3,11,0.808
3,12,1.147
3,12,0.581
3,12,0.057
3,12,0.139
3,12,0.029
3,12,0.01
3,12,0.44
3,12,0.807
3,12,0.679
3,12,0.665
3,12,0.037
3,12,0.586
3,12,0.884
3,12,0.153
3,12,0.465
3,12,0.34
3,12,0.58
3,12,0.452
3,12,1.551
3,12,1.043
3,12,0.103
3,12,0.078
3,12,0.569
3,12,0.011
3,12,0.644
3,12,1.066
3,12,1.072
3,12,0.287
3,12,0.032
3,12,0.761
3,12,0.692
3,12,0.08
3,12,0.42
3,12,0.783
3,12,0.061
3,13,0.257
3,13,0.369
3,13,0.053
3,13,0.14
3,13,0.91
3,13,0.813
3,13,0.059
3,13,0.114
3,13,0.371
3,13,1.146
3,13,0.084
3,13,0.059
3,13,0.283
3,13,0.066
3,13,1.136
3,13,0.556
3,13,0.962
3,13,0.031
3,13,0.053
3,13,0.638
3,13,0.051
3,13,0.945
3,13,0.149
3,13,0.292
3,13,0.358
3,13,0.026
3,13,0.575
3,13,0.092
3,13,0.053
3,13,0.321
3,13,0.029
3,13,0.049
3,13,0.076
3,13,0.032
3,13,0.458
3,13,0.334
3,13,1.533
3,13,0.312
3,13,0.048
3,14,0.619
3,14,0.052
3,14,0.126
3,14,0.515
3,14,0.459
3,14,0.721
3,14,0.027
3,14,0.009
3,14,0.096
3,14,0.143
3,14,0.034
3,14,0.624
3,14,0.193
3,14,0.755
3,14,0.023
3,14,2.24
3,14,1.248
3,14,0.546
3,14,0.062
3,14,0.033
3,14,0.087
3,14,0.021
3,14,1.096
3,14,0.116
3,14,0.476
3,14,0.635
3,14,0.941
3,14,0.674
3,14,1.127
3,14,0.443
3,14,0.785
3,14,0.461
3,14,0.066
3,14,0.019
3,14,0.576
3,14,0.529
3,14,0.016
3,14,0.034
3,14,0.405
3,14,1.442
3,14,0.041
3,15,0.768
3,15,0.675
3,15,0.051
3,15,0.039
3,15,0.302
3,15,0.04
3,15,0.455
3,15,0.555
3,15,0.08
3,15,0.107
3,15,1.043
3,15,0.072
3,15,0.354
3,15,0.03
3,15,0.303
3,15,0.328
3,15,0.027
3,15,0.06
3,15,0.036
3,15,0.017
3,15,0.138
3,15,0.406
3,15,0.561
3,15,0.498
3,15,0.067
3,15,0.02
3,15,0.044
3,15,0.4
3,15,0.97
3,15,0.068
3,16,0.366
3,16,0.025
3,16,0.754
3,16,0.877
3,16,1.298
3,16,0.076
3,16,0.388
3,16,0.206
3,16,0.137
3,16,0.074
3,16,0.117
3,16,0.498
3,16,0.512
3,16,0.855
3,16,0.156
3,16,0.075
3,16,0.005
3,16,0.717
3,16,0.329
3,16,0.08
3,16,0.051
3,16,0.018
3,16,0.927
3,16,0.699
3,16,0.058
3,16,0.043
3,16,0.614
3,16,0.036
3,16,0.134
3,16,0.741
3,16,0.141
3,16,0.48
3,16,0.076
3,16,0.264
3,16,0.272
3,16,0.548
3,16,0.857
3,16,0.007
3,16,0.055
3,16,1.145
3,16,0.525
3,16,0.464
3,16,0.649
3,17,0.645
3,17,0.061
3,17,0.1
3,17,0.344
3,17,0.032
3,17,0.648
3,17,0.032
3,17,0.887
3,17,0.066
3,17,0.059
3,17,0.866
3,17,0.023
3,17,0.226
3,17,0.077
3,17,0.347
3,17,0.033
3,17,0.184
3,17,0.461
3,17,0.824
3,17,0.071
3,17,1.277
3,17,0.015
3,17,0.008
3,17,0.912
3,17,0.061
3,17,0.027
3,17,1.653
3,17,0.035
3,17,0.672
3,17,0.127
3,17,0.014
3,17,1.133
3,17,0.739
3,17,0.207
3,17,0.868
3,17,0.028
3,17,0.818
3,17,0.069
3,17,0.532
3,17,0.02
3,17,0.071
3,17,0.781
3,17,0.152
3,17,0.389
3,18,0.364
3,18,0.336
3,18,0.084
3,18,0.015
3,18,0.024
3,18,0.078
3,18,0.122
3,18,0.032
3,18,0.097
3,18,0.04
3,18,0.014
3,18,0.548
3,18,0.232
3,18,0.087
3,18,0.11
3,18,0.078
3,18,0.044
3,18,0.043
3,18,0.829
3,18,1.106
3,18,0.091
3,18,0.026
3,18,0.042
3,18,0.01
3,18,0.056
3,18,0.194
3,18,0.127
3,18,0.071
3,18,0.02
3,18,0.475
3,18,0.451
3,18,0.416
3,18,0.004
3,18,0.755
3,18,0.377
3,18,0.357
3,18,0.042
3,18,0.029
3,18,0.017
3,18,0.147
3,19,0.185
3,19,0.023
3,19,0.032
3,19,0.369
3,19,0.793
3,19,0.231
3,19,0.784
3,19,0.064
3,19,0.355
3,19,0.085
3,19,0.484
3,19,0.066
3,19,0.041
3,19,0.019
3,19,0.921
3,19,0.063
3,19,0.428
3,19,0.134
3,19,1.068
3,19,0.847
3,19,0.028
3,19,0.035
3,19,0.312
3,19,0.631
3,19,0.758
3,19,0.182
3,19,0.018
3,19,1.155
3,19,0.838
3,19,0.026
3,19,0.074
3,19,0.073
3,19,0.584
3,19,0.953
3,19,0.054
3,20,0.93
3,20,0.061
3,20,0.29
3,20,0.054
3,20,0.526
3,20,0.069
3,20,1.054
3,20,0.023
3,20,0.036
3,20,0.259
3,20,0.035
3,20,0.071
3,20,0.605
3,20,0.427
3,20,0.05
3,20,0.263
3,20,0.012
3,20,0.295
3,20,0.026
3,20,0.633
3,20,0.933
3,20,0.066
3,20,0.068
3,20,0.059
3,20,0.053
3,20,0.132
3,20,0.115
3,20,0.209
3,20,0.072
3,20,0.252
3,20,0.424
3,20,0.259
3,20,0.354
3,20,0.144
3,20,0.145
3,20,0.132
3,20,0.894
3,20,0.302
3,20,0.711
3,20,0.044
3,20,1.003
3,20,1.573
3,21,0.124
3,21,0.034
3,21,0.006
3,21,0.545
3,21,0.087
3,21,0.495
3,21,0.062
3,21,0.114
3,21,1.26
3,21,0.203
3,21,0.131
3,21,0.026
3,21,0.377
3,21,0.072
3,21,1.006
3,21,0.81
3,21,1.006
3,21,0.624
3,21,0.094
3,21,0.406
3,21,1.054
3,21,0.519
3,21,0.601
3,21,1.61
3,21,0.754
3,21,1.688
3,21,0.512
3,21,0.021
3,21,0.233
3,21,0.099
3,21,0.513
3,21,0.304
3,21,0.885
3,21,0.007
3,21,0.012
3,21,0.012
3,21,0.042
3,21,0.908
3,21,0.089
3,22,0.01
3,22,0.084
3,22,0.01
3,22,0.059
3,22,1.423
3,22,0.007
3,22,0.016
3,22,0.413
3,22,0.036
3,22,0.647
3,22,0.02
3,22,0.182
3,22,0.446
3,22,0.55
3,22,0.873
3,22,0.052
3,22,1.046
3,22,0.515
3,22,0.072
3,22,0.256
3,22,0.128
3,22,0.114
3,22,0.014
3,22,0.085
3,22,1.349
3,22,0.652
3,22,0.05
3,22,0.527
3,22,0.645
3,22,0.944
3,22,0.023
3,22,0.067
3,22,0.108
3,22,0.091
3,22,0.136
3,23,0.031
3,23,0.01
3,23,0.078
3,23,0.466
3,23,0.041
3,23,0.461
3,23,0.033
3,23,0.022
3,23,0.204
3,23,0.126
3,23,0.087
3,23,0.079
3,23,0.526
3,23,0.311
3,23,0.044
3,23,0.034
3,23,1.525
3,23,0.08
3,23,0.056
3,23,0.52
3,23,0.039
3,23,0.08
3,23,0.176
3,23,0.048
3,23,1.173
3,23,0.314
3,23,0.147
3,23,1.5
3,23,0.126
3,23,0.047
3,23,0.845
3,24,0.401
3,24,0.04
3,24,0.079
3,24,0.366
3,24,0.107
3,24,0.389
3,24,0.069
3,24,1.136
3,24,0.04
3,24,0.617
3,24,1.304
3,24,1.114
3,24,0.076
3,24,0.545
3,24,0.006
3,24,0.112
3,24,1.108
3,24,0.867
3,24,0.109
3,24,0.107
3,24,0.033
3,24,0.95
3,24,0.068
3,24,1.085
3,24,0.127
3,24,0.119
3,24,0.678
3,24,1.127
3,24,0.034
3,25,0.026
3,25,0.259
3,25,0.041
3,25,0.43
3,25,0.235
3,25,0.044
3,25,0.951
3,25,1.037
3,25,0.065
3,25,0.836
3,25,0.49
3,25,0.051
3,25,1.185
3,25,0.097
3,25,0.013
3,25,0.174
3,25,0.345
3,25,0.752
3,25,0.252
3,25,0.568
3,25,0.865
3,25,0.126
3,25,0.245
3,25,0.026
3,25,0.32
3,25,0.016
3,25,0.016
3,25,0.038
3,25,0.038
3,25,0.067
3,25,0.077
3,25,1.124
3,25,0.018
3,25,1.55
3,25,0.074
3,26,0.044
3,26,0.342
3,26,0.453
3,26,0.328
3,26,0.046
3,26,1.184
3,26,0.424
3,26,0.011
3,26,1.351
3,26,0.096
3,26,0.057
3,26,0.029
3,26,0.101
3,26,0.084
3,26,0.662
3,26,0.068
3,26,0.098
3,26,0.818
3,26,0.246
3,26,0.134
3,26,0.086
3,26,0.036
3,26,0.108
3,26,0.042
3,26,0.17
3,26,0.027
3,26,0.048
3,26,0.085
3,26,0.073
3,26,0.038
3,26,0.168
3,26,0.072
3,26,0.015
3,26,0.014
3,27,0.646
3,27,0.198
3,27,0.136
3,27,0.489
3,27,1.345
3,27,0.083
3,27,1.069
3,27,0.082
3,27,0.268
3,27,0.639
3,27,0.606
3,27,0.412
3,27,0.034
3,27,0.979
3,27,0.026
3,27,0.223
3,27,0.161
3,27,0.444
3,27,0.278
3,27,0.592
3,27,0.06
3,28,0.04
3,28,0.053
3,28,0.027
3,28,0.07
3,28,0.063
3,28,0.275
3,28,0.665
3,28,0.128
3,28,0.847
3,28,0.03
3,28,0.583
3,28,1.03
3,28,0.057
3,28,0.035
3,28,1.218
3,28,0.018
3,28,1.244
3,28,0.878
3,28,0.66
3,28,0.041
3,28,0.012
3,28,0.078
3,28,0.023
3,28,0.06
3,28,0.041
3,28,0.187
3,28,0.236
3,28,0.142
3,28,0.717
3,28,0.663
3,28,0.293
3,28,0.151
3,28,0.033
3,28,0.013
3,28,0.026
3,28,0.109
3,28,0.032
3,28,0.038
3,29,0.005
3,29,0.649
3,29,0.294
3,29,1.09
3,29,0.013
3,29,0.351
3,29,0.004
3,29,0.027
3,29,0.066
3,29,0.174
3,29,0.103
3,29,0.124
3,29,0.531
3,29,0.193
3,29,0.789
3,29,0.382
3,29,0.597
3,29,1.257
3,29,1.364
3,29,0.055
3,29,0.026
3,29,0.017
3,29,0.664
3,29,0.072
3,29,0.783
3,29,0.039
3,29,0.396
3,29,0.075
3,29,0.622
3,29,0.263
3,29,0.795
3,29,0.345
3,29,0.523
3,29,0.165
3,29,0.041
3,29,0.752
3,29,0.096
3,29,0.014
3,30,0.139
3,30,0.575
3,30,0.189
3,30,0.091
3,30,0.005
3,30,0.502
3,30,0.007
3,30,0.089
3,30,0.058
3,30,0.093
3,30,0.964
3,30,0.761
3,30,0.571
3,30,1.065
3,30,0.095
3,30,0.019
3,30,0.009
3,30,0.463
3,30,0.372
3,30,0.143
3,30,0.076
3,30,0.05
3,30,0.419
3,30,0.021
3,30,0.126
3,30,0.059
3,30,0.058
3,30,0.009
3,30,0.665
3,30,0.014
3,30,0.067
3,30,0.047
3,30,0.053
3,30,0.184
3,30,1.032
3,30,0.032
3,30,0.059
3,30,0.064
4,1,1.906
4,1,1.427
4,1,1.824
4,1,0.592
4,1,0.634
4,1,2.057
4,1,1.296
4,1,1.252
4,1,2.019
4,1,2.295
4,1,1.335
4,1,0.547
4,1,1.365
4,1,1.027
4,1,1.163
4,1,1.114
4,1,1.359
4,1,1.33
4,1,1.83
4,1,0.895
4,1,1.683
4,1,1.577
4,1,1.179
4,1,1.171
4,1,0.851
4,1,1.044
4,1,1.43
4,1,1.047
4,1,0.678
4,1,1.619
4,1,1.916
4,1,2.248
4,1,1.749
4,1,0.784
4,1,1.704
4,1,1.464
4,1,1.18
4,1,1.611
4,1,0.88
4,1,1.861
4,1,0.293
4,1,0.919
4,1,1.7
4,1,1.232
4,1,1.9
4,2,1.529
4,2,0.33
4,2,0.874
4,2,1.002
4,2,0.836
4,2,1.623
4,2,0.711
4,2,0.998
4,2,1.422
4,2,0.529
4,2,1.293
4,2,0.477
4,2,1.914
4,2,0.671
4,2,0.971
4,2,1.404
4,2,0.42
4,2,1.048
4,2,0.084
4,2,0.919
4,2,0.45
4,2,0.485
4,2,1.094
4,2,1.417
4,2,1.333
4,2,0.18
4,2,1.271
4,2,0.007
4,2,1.312
4,2,0.89
4,2,0.683
4,2,1.442
4,2,1.098
4,2,0.186
4,2,0.775
4,2,1.851
4,2,1.302
4,2,1.386
4,2,0.82
4,3,0.049
4,3,1.039
4,3,0.746
4,3,1.565
4,3,0.754
4,3,0.712
4,3,0.831
4,3,0.85
4,3,0.287
4,3,1.287
4,3,0.793
4,3,0.933
4,3,0.535
4,3,1.155
4,3,0.916
4,3,1.076
4,3,1.414
4,3,0.055
4,3,0.711
4,3,1.251
4,3,1.002
4,3,0.567
4,3,0.608
4,3,0.541
4,3,0.597
4,3,1.003
4,3,0.168
4,3,1.686
4,3,0.44
4,3,0.747
4,3,0.025
4,3,0.821
4,3,0.656
4,3,0.816
4,3,1.834
4,3,0.653
4,3,0.917
4,3,1.388
4,3,1.333
4,3,1.014
4,4,0.106
4,4,0.902
4,4,0.604
4,4,0.803
4,4,0.027
4,4,0.584
4,4,1.053
4,4,0.506
4,4,0.996
4,4,0.38
4,4,0.123
4,4,0.398
4,4,0.133
4,4,0.805
4,4,0.435
4,4,1.064
4,4,0.416
4,4,0.687
4,4,0.499
4,4,0.913
4,4,0.801
4,4,1.22
4,4,0.07
4,4,0.035
4,4,0.034
4,4,0.81
4,4,0.718
4,4,1.361
4,4,0.861
4,4,0.683
4,4,1.072
4,4,1.772
4,4,1.551
4,4,1.027
4,4,1.536
4,4,0.995
4,4,1.82
4,4,2.119
4,4,2.266
4,4,0.871
4,5,1.68
4,5,0.736
4,5,1.104
4,5,0.631
4,5,0.062
4,5,0.817
4,5,0.791
4,5,1.26
4,5,0.096
4,5,0.856
4,5,0.597
4,5,2.006
4,5,0.719
4,5,1.688
4,5,0.907
4,5,0.185
4,5,0.233
4,5,0.865
4,5,0.796
4,5,0.693
4,5,1.21
4,5,0.528
4,5,0.91
4,5,1.484
4,5,0.875
4,5,0.64
4,5,0.593
4,5,0.675
4,5,0.803
4,5,1.255
4,5,0.097
4,5,0.052
4,5,0.281
4,5,1.461
4,5,0.307
4,5,0.013
4,5,0.983
4,5,1.446
4,6,0.421
4,6,0.34
4,6,0.069
4,6,0.022
4,6,0.742
4,6,0.089
4,6,1.47
4,6,0.843
4,6,1.613
4,6,0.675
4,6,0.241
4,6,0.642
4,6,0.379
4,6,0.805
4,6,0.767
4,6,0.83
4,6,0.214
4,6,0.818
4,6,1.009
4,6,1.535
4,6,1.875
4,6,0.249
4,6,1.2
4,6,0.488
4,6,0.024
4,6,1.12
4,6,0.722
4,6,0.131
4,6,0.781
4,6,0.729
4,6,0.809
4,6,0.899
4,6,1.044
4,6,1.234
4,6,0.549
4,6,0.761
4,6,0.859
4,7,0.158
4,7,0.493
4,7,0.031
4,7,0.364
4,7,1.01
4,7,0.923
4,7,0.392
4,7,0.537
4,7,0.546
4,7,0.297
4,7,0.694
4,7,1.088
4,7,0.451
4,7,0.725
4,7,1.428
4,7,0.619
4,7,0.071
4,7,1.07
4,7,0.423
4,7,1.348
4,7,0.165
4,7,0.852
4,7,0.798
4,7,0.022
4,7,0.867
4,7,0.747
4,7,0.012
4,7,0.681
4,7,1.98
4,7,0.046
4,7,1.377
4,7,0.553
4,7,0.084
4,7,0.984
4,7,0.848
4,7,1.191
4,7,0.877
4,7,1.105
4,7,1.161
4,8,0.329
4,8,0.466
4,8,0.05
4,8,0.679
4,8,0.521
4,8,0.968
4,8,0.85
4,8,0.098
4,8,0.653
4,8,0.038
4,8,0.536
4,8,0.87
4,8,0.077
4,8,1.788
4,8,0.886
4,8,0.619
4,8,0.038
4,8,0.406
4,8,0.724
4,8,0.199
4,8,0.092
4,8,0.928
4,8,1.436
4,8,0.435
4,8,0.081
4,8,0.036
4,8,0.169
4,8,0.323
4,8,0.738
4,8,0.856
4,8,0.054
4,8,0.93
4,8,1.313
4,8,0.709
4,8,0.971
4,9,0.066
4,9,1.022
4,9,0.674
4,9,0.266
4,9,0.014
4,9,0.685
4,9,0.25
4,9,0.693
4,9,0.602
4,9,0.165
4,9,0.157
4,9,0.065
4,9,1.63
4,9,0.341
4,9,1.075
4,9,0.362
4,9,0.096
4,9,0.836
4,9,0.528
4,9,0.054
4,9,0.476
4,9,0.014
4,9,1.165
4,9,1.211
4,9,0.277
4,9,0.25
4,9,0.048
4,9,0.979
4,9,0.07
4,9,0.871
4,9,0.894
4,9,0.912
4,10,0.137
4,10,0.964
4,10,1.004
4,10,0.052
4,10,0.035
4,10,0.013
4,10,0.049
4,10,0.734
4,10,0.027
4,10,0.274
4,10,0.537
4,10,0.065
4,10,0.799
4,10,0.741
4,10,0.704
4,10,0.411
4,10,0.064
4,10,0.068
4,10,0.982
4,10,0.033
4,10,0.031
4,10,1.113
4,10,0.087
4,10,0.992
4,10,0.439
4,10,0.586
4,10,0.014
4,10,0.255
4,10,0.016
4,10,0.956
4,10,0.313
4,10,0.016
4,10,0.073
4,10,0.217
4,10,0.337
4,10,0.009
4,10,0.122
4,10,0.111
4,11,1.127
4,11,0.658
4,11,0.717
4,11,1.044
4,11,0.046
4,11,0.588
4,11,1.712
4,11,0.062
4,11,0.064
4,11,0.8
4,11,0.119
4,11,0.015
4,11,0.066
4,11,0.712
4,11,0.003
4,11,0.564
4,11,0.969
4,11,0.573
4,11,1.894
4,11,0.749
4,11,0.925
4,11,0.658
4,11,0.058
4,11,0.432
4,11,0.878
4,11,0.085
4,11,0.162
4,11,0.419
4,11,1.28
4,11,0.028
4,11,0.935
4,11,0.357
4,11,0.038
4,12,0.184
4,12,1.047
4,12,0.194
4,12,0.566
4,12,0.144
4,12,0.52
4,12,0.2
4,12,1.618
4,12,0.563
4,12,1.733
4,12,0.507
4,12,0.669
4,12,0.111
4,12,1.89
4,12,0.059
4,12,0.039
4,12,0.85
4,12,0.031
4,12,0.401
4,12,1.507
4,12,0.998
4,12,0.778
4,12,0.696
4,12,0.698
4,12,0.815
4,12,0.066
4,12,0.145
4,12,1.106
4,12,0.053
4,12,0.019
4,12,1.049
4,12,0.415
4,12,0.529
4,12,0.26
4,12,0.5
4,12,0.456
4,12,1.459
4,12,0.101
4,12,0.059
4,12,0.069
4,12,0.181
4,12,1.154
4,12,0.943
4,12,0.014
4,13,0.048
4,13,0.004
4,13,1.65
4,13,0.669
4,13,0.008
4,13,0.011
4,13,0.039
4,13,1.082
4,13,0.562
4,13,0.937
4,13,0.905
4,13,0.052
4,13,0.045
4,13,0.544
4,13,1.076
4,13,0.682
4,13,0.506
4,13,0.46
4,13,1.139
4,13,0.027
4,13,0.94
4,13,0.021
4,13,0.625
4,13,0.793
4,13,0.762
4,13,0.535
4,13,0.057
4,13,0.488
4,13,0.086
4,13,0.203
4,13,0.158
4,13,1.31
4,13,0.509
4,13,0.952
4,13,0.071
4,13,0.901
4,13,0.708
4,14,0.72
4,14,0.345
4,14,0.165
4,14,0.047
4,14,0.055
4,14,0.58
4,14,0.966
4,14,0.056
4,14,0.137
4,14,0.763
4,14,0.884
4,14,0.046
4,14,1.03
4,14,0.047
4,14,1.112
4,14,0.041
4,14,0.342
4,14,0.239
4,14,0.381
4,14,0.567
4,14,0.005
4,14,0.097
4,14,0.854
4,14,0.558
4,14,0.53
4,14,0.509
4,14,1.342
4,14,0.061
4,14,1.003
4,14,0.45
4,14,0.056
4,14,0.281
4,14,1.254
4,14,0.022
4,14,0.724
4,14,0.472
4,14,0.066
4,14,0.086
4,14,0.039
4,14,0.08
4,14,0.873
4,14,0.012
4,14,0.35
4,14,0.014
4,14,0.064
4,14,0.235
4,15,0.022
4,15,0.011
4,15,0.475
4,15,0.012
4,15,0.038
4,15,0.906
4,15,0.041
4,15,0.073
4,15,0.092
4,15,0.08
4,15,0.064
4,15,1.502
4,15,0.321
4,15,0.273
4,15,1.022
4,15,0.738
4,15,0.046
4,15,0.25
4,15,0.573
4,15,0.016
4,15,0.065
4,15,0.026
4,15,0.916
4,15,1.391
4,15,0.445
4,15,0.052
4,15,0.104
4,15,0.425
4,15,0.265
4,15,0.043
4,15,0.05
4,15,0.039
4,15,0.181
4,15,0.674
4,15,0.076
4,15,0.136
4,15,0.363
4,15,0.974
4,15,0.047
4,15,0.062
4,16,0.632
4,16,0.056
4,16,0.096
4,16,0.423
4,16,0.578
4,16,0.047
4,16,0.054
4,16,0.987
4,16,0.088
4,16,0.011
4,16,0.129
4,16,0.477
4,16,0.033
4,16,0.282
4,16,0.006
4,16,1.027
4,16,0.038
4,16,0.094
4,16,0.174
4,16,0.107
4,16,0.327
4,16,1.222
4,16,0.612
4,16,0.062
4,16,0.077
4,16,2.405
4,16,0.035
4,16,0.091
4,16,0.634
4,16,0.027
4,16,0.91
4,16,0.421
4,16,0.008
4,16,0.072
4,16,0.02
4,16,0.02
4,16,0.432
4,16,0.422
4,16,0.064
4,16,0.039
4,16,1.27
4,16,1.21
4,16,0.121
4,16,0.067
4,16,0.371
4,17,0.263
4,17,0.331
4,17,0.883
4,17,0.515
4,17,0.014
4,17,0.341
4,17,0.125
4,17,1.041
4,17,0.338
4,17,0.074
4,17,0.809
4,17,0.007
4,17,0.326
4,17,1.236
4,17,0.069
4,17,0.923
4,17,0.025
4,17,0.808
4,17,0.102
4,17,0.697
4,17,0.998
4,17,0.045
4,17,0.604
4,17,0.614
4,17,0.079
4,17,0.104
4,17,0.809
4,17,0.029
4,17,0.007
4,17,1.21
4,17,0.11
4,17,0.578
4,17,0.041
4,17,1.475
4,17,0.975
4,17,0.088
4,17,0.469
4,17,0.025
4,17,0.121
4,17,0.115
4,17,0.7
4,17,0.345
4,18,0.463
4,18,0.088
4,18,0.548
4,18,0.926
4,18,0.059
4,18,0.672
4,18,0.156
4,18,0.02
4,18,0.57
4,18,0.692
4,18,0.544
4,18,0.489
4,18,0.01
4,18,0.268
4,18,0.205
4,18,0.058
4,18,0.969
4,18,0.778
4,18,0.472
4,18,0.008
4,18,1.104
4,18,0.518
4,18,0.44
4,18,0.105
4,18,0.046
4,18,0.131
4,18,0.043
4,18,0.019
4,18,0.031
4,18,0.017
4,18,0.07
4,18,1.041
4,18,0.023
4,18,0.08
4,18,0.2
4,18,0.185
4,18,0.114
4,18,0.045
4,18,0.052
4,18,0.603
4,19,0.582
4,19,0.67
4,19,0.995
4,19,0.373
4,19,0.053
4,19,0.386
4,19,1.025
4,19,0.985
4,19,0.843
4,19,1.239
4,19,0.054
4,19,0.77
4,19,0.528
4,19,0.026
4,19,1.106
4,19,0.796
4,19,0.329
4,19,0.371
4,19,0.928
4,19,0.766
4,19,0.11
4,19,0.012
4,19,0.088
4,19,0.505
4,19,0.514
4,19,0.841
4,19,0.076
4,19,0.118
4,19,0.399
4,19,0.702
4,19,0.037
4,19,0.088
4,19,0.729
4,19,0.036
4,19,0.035
4,19,0.097
4,19,0.074
4,20,0.647
4,20,0.02
4,20,0.726
4,20,0.05
4,20,0.881
4,20,0.14
4,20,0.181
4,20,0.818
4,20,0.354
4,20,1.289
4,20,0.627
4,20,1.038
4,20,0.685
4,20,0.469
4,20,2.137
4,20,0.023
4,20,0.407
4,20,0.012
4,20,0.046
4,20,0.778
4,20,0.987
4,20,0.615
4,20,0.042
4,20,0.602
4,20,0.078
4,20,0.022
4,20,0.032
4,20,0.505
4,20,0.556
4,20,1.076
4,20,0.545
4,20,0.128
4,20,0.394
4,20,0.043
4,20,1.916
4,20,0.561
4,20,0.048
4,20,0.193
4,20,1.142
4,20,0.416
4,20,0.996
4,21,0.038
4,21,0.41
4,21,0.038
4,21,0.322
4,21,0.035
4,21,0.348
4,21,0.022
4,21,0.333
4,21,0.023
4,21,0.147
4,21,0.149
4,21,0.083
4,21,0.514
4,21,0.05
4,21,0.046
4,21,0.026
4,21,0.019
4,21,0.455
4,21,1.235
4,21,0.073
4,21,0.38
4,21,1.231
4,21,0.368
4,21,0.04
4,21,0.066
4,21,0.129
4,21,0.816
4,21,0.059
4,21,0.303
4,21,0.8
4,21,0.022
4,21,0.075
4,21,0.046
4,21,0.013
4,21,0.04
4,21,0.047
4,21,0.446
4,21,1.206
4,21,0.039
4,21,0.036
4,21,0.037
4,22,0.695
4,22,0.59
4,22,0.905
4,22,0.655
4,22,0.069
4,22,0.555
4,22,0.017
4,22,0.03
4,22,0.244
4,22,0.005
4,22,0.084
4,22,0.705
4,22,0.06
4,22,0.612
4,22,0.014
4,22,0.049
4,22,0.006
4,22,0.007
4,22,0.569
4,22,0.688
4,22,0.09
4,22,0.829
4,22,0.022
4,22,0.267
4,22,0.804
4,22,0.005
4,22,0.04
4,22,1.047
4,22,0.152
4,22,0.972
4,22,1.052
4,22,0.043
4,22,0.536
4,22,0.046
4,22,0.053
4,22,0.776
4,22,0.085
4,22,0.597
4,22,0.263
4,22,0.003
4,22,0.017
4,22,0.023
4,23,0.935
4,23,0.392
4,23,0.066
4,23,0.02
4,23,0.041
4,23,0.199
4,23,0.124
4,23,0.219
4,23,0.036
4,23,0.118
4,23,0.011
4,23,0.012
4,23,0.049
4,23,0.082
4,23,0.007
4,23,0.163
4,23,0.82
4,23,0.714
4,23,0.878
4,23,0.178
4,23,1.506
4,23,0.957
4,23,0.71
4,23,0.008
4,23,0.025
4,23,0.787
4,23,0.669
4,23,0.459
4,23,0.124
4,23,0.1
4,23,0.946
4,23,0.508
4,23,0.195
4,23,0.634
4,23,0.028
4,23,0.093
4,23,1.521
4,23,0.075
4,24,0.107
4,24,0.032
4,24,0.08
4,24,0.193
4,24,0.51
4,24,0.055
4,24,0.436
4,24,0.31
4,24,0.05
4,24,0.345
4,24,0.018
4,24,0.112
4,24,0.67
4,24,0.233
4,24,0.031
4,24,0.575
4,24,0.072
4,24,0.506
4,24,0.447
4,24,1.001
4,24,0.93
4,24,0.046
4,24,0.012
4,24,0.031
4,24,0.622
4,24,0.061
4,24,0.411
4,24,0.275
4,24,1.479
4,24,0.034
4,24,0.006
4,24,0.024
4,24,0.025
4,24,2.034
4,24,0.216
4,25,0.897
4,25,0.725
4,25,0.256
4,25,1.288
4,25,0.036
4,25,0.366
4,25,0.028
4,25,0.051
4,25,0.044
4,25,0.067
4,25,0.01
4,25,0.01
4,25,1.352
4,25,0.036
4,25,0.089
4,25,0.016
4,25,0.019
4,25,0.024
4,25,0.007
4,25,0.92
4,25,0.049
4,25,0.914
4,25,0.087
4,25,0.324
4,25,0.357
4,25,0.183
4,25,0.103
4,25,0.096
4,25,0.065
4,25,0.637
4,25,0.893
4,25,0.047
4,25,1.905
4,25,0.027
4,25,0.115
4,25,0.776
4,26,0.041
4,26,0.136
4,26,0.03
4,26,0.021
4,26,0.749
4,26,0.021
4,26,0.06
4,26,0.035
4,26,0.414
4,26,0.709
4,26,0.555
4,26,0.062
4,26,0.121
4,26,0.141
4,26,0.065
4,26,1.35
4,26,0.05
4,26,0.516
4,26,0.071
4,26,0.017
4,26,0.009
4,26,0.322
4,26,0.093
4,26,0.091
4,26,0.89
4,26,0.624
4,26,0.034
4,26,0.857
4,26,0.017
4,26,0.131
4,26,0.043
4,26,0.575
4,26,0.018
4,26,0.12
4,27,0.042
4,27,0.031
4,27,0.814
4,27,0.033
4,27,0.984
4,27,0.214
4,27,0.754
4,27,0.991
4,27,1.242
4,27,0.521
4,27,0.143
4,27,0.066
4,27,0.048
4,27,0.053
4,27,0.045
4,27,0.011
4,27,1.025
4,27,1.09
4,27,0.151
4,27,0.78
4,27,0.34
4,27,0.023
4,27,1.904
4,27,0.534
4,27,0.72
4,27,0.088
4,27,0.287
4,27,0.027
4,27,0.01
4,27,0.891
4,27,0.399
4,27,0.039
4,28,0.375
4,28,0.057
4,28,0.528
4,28,0.768
4,28,0.526
4,28,0.551
4,28,0.596
4,28,1.329
4,28,0.343
4,28,0.018
4,28,0.411
4,28,0.461
4,28,1.321
4,28,0.02
4,28,0.096
4,28,0.012
4,28,1.41
4,28,1.356
4,28,0.02
4,28,0.642
4,28,1.106
4,28,0.035
4,28,0.915
4,28,0.691
4,28,0.029
4,28,0.081
4,28,0.045
4,28,0.059
4,28,0.169
4,28,0.066
4,28,0.026
4,28,0.011
4,28,0.095
4,28,0.409
4,28,0.067
4,28,1.166
4,28,0.058
4,28,0.029
4,29,0.248
4,29,0.287
4,29,0.038
4,29,0.088
4,29,0.019
4,29,0.031
4,29,0.05
4,29,0.091
4,29,0.11
4,29,0.348
4,29,0.01
4,29,0.568
4,29,0.098
4,29,1.198
4,29,0.886
4,29,0.06
4,29,0.041
4,29,1.291
4,29,0.062
4,29,0.042
4,29,0.504
4,29,0.47
4,29,0.047
4,29,1.224
4,29,0.057
4,29,0.507
4,29,1.731
4,29,0.641
4,29,0.571
4,29,0.008
4,29,0.193
4,30,0.742
4,30,0.032
4,30,0.037
4,30,0.036
4,30,0.513
4,30,0.266
4,30,0.036
4,30,0.088
4,30,1.233
4,30,0.242
4,30,0.034
4,30,0.78
4,30,0.075
4,30,0.015
4,30,0.446
4,30,0.06
4,30,0.206
4,30,0.03
4,30,1.404
4,30,0.027
4,30,0.614
4,30,0.101
4,30,1.431
4,30,0.133
4,30,0.451
4,30,0.179
4,30,0.029
4,30,0.065
4,30,0.618
4,30,0.611
4,30,1.197
4,30,0.123
4,30,0.551
4,30,0.028
4,30,0.911
4,30,1.367
4,30,0.049
4,30,0.121
4,30,1.692
4,30,0.04
