1,1,1.055
1,1,0.096
1,1,0.742
1,1,1.132
1,1,1.037
1,1,1.608
1,1,1.233
1,1,0.951
1,1,0.833
1,1,0.753
1,1,0.511
1,1,0.805
1,1,0.737
1,1,0.779
1,1,0.575
1,1,0.992
1,1,0.843
1,1,0.917
1,1,1.143
1,1,0.16
1,1,0.865
1,1,0.897
1,1,0.069
1,1,0.825
1,1,1.067
1,1,0.528
1,2,0.848
1,2,0.739
1,2,0.759
1,2,1.158
1,2,0.593
1,2,0.558
1,2,0.624
1,2,0.367
1,2,0.792
1,2,0.547
1,2,0.782
1,2,0.886
1,2,0.435
1,2,1.269
1,2,1.197
1,2,1.037
1,2,0.071
1,2,0.057
1,2,0.402
1,2,0.936
1,2,0.514
1,2,0.148
1,2,0.591
1,2,0.8
1,2,0.978
1,3,1.538
1,3,0.966
1,3,0.868
1,3,0.722
1,3,0.69
1,3,0.176
1,3,0.948
1,3,0.564
1,3,0.998
1,3,0.063
1,3,0.056
1,3,0.329
1,3,0.433
1,3,0.815
1,3,0.853
1,3,1.318
1,3,1.054
1,3,1.174
1,3,0.617
1,3,0.94
1,3,0.095
1,3,1.091
1,3,0.459
1,3,0.314
1,3,0.337
1,3,0.772
1,4,0.931
1,4,0.364
1,4,0.613
1,4,0.288
1,4,0.532
1,4,0.427
1,4,0.444
1,4,0.267
1,4,0.055
1,4,0.187
1,4,0.674
1,4,0.099
1,4,0.788
1,4,1.445
1,4,0.096
1,4,0.524
1,4,0.135
1,4,0.47
1,4,1.441
1,4,0.901
1,4,1.175
1,4,0.025
1,4,0.515
1,4,0.642
1,4,0.259
1,4,0.55
1,4,0.035
1,4,0.711
1,4,0.702
1,4,0.58
1,4,0.443
1,5,0.328
1,5,0.545
1,5,0.136
1,5,0.603
1,5,0.07
1,5,0.941
1,5,0.871
1,5,0.592
1,5,0.672
1,5,0.7
1,5,0.186
1,5,0.532
1,5,0.379
1,5,0.023
1,5,0.737
1,5,0.663
1,5,0.685
1,5,1.172
1,5,0.744
1,5,0.229
1,5,0.375
1,5,0.16
1,6,0.034
1,6,0.822
1,6,0.187
1,6,0.691
1,6,0.109
1,6,0.089
1,6,0.246
1,6,0.508
1,6,0.016
1,6,0.258
1,6,0.111
1,6,0.696
1,6,0.728
1,6,0.675
1,6,0.179
1,6,0.481
1,6,0.135
1,6,0.524
1,6,0.738
1,6,1.185
1,6,1.222
1,6,1.076
1,6,0.107
1,7,0.549
1,7,0.827
1,7,0.088
1,7,0.768
1,7,0.013
1,7,0.764
1,7,0.342
1,7,0.014
1,7,0.803
1,7,1.483
1,7,0.424
1,7,0.77
1,7,0.434
1,7,0.488
1,7,1.039
1,7,0.089
1,7,0.887
1,7,0.876
1,7,0.145
1,7,0.344
1,7,0.667
1,7,0.033
1,8,0.042
1,8,0.504
1,8,0.502
1,8,0.821
1,8,0.377
1,8,0.718
1,8,0.557
1,8,0.047
1,8,0.706
1,8,0.22
1,8,0.287
1,8,0.988
1,8,0.348
1,8,0.649
1,8,0.296
1,8,0.042
1,8,1.107
1,8,1.309
1,8,0.946
1,8,0.571
1,8,0.871
1,8,0.05
1,8,0.673
1,9,0.36
1,9,0.81
1,9,0.061
1,9,0.16
1,9,0.016
1,9,0.999
1,9,0.18
1,9,0.048
1,9,0.505
1,9,0.081
1,9,0.345
1,9,0.911
1,9,0.078
1,9,0.916
1,9,0.601
1,9,0.718
1,9,1.201
1,9,0.276
1,9,0.547
1,9,0.344
1,9,0.392
1,9,0.029
1,9,0.034
1,9,1.128
1,10,0.933
1,10,0.227
1,10,0.45
1,10,0.03
1,10,0.294
1,10,0.118
1,10,0.946
1,10,0.106
1,10,0.997
1,10,1.043
1,10,1.036
1,10,0.056
1,10,0.892
1,10,1.46
1,10,0.033
1,10,0.619
1,11,0.791
1,11,0.14
1,11,0.302
1,11,0.857
1,11,0.641
1,11,0.303
1,11,0.584
1,11,0.219
1,11,0.946
1,11,0.466
1,11,0.29
1,11,0.14
1,11,0.45
1,11,0.092
1,11,0.137
1,12,0.918
1,12,0.086
1,12,0.519
1,12,0.321
1,12,0.833
1,12,0.923
1,12,0.641
1,13,0.01
1,13,0.517
1,13,0.137
1,13,0.145
1,13,0.069
1,13,0.457
1,13,0.373
1,13,0.93
1,13,1.087
1,13,0.099
1,13,0.293
1,13,0.128
1,13,0.053
1,13,0.882
1,14,0.061
1,14,1.533
1,14,0.747
1,14,0.209
1,14,0.11
1,14,0.375
1,14,1.139
1,14,0.494
1,14,0.177
1,14,1.383
1,15,0.524
1,15,1.009
1,15,0.097
1,15,1.012
1,15,0.837
1,15,0.756
1,15,0.06
1,16,0.096
1,16,1.211
1,16,0.356
1,16,0.135
1,16,0.048
1,16,0.015
1,16,0.107
1,16,0.021
1,16,0.099
1,17,0.785
1,17,0.642
1,18,0.64
1,18,0.064
1,18,0.12
1,18,1.413
1,18,0.975
1,18,0.637
1,18,1.194
1,19,0.05
1,19,0.053
1,19,0.031
1,19,0.175
1,19,0.098
1,19,1.341
1,19,0.033
1,19,0.052
1,19,0.05
1,19,0.246
1,19,0.129
1,19,0.029
1,19,0.323
1,19,0.052
1,19,0.398
1,20,0.036
1,20,0.662
1,20,0.015
1,20,0.009
1,20,0.64
1,20,1.071
1,20,0.212
1,20,0.638
1,20,0.053
1,20,0.068
1,20,0.045
1,20,0.803
1,20,0.842
1,21,0.043
1,21,0.093
1,21,0.32
1,21,1.092
1,21,0.096
1,21,0.066
1,21,0.072
1,21,0.154
1,21,0.055
1,21,0.467
1,22,0.059
1,22,0.895
1,22,0.04
1,22,0.338
1,22,0.077
1,22,1.008
1,23,0.185
1,23,0.043
1,23,0.536
1,23,0.021
1,23,0.669
1,24,0.048
1,24,0.809
1,24,0.045
1,24,0.036
1,24,0.051
1,24,0.704
1,24,0.459
1,25,0.082
1,25,1.048
1,25,0.046
1,25,0.543
1,26,0.56
1,26,1.132
1,26,0.018
1,26,0.033
1,26,0.038
1,26,0.241
1,27,0.104
1,27,0.069
1,27,0.033
1,27,0.049
1,27,0.08
1,27,0.502
1,27,0.038
1,28,0.113
1,28,0.048
1,28,0.837
1,28,0.06
1,28,0.115
1,28,0.041
1,29,0.164
1,29,1.016
1,29,1.001
1,29,0.935
1,29,0.076
1,29,0.675
1,30,0.104
1,30,0.131
1,30,0.78
1,30,0.095
1,30,0.556
1,30,0.089
2,1,0.514
2,1,0.489
2,1,1.121
2,1,0.926
2,1,1.304
2,1,0.659
2,1,1.4
2,1,0.481
2,1,0.583
2,1,0.962
2,1,0.697
2,1,0.814
2,1,0.358
2,1,0.709
2,1,1.042
2,1,0.362
2,1,1.076
2,1,1.091
2,1,0.772
2,1,0.745
2,1,1.05
2,1,0.403
2,1,0.978
2,1,0.905
2,1,0.214
2,1,1.208
2,1,0.536
2,1,0.869
2,1,0.956
2,1,0.714
2,1,0.735
2,1,0.976
2,1,0.948
2,1,0.62
2,1,1.287
2,1,0.977
2,2,0.787
2,2,0.021
2,2,0.644
2,2,0.692
2,2,0.65
2,2,1.027
2,2,0.039
2,2,0.844
2,2,0.754
2,2,0.801
2,2,0.072
2,2,0.507
2,2,0.654
2,2,1.742
2,2,0.736
2,2,0.806
2,2,1.348
2,2,0.819
2,2,1.315
2,2,0.407
2,2,0.501
2,2,0.851
2,2,0.822
2,2,0.325
2,2,0.969
2,2,0.491
2,2,0.382
2,2,0.032
2,2,0.604
2,2,0.104
2,2,0.258
2,2,0.994
2,3,0.557
2,3,1.224
2,3,0.742
2,3,0.636
2,3,0.059
2,3,0.894
2,3,0.776
2,3,1.079
2,3,0.808
2,3,1.26
2,3,0.415
2,3,0.015
2,3,0.67
2,3,0.899
2,3,0.534
2,3,0.623
2,3,0.585
2,3,0.846
2,3,0.744
2,3,0.736
2,3,0.41
2,3,0.973
2,3,1.197
2,3,0.667
2,3,0.104
2,3,0.65
2,3,0.507
2,4,0.643
2,4,0.48
2,4,0.614
2,4,1.371
2,4,0.532
2,4,0.577
2,4,1.043
2,4,0.613
2,4,0.838
2,4,0.896
2,4,0.03
2,4,0.869
2,4,0.941
2,4,1.214
2,4,0.815
2,4,0.197
2,4,0.701
2,4,0.023
2,4,0.958
2,4,0.852
2,4,0.73
2,4,0.923
2,4,0.65
2,4,0.591
2,4,0.749
2,4,0.816
2,4,0.531
2,4,0.441
2,4,0.723
2,4,0.016
2,5,0.08
2,5,0.435
2,5,0.617
2,5,0.913
2,5,0.617
2,5,0.934
2,5,1.396
2,5,0.076
2,5,0.559
2,5,0.969
2,5,0.749
2,5,0.619
2,5,0.422
2,5,0.603
2,5,0.641
2,5,0.265
2,5,0.084
2,5,0.484
2,5,0.053
2,5,0.75
2,5,0.895
2,5,0.86
2,5,0.659
2,5,0.945
2,5,0.244
2,5,0.812
2,5,0.38
2,5,0.448
2,5,0.956
2,5,0.287
2,6,0.532
2,6,0.999
2,6,0.027
2,6,0.049
2,6,0.513
2,6,0.9
2,6,1.052
2,6,0.026
2,6,0.374
2,6,0.048
2,6,0.763
2,6,0.888
2,6,0.292
2,6,0.96
2,6,0.073
2,6,0.38
2,6,0.332
2,6,0.647
2,6,0.47
2,6,0.555
2,6,0.373
2,6,0.004
2,6,0.757
2,6,0.259
2,6,1.143
2,6,0.733
2,7,0.789
2,7,0.074
2,7,0.435
2,7,0.288
2,7,0.413
2,7,0.327
2,7,0.045
2,7,0.704
2,7,0.216
2,7,0.02
2,7,0.089
2,7,0.448
2,7,0.354
2,7,0.601
2,7,1.343
2,7,0.676
2,7,0.048
2,7,0.843
2,7,0.226
2,7,0.447
2,7,1.189
2,7,0.893
2,7,0.743
2,7,0.518
2,7,0.099
2,8,0.418
2,8,0.103
2,8,0.379
2,8,0.356
2,8,0.475
2,8,0.349
2,8,0.416
2,8,0.027
2,8,0.587
2,8,0.017
2,8,0.299
2,8,1.22
2,8,0.975
2,8,0.157
2,8,0.646
2,8,0.463
2,8,0.026
2,8,1.126
2,8,0.379
2,8,0.014
2,8,0.602
2,8,0.349
2,8,0.98
2,8,0.346
2,8,0.592
2,8,0.72
2,8,0.819
2,8,0.315
2,9,0.199
2,9,0.087
2,9,0.507
2,9,0.596
2,9,0.301
2,9,0.057
2,9,1.495
2,9,0.329
2,9,0.349
2,9,0.309
2,9,0.717
2,9,0.22
2,9,0.646
2,9,0.557
2,9,0.12
2,9,0.926
2,9,0.503
2,9,0.958
2,9,1.119
2,9,0.606
2,9,0.76
2,9,0.351
2,9,0.406
2,9,1.151
2,9,0.61
2,10,0.309
2,10,0.604
2,10,0.378
2,10,0.075
2,10,0.051
2,10,0.283
2,10,0.517
2,10,0.057
2,10,0.636
2,10,0.012
2,10,0.143
2,10,0.528
2,10,0.083
2,10,0.041
2,10,0.602
2,10,0.544
2,10,0.911
2,10,1.092
2,10,0.04
2,10,0.016
2,10,0.428
2,11,0.313
2,11,1.242
2,11,0.694
2,11,0.066
2,11,0.272
2,11,0.818
2,11,0.613
2,11,0.59
2,11,0.633
2,11,0.383
2,11,0.096
2,11,0.139
2,11,0.755
2,11,0.028
2,11,0.049
2,11,0.05
2,11,0.897
2,11,0.484
2,11,0.023
2,11,0.182
2,11,0.011
2,12,0.385
2,12,0.033
2,12,0.054
2,12,0.092
2,12,1.12
2,12,0.039
2,12,0.044
2,12,0.537
2,12,0.024
2,12,0.042
2,12,0.584
2,12,0.31
2,12,0.197
2,12,0.105
2,12,0.437
2,12,0.08
2,12,0.414
2,13,0.017
2,13,0.028
2,13,0.519
2,13,0.873
2,13,0.043
2,13,0.537
2,13,0.059
2,13,0.49
2,13,0.458
2,13,0.01
2,13,0.702
2,13,1.236
2,13,0.014
2,13,0.439
2,13,0.578
2,14,0.024
2,14,0.328
2,14,0.203
2,14,1.114
2,14,0.191
2,14,0.278
2,14,0.028
2,14,0.284
2,14,0.031
2,14,1.437
2,14,0.388
2,14,0.367
2,15,0.872
2,15,0.313
2,15,0.054
2,15,0.435
2,15,0.86
2,15,0.643
2,15,0.57
2,15,0.566
2,15,0.073
2,15,1.105
2,15,0.039
2,16,0.897
2,16,0.826
2,16,0.05
2,16,0.481
2,16,0.152
2,16,0.49
2,16,0.677
2,16,0.7
2,16,0.05
2,16,0.069
2,16,0.441
2,16,0.05
2,17,0.346
2,17,0.06
2,17,0.027
2,17,0.07
2,17,0.781
2,17,0.098
2,17,0.465
2,17,0.081
2,17,1.236
2,17,0.651
2,17,0.413
2,17,0.123
2,17,0.062
2,18,0.032
2,18,0.032
2,18,0.087
2,18,1.048
2,18,0.488
2,18,1.012
2,18,0.424
2,18,1.17
2,18,0.031
2,18,0.372
2,18,0.733
2,18,0.806
2,18,0.362
2,18,0.655
2,18,0.034
2,19,0.107
2,19,0.668
2,19,0.217
2,19,0.135
2,19,0.039
2,19,0.468
2,19,0.409
2,19,0.154
2,19,0.03
2,19,0.037
2,19,0.658
2,19,0.644
2,19,0.036
2,19,0.493
2,19,0.033
2,19,0.284
2,19,0.04
2,20,0.165
2,20,0.017
2,20,0.802
2,20,0.089
2,20,0.037
2,20,0.667
2,20,0.637
2,20,0.039
2,20,0.891
2,20,0.343
2,20,0.92
2,20,0.123
2,20,0.107
2,21,0.291
2,21,0.151
2,21,1.218
2,21,0.255
2,21,0.012
2,21,0.025
2,21,0.27
2,21,0.013
2,21,1.037
2,22,0.055
2,22,0.027
2,22,0.049
2,22,0.238
2,22,0.078
2,22,1.069
2,22,0.047
2,22,0.11
2,22,0.266
2,22,0.75
2,23,0.278
2,23,0.22
2,23,0.222
2,23,0.09
2,23,0.063
2,23,0.245
2,23,0.582
2,24,0.054
2,24,0.196
2,24,0.269
2,24,0.016
2,24,0.03
2,24,0.226
2,24,0.213
2,24,0.326
2,24,0.014
2,25,0.091
2,25,0.043
2,25,0.043
2,25,0.022
2,25,0.064
2,25,0.048
2,25,0.06
2,26,0.024
2,26,0.044
2,26,0.374
2,26,0.042
2,26,0.14
2,26,0.012
2,26,0.011
2,27,0.075
2,27,0.038
2,27,0.169
2,27,0.21
2,27,0.62
2,27,0.023
2,27,0.101
2,28,0.037
2,28,0.051
2,28,0.071
2,28,0.026
2,28,0.035
2,28,0.594
2,28,0.101
2,28,0.111
2,28,0.062
2,28,0.691
2,29,0.221
2,29,0.024
2,29,0.135
2,29,0.026
2,29,0.886
2,29,0.105
2,29,0.094
2,29,0.019
2,29,0.337
2,30,0.089
2,30,1.693
2,30,0.096
2,30,0.86
2,30,0.032
2,30,0.22
2,30,0.16
2,30,0.056
3,1,1.119
3,1,0.786
3,1,1.289
3,1,0.834
3,1,0.898
3,1,0.962
3,1,0.648
3,1,0.729
3,1,1.142
3,1,0.778
3,1,0.551
3,1,1.732
3,1,1.233
3,1,0.844
3,1,1.064
3,1,0.788
3,1,0.645
3,1,0.824
3,1,1.089
3,1,0.87
3,1,1.584
3,1,0.052
3,1,1.276
3,1,0.827
3,1,1.074
3,1,0.672
3,1,2.219
3,1,1.063
3,1,0.872
3,1,1.667
3,1,0.507
3,1,1.231
3,1,0.813
3,1,0.634
3,1,0.932
3,1,0.984
3,1,0.9
3,2,0.497
3,2,0.973
3,2,1.37
3,2,1.172
3,2,0.893
3,2,0.618
3,2,0.66
3,2,0.476
3,2,0.659
3,2,0.875
3,2,0.859
3,2,0.95
3,2,0.431
3,2,0.768
3,2,1.714
3,2,0.887
3,2,0.562
3,2,1.036
3,2,0.027
3,2,0.7
3,2,0.553
3,2,0.092
3,2,1.271
3,2,0.519
3,2,0.833
3,2,1.026
3,2,0.949
3,2,1.095
3,2,0.627
3,2,0.641
3,2,0.905
3,2,1.155
3,2,0.771
3,2,0.674
3,2,1.162
3,2,1.175
3,2,0.699
3,2,1.555
3,3,0.504
3,3,0.447
3,3,0.994
3,3,0.119
3,3,0.969
3,3,0.729
3,3,0.478
3,3,0.671
3,3,0.624
3,3,0.769
3,3,0.549
3,3,0.556
3,3,0.154
3,3,1.29
3,3,0.122
3,3,0.911
3,3,1.185
3,3,0.756
3,3,0.692
3,3,1.141
3,3,0.825
3,3,0.8
3,3,0.589
3,3,0.665
3,3,0.786
3,3,0.725
3,3,0.371
3,3,0.526
3,3,0.319
3,3,0.736
3,3,2.049
3,3,1.445
3,3,0.318
3,3,0.901
3,3,0.908
3,3,0.962
3,4,0.936
3,4,0.923
3,4,0.425
3,4,0.075
3,4,0.484
3,4,0.366
3,4,0.735
3,4,1.083
3,4,0.544
3,4,0.874
3,4,1.074
3,4,0.431
3,4,1.371
3,4,0.47
3,4,0.923
3,4,0.977
3,4,0.385
3,4,0.713
3,4,1.117
3,4,0.53
3,4,0.054
3,4,0.884
3,4,0.447
3,4,1.253
3,4,0.495
3,4,1.352
3,4,0.315
3,4,0.533
3,4,0.395
3,5,0.607
3,5,0.94
3,5,0.325
3,5,0.894
3,5,0.473
3,5,1.216
3,5,0.829
3,5,0.328
3,5,0.229
3,5,0.518
3,5,0.241
3,5,0.719
3,5,0.3
3,5,0.467
3,5,0.58
3,5,0.53
3,5,0.857
3,5,0.451
3,5,1.403
3,5,1.29
3,5,0.936
3,5,0.936
3,5,0.962
3,5,0.18
3,5,0.566
3,5,0.667
3,6,0.554
3,6,0.55
3,6,0.965
3,6,0.196
3,6,0.831
3,6,0.417
3,6,0.824
3,6,1.038
3,6,1.169
3,6,0.438
3,6,1.127
3,6,0.603
3,6,0.436
3,6,0.651
3,6,1.142
3,6,0.477
3,6,0.796
3,7,0.682
3,7,0.553
3,7,0.368
3,7,0.426
3,7,0.564
3,7,0.673
3,7,1.206
3,7,0.345
3,7,0.402
3,7,0.773
3,7,0.632
3,7,0.557
3,7,0.552
3,7,1.243
3,7,0.523
3,8,0.883
3,8,0.31
3,8,0.257
3,8,0.812
3,8,0.538
3,8,0.779
3,8,0.676
3,8,0.426
3,8,0.43
3,8,0.705
3,8,0.861
3,8,0.775
3,8,1.093
3,8,0.314
3,8,0.437
3,8,0.411
3,8,0.757
3,8,0.532
3,8,0.534
3,8,0.779
3,9,0.776
3,9,0.042
3,9,0.203
3,9,0.398
3,9,0.826
3,9,0.496
3,9,0.706
3,9,0.351
3,9,0.705
3,9,0.161
3,9,0.503
3,9,0.58
3,9,1.02
3,9,0.899
3,9,1.355
3,9,0.262
3,9,0.374
3,9,0.551
3,9,0.83
3,10,0.063
3,10,0.113
3,10,0.821
3,10,0.592
3,10,0.058
3,10,0.019
3,10,0.704
3,10,0.651
3,10,0.641
3,10,0.492
3,10,0.531
3,10,0.871
3,10,0.957
3,10,0.076
3,10,0.347
3,10,0.034
3,10,0.696
3,10,0.798
3,10,0.847
3,10,0.741
3,10,1.135
3,11,0.084
3,11,1.507
3,11,0.48
3,11,0.55
3,11,0.046
3,11,0.428
3,11,0.638
3,11,0.616
3,11,0.383
3,11,0.96
3,11,0.018
3,11,1.097
3,11,0.99
3,11,0.326
3,11,0.156
3,11,0.745
3,11,1.003
3,11,0.11
3,11,0.214
3,11,0.466
3,11,0.653
3,11,0.477
3,11,0.98
3,11,1.335
3,11,0.61
3,12,0.618
3,12,0.514
3,12,0.557
3,12,0.031
3,12,0.442
3,12,1.005
3,12,0.404
3,12,0.38
3,12,0.381
3,12,0.631
3,12,0.293
3,12,0.519
3,12,0.035
3,12,0.862
3,12,0.262
3,12,0.073
3,12,1.325
3,12,0.534
3,13,0.964
3,13,0.651
3,13,0.975
3,13,0.408
3,13,0.665
3,13,0.286
3,13,0.36
3,13,0.524
3,13,0.392
3,13,0.433
3,13,1.294
3,13,0.012
3,13,0.644
3,13,0.093
3,13,1.087
3,13,0.773
3,13,1.032
3,13,0.3
3,13,0.126
3,13,0.651
3,13,0.688
3,13,0.881
3,14,0.798
3,14,1.127
3,14,0.758
3,14,0.291
3,14,1.08
3,14,0.943
3,14,0.511
3,14,0.657
3,14,0.438
3,14,0.629
3,14,0.559
3,14,0.374
3,14,1.356
3,14,0.06
3,14,0.552
3,15,1.019
3,15,0.09
3,15,0.958
3,15,0.168
3,15,0.886
3,15,0.434
3,15,0.869
3,15,0.618
3,15,0.853
3,15,0.08
3,15,0.023
3,15,0.601
3,15,0.789
3,15,0.791
3,16,0.208
3,16,0.342
3,16,0.632
3,16,0.939
3,16,0.304
3,16,0.703
3,16,0.743
3,16,0.44
3,16,0.528
3,16,0.269
3,16,0.267
3,16,0.262
3,16,0.138
3,16,0.932
3,16,0.443
3,16,0.21
3,17,0.495
3,17,0.03
3,17,0.71
3,17,1.359
3,17,0.023
3,17,0.202
3,17,0.367
3,17,1.337
3,17,0.57
3,17,0.641
3,17,0.432
3,17,0.324
3,17,0.773
3,17,0.645
3,17,1.277
3,17,0.031
3,17,0.803
3,18,0.355
3,18,0.71
3,18,0.562
3,18,0.782
3,18,0.016
3,18,0.52
3,18,0.685
3,18,1.171
3,18,1.096
3,18,0.325
3,18,0.507
3,18,0.8
3,18,0.186
3,18,0.6
3,18,0.372
3,18,0.923
3,19,0.377
3,19,0.562
3,19,0.47
3,19,0.845
3,19,0.017
3,19,0.457
3,19,0.546
3,19,0.141
3,19,0.785
3,19,0.007
3,19,1.009
3,19,0.694
3,19,0.707
3,19,0.797
3,19,0.327
3,19,0.865
3,19,0.474
3,19,0.758
3,19,1.039
3,19,0.935
3,19,0.293
3,20,0.423
3,20,0.616
3,20,0.718
3,20,0.524
3,20,0.123
3,20,0.836
3,20,0.54
3,20,0.933
3,20,0.724
3,20,0.797
3,20,0.714
3,20,0.922
3,20,0.302
3,20,0.17
3,20,0.121
3,21,0.043
3,21,0.059
3,21,0.753
3,21,1.202
3,21,0.168
3,21,0.172
3,21,0.761
3,21,0.017
3,21,0.045
3,21,0.498
3,21,0.05
3,21,0.856
3,21,0.1
3,21,0.416
3,21,0.859
3,21,0.437
3,21,0.942
3,21,0.812
3,21,0.656
3,21,0.183
3,21,0.158
3,21,0.143
3,22,0.114
3,22,0.525
3,22,0.483
3,22,0.25
3,22,0.095
3,22,0.131
3,22,0.677
3,22,0.873
3,22,1.079
3,22,1.058
3,22,0.432
3,22,0.484
3,22,0.154
3,22,0.506
3,22,0.511
3,22,0.972
3,22,0.588
3,23,0.791
3,23,0.854
3,23,0.016
3,23,0.15
3,23,1.026
3,23,0.18
3,23,0.109
3,23,0.283
3,23,0.851
3,23,0.085
3,23,0.032
3,23,0.061
3,23,0.684
3,23,0.825
3,23,1.227
3,23,0.065
3,23,0.94
3,23,0.037
3,23,0.415
3,24,0.403
3,24,0.355
3,24,0.583
3,24,1.401
3,24,0.628
3,24,0.611
3,24,0.42
3,24,0.044
3,25,0.159
3,25,1.147
3,25,0.193
3,25,0.163
3,25,1.19
3,25,2.203
3,25,0.928
3,25,0.062
3,25,0.853
3,25,0.157
3,26,0.161
3,26,1.595
3,26,0.022
3,26,0.685
3,26,1.148
3,26,1.319
3,26,1.586
3,26,0.072
3,26,1.809
3,26,0.507
3,26,0.641
3,26,0.17
3,26,0.983
3,26,0.019
3,26,0.878
3,26,0.955
3,26,0.36
3,27,0.053
3,27,0.772
3,27,1.127
3,27,1.474
3,27,0.108
3,27,0.083
3,27,2.145
3,27,0.162
3,27,0.061
3,27,0.665
3,27,0.096
3,28,0.02
3,28,0.045
3,28,0.447
3,28,0.079
3,28,0.698
3,28,0.053
3,28,0.158
3,28,1.061
3,28,1.235
3,29,0.688
3,29,0.118
3,29,0.232
3,29,0.581
3,29,0.042
3,29,0.244
3,30,0.035
3,30,1.079
3,30,1.091
3,30,0.038
3,30,0.031
3,30,0.539
3,30,1.207
3,30,0.074
3,30,0.522
3,30,0.688
3,30,0.04
3,30,0.102
3,30,0.493
4,1,0.01
4,1,1.179
4,1,0.662
4,1,0.516
4,1,0.508
4,1,0.023
4,1,0.475
4,1,0.833
4,1,0.845
4,1,1.097
4,1,0.138
4,1,0.863
4,1,1.165
4,1,0.068
4,1,1.333
4,1,1.011
4,1,0.937
4,1,1.482
4,1,0.745
4,1,0.304
4,1,1.066
4,1,0.513
4,1,1.086
4,1,0.759
4,1,0.867
4,1,0.553
4,1,0.963
4,1,1.263
4,1,0.919
4,1,1.047
4,1,0.704
4,1,0.173
4,1,0.57
4,1,0.706
4,2,0.879
4,2,0.413
4,2,0.58
4,2,0.859
4,2,0.772
4,2,0.495
4,2,0.058
4,2,0.668
4,2,0.959
4,2,1.111
4,2,0.234
4,2,0.857
4,2,0.676
4,2,0.687
4,2,1.122
4,2,0.459
4,2,0.786
4,2,1.213
4,2,0.643
4,2,0.16
4,2,0.837
4,2,0.096
4,2,0.596
4,2,0.576
4,2,1.174
4,2,0.786
4,2,1.234
4,3,0.26
4,3,0.502
4,3,0.761
4,3,0.713
4,3,0.845
4,3,0.853
4,3,0.986
4,3,1.191
4,3,0.484
4,3,1.263
4,3,0.426
4,3,0.655
4,3,0.03
4,3,0.807
4,3,0.6
4,3,0.603
4,3,0.651
4,3,1.139
4,3,1.272
4,3,0.652
4,3,1.496
4,3,0.914
4,3,0.076
4,3,1.636
4,3,0.036
4,3,0.033
4,3,0.71
4,3,0.294
4,3,0.481
4,3,1.135
4,3,0.434
4,3,0.351
4,3,0.436
4,3,0.431
4,3,0.426
4,4,0.421
4,4,0.614
4,4,0.623
4,4,1.324
4,4,0.114
4,4,0.692
4,4,0.904
4,4,0.604
4,4,0.644
4,4,0.449
4,4,1.234
4,4,0.4
4,4,0.948
4,4,0.133
4,4,0.142
4,4,0.429
4,4,1.187
4,4,0.895
4,4,0.573
4,4,0.322
4,4,0.788
4,4,0.572
4,4,0.929
4,4,0.765
4,4,0.85
4,4,0.063
4,4,0.062
4,4,0.9
4,4,0.327
4,5,0.539
4,5,0.142
4,5,0.033
4,5,0.79
4,5,0.599
4,5,0.722
4,5,0.988
4,5,0.356
4,5,0.566
4,5,0.889
4,5,0.669
4,5,0.079
4,5,0.437
4,5,0.805
4,5,0.279
4,5,1.05
4,5,0.059
4,5,0.082
4,5,0.448
4,5,0.418
4,5,0.021
4,5,0.148
4,5,1.071
4,5,0.019
4,5,1.076
4,5,0.534
4,5,0.375
4,5,0.586
4,5,0.027
4,5,0.69
4,5,0.026
4,5,0.038
4,5,0.345
4,6,0.14
4,6,0.908
4,6,0.585
4,6,0.724
4,6,0.087
4,6,0.159
4,6,0.697
4,6,0.686
4,6,0.771
4,6,0.522
4,6,0.046
4,6,0.553
4,6,0.547
4,6,0.676
4,6,0.915
4,6,0.089
4,6,0.467
4,6,0.731
4,6,0.51
4,6,0.338
4,6,0.848
4,6,0.757
4,6,0.509
4,6,1.137
4,6,0.855
4,6,0.79
4,6,0.04
4,6,0.058
4,6,0.225
4,7,0.261
4,7,0.803
4,7,0.763
4,7,0.099
4,7,0.046
4,7,0.657
4,7,0.078
4,7,0.402
4,7,0.615
4,7,0.715
4,7,0.691
4,7,0.437
4,7,0.139
4,7,0.569
4,7,0.17
4,7,0.054
4,7,0.05
4,7,0.449
4,7,0.84
4,7,0.612
4,7,0.594
4,7,0.46
4,7,0.704
4,7,0.169
4,7,0.661
4,7,0.674
4,7,0.323
4,7,0.889
4,7,1.043
4,7,0.599
4,7,0.974
4,7,1.206
4,8,0.106
4,8,0.451
4,8,0.704
4,8,0.048
4,8,0.706
4,8,0.707
4,8,0.415
4,8,0.048
4,8,0.579
4,8,0.801
4,8,0.784
4,8,0.347
4,8,0.38
4,8,1.181
4,8,0.835
4,8,0.746
4,8,0.724
4,8,0.749
4,8,1.097
4,8,0.524
4,8,0.691
4,8,1.21
4,8,0.55
4,8,0.319
4,8,0.793
4,8,0.759
4,8,0.184
4,8,0.849
4,9,0.874
4,9,0.677
4,9,0.05
4,9,0.06
4,9,0.053
4,9,0.378
4,9,0.086
4,9,1.458
4,9,0.931
4,9,0.802
4,9,0.875
4,9,0.939
4,9,0.486
4,9,0.573
4,9,1.147
4,9,0.018
4,9,0.961
4,9,0.601
4,9,0.098
4,9,0.027
4,9,0.836
4,9,1.271
4,9,1.381
4,9,0.377
4,9,0.755
4,9,0.499
4,9,0.976
4,9,0.052
4,10,0.677
4,10,0.042
4,10,0.91
4,10,0.066
4,10,0.806
4,10,0.326
4,10,0.564
4,10,0.47
4,10,0.042
4,10,0.52
4,10,0.265
4,10,0.075
4,10,0.739
4,10,0.678
4,10,0.784
4,10,0.493
4,10,0.084
4,10,0.735
4,10,0.407
4,10,0.012
4,10,0.803
4,10,0.907
4,10,0.877
4,10,0.106
4,11,0.268
4,11,1.446
4,11,0.398
4,11,0.698
4,11,0.085
4,11,1.174
4,11,1.214
4,11,1.126
4,11,0.825
4,11,0.901
4,11,0.474
4,11,0.57
4,11,1.149
4,11,0.068
4,11,0.491
4,11,1.604
4,11,0.622
4,11,0.466
4,11,0.453
4,11,0.461
4,11,0.431
4,11,0.778
4,11,0.954
4,12,0.142
4,12,0.048
4,12,0.51
4,12,1.412
4,12,1.182
4,12,0.47
4,12,0.729
4,12,0.116
4,12,0.715
4,12,0.515
4,12,0.416
4,12,0.109
4,12,0.554
4,12,0.133
4,12,0.582
4,12,0.132
4,12,1.249
4,12,0.045
4,12,0.36
4,12,0.503
4,12,0.05
4,12,0.488
4,12,0.898
4,12,0.799
4,12,1.232
4,13,0.826
4,13,0.096
4,13,1.113
4,13,1.31
4,13,0.694
4,13,0.064
4,13,1.068
4,13,0.074
4,13,0.023
4,13,0.741
4,13,0.924
4,13,0.719
4,13,0.822
4,13,0.58
4,13,1.53
4,13,0.656
4,13,0.863
4,13,0.462
4,13,1.144
4,13,1.042
4,13,0.092
4,13,0.051
4,14,0.81
4,14,0.325
4,14,0.139
4,14,1.047
4,14,0.786
4,14,1.447
4,14,0.69
4,14,0.045
4,14,0.782
4,14,0.672
4,14,0.282
4,14,0.756
4,14,0.043
4,14,0.705
4,14,0.922
4,14,0.032
4,14,0.238
4,14,1.123
4,14,0.085
4,14,0.62
4,14,0.942
4,14,0.07
4,14,0.414
4,14,0.398
4,15,0.453
4,15,0.146
4,15,0.776
4,15,0.764
4,15,0.667
4,15,0.968
4,15,1.185
4,15,1.316
4,15,0.044
4,15,0.028
4,15,0.764
4,15,0.047
4,15,0.588
4,15,0.041
4,15,0.519
4,15,0.055
4,15,0.038
4,15,0.602
4,15,1.207
4,15,0.86
4,15,1.002
4,15,1.275
4,15,0.721
4,15,0.718
4,15,1.32
4,16,0.04
4,16,0.248
4,16,0.548
4,16,0.431
4,16,0.078
4,16,0.029
4,16,0.828
4,16,0.302
4,16,0.1
4,16,0.078
4,16,0.007
4,16,0.058
4,16,0.056
4,16,0.083
4,16,0.066
4,16,0.035
4,16,0.173
4,16,0.581
4,16,0.013
4,16,0.037
4,16,0.865
4,16,0.005
4,16,0.456
4,16,0.274
4,16,0.058
4,16,0.387
4,16,0.98
4,16,0.489
4,17,0.023
4,17,0.034
4,17,0.843
4,17,0.703
4,17,0.027
4,17,0.946
4,17,0.411
4,17,0.034
4,17,0.072
4,17,0.095
4,17,0.814
4,17,0.009
4,17,0.068
4,17,0.875
4,17,0.068
4,17,0.568
4,17,0.988
4,17,0.812
4,17,0.261
4,17,0.531
4,17,0.804
4,17,0.604
4,17,0.97
4,17,0.583
4,18,0.764
4,18,0.956
4,18,0.402
4,18,0.47
4,18,0.064
4,18,0.954
4,18,0.381
4,18,0.059
4,18,0.65
4,18,0.34
4,18,0.697
4,18,0.153
4,18,0.099
4,18,1.079
4,18,0.102
4,18,1.291
4,18,0.381
4,18,0.053
4,18,0.039
4,18,0.066
4,19,0.052
4,19,0.585
4,19,0.144
4,19,0.293
4,19,0.08
4,19,0.396
4,19,0.461
4,19,0.552
4,19,0.374
4,19,1
4,19,0.2
4,19,0.006
4,19,0.696
4,19,0.55
4,19,0.978
4,19,0.508
4,19,0.055
4,19,1.05
4,20,0.728
4,20,0.485
4,20,0.72
4,20,0.062
4,20,0.541
4,20,0.819
4,20,0.513
4,20,0.544
4,20,0.102
4,20,0.163
4,20,0.34
4,20,0.642
4,20,0.062
4,20,0.748
4,20,0.987
4,20,0.432
4,20,0.212
4,20,0.073
4,20,0.044
4,20,0.697
4,20,0.162
4,20,0.649
4,20,0.467
4,20,0.503
4,20,0.034
4,20,0.03
4,20,1.405
4,21,0.73
4,21,0.563
4,21,0.673
4,21,0.132
4,21,0.051
4,21,0.48
4,21,0.754
4,21,0.437
4,21,0.727
4,21,0.843
4,21,0.466
4,21,0.677
4,21,2.498
4,21,0.01
4,21,0.117
4,21,0.878
4,21,0.079
4,21,0.966
4,21,0.893
4,21,0.541
4,21,0.11
4,22,0.359
4,22,0.041
4,22,0.791
4,22,0.04
4,22,0.454
4,22,0.966
4,22,0.966
4,22,0.065
4,22,0.46
4,22,0.441
4,22,0.691
4,22,0.008
4,22,0.082
4,22,0.787
4,22,0.107
4,22,0.038
4,22,0.014
4,22,0.327
4,22,0.935
4,22,0.05
4,22,0.141
4,22,0.649
4,22,0.594
4,22,0.637
4,22,0.545
4,22,0.806
4,22,0.563
4,22,0.843
4,22,0.779
4,22,0.428
4,22,0.04
4,23,0.048
4,23,0.933
4,23,0.051
4,23,0.998
4,23,0.648
4,23,0.473
4,23,0.253
4,23,0.879
4,23,0.58
4,23,0.019
4,23,0.878
4,23,0.125
4,23,1.348
4,23,0.985
4,24,0.558
4,24,0.043
4,24,0.655
4,24,0.045
4,24,1.017
4,24,1.444
4,24,0.345
4,24,0.042
4,24,0.074
4,24,1.015
4,24,0.783
4,24,0.049
4,24,0.056
4,24,0.006
4,24,0.561
4,24,0.098
4,24,0.543
4,24,0.025
4,24,1.088
4,24,0.046
4,25,0.728
4,25,0.062
4,25,0.543
4,25,1.018
4,25,0.704
4,25,0.94
4,25,0.605
4,25,0.035
4,25,0.145
4,25,0.669
4,25,0.45
4,25,0.022
4,25,1.523
4,25,0.045
4,26,1.002
4,26,0.792
4,26,0.058
4,26,0.819
4,26,0.934
4,26,0.089
4,26,0.656
4,26,0.595
4,26,1.342
4,26,0.854
4,26,0.663
4,26,0.059
4,26,0.092
4,26,0.594
4,26,0.041
4,26,0.912
4,26,0.076
4,26,0.058
4,27,0.011
4,27,0.365
4,27,0.718
4,27,0.298
4,27,0.389
4,27,0.805
4,27,0.018
4,27,0.49
4,27,0.938
4,27,0.858
4,27,0.228
4,27,0.325
4,27,0.926
4,27,0.421
4,27,1.012
4,28,0.088
4,28,0.025
4,28,1.251
4,28,0.051
4,28,0.495
4,28,0.883
4,28,0.936
4,28,0.568
4,28,1.161
4,28,0.137
4,28,0.028
4,28,1.312
4,28,0.053
4,28,0.919
4,28,1.028
4,28,0.157
4,28,0.761
4,28,0.939
4,28,0.449
4,28,0.862
4,28,1.346
4,28,0.109
4,29,0.06
4,29,0.473
4,29,0.082
4,29,1.487
4,29,0.389
4,29,0.838
4,29,0.073
4,29,0.583
4,29,0.064
4,29,0.078
4,29,0.13
4,29,0.201
4,29,0.322
4,29,1.102
4,29,0.067
4,29,0.104
4,30,0.131
4,30,0.048
4,30,0.189
4,30,0.433
4,30,0.636
4,30,0.03
4,30,0.08
4,30,0.639
4,30,0.016
4,30,0.044
4,30,0.024
4,30,0.035
4,30,0.012
4,30,0.873
4,30,0.016
4,30,0.123
4,30,0.374
4,30,0.128
5,1,0.87
5,1,0.923
5,1,1.48
5,1,1.512
5,1,1.461
5,1,0.556
5,1,1.173
5,1,1.778
5,1,1.333
5,1,1.869
5,1,0.923
5,1,1.055
5,1,1.862
5,1,0.78
5,1,0.742
5,1,1.177
5,1,1.123
5,1,1.243
5,1,1.177
5,1,1.744
5,1,1.835
5,1,0.91
5,1,0.056
5,1,1.299
5,1,0.848
5,1,1.238
5,1,1.131
5,1,0.912
5,1,0.36
5,1,1.819
5,1,0.714
5,1,1.158
5,1,1.241
5,1,1.176
5,2,0.818
5,2,1.45
5,2,0.719
5,2,0.521
5,2,1.027
5,2,1.769
5,2,1.126
5,2,1.098
5,2,1.147
5,2,0.596
5,2,1.017
5,2,1.281
5,2,1.024
5,2,0.953
5,2,0.158
5,2,0.565
5,2,0.711
5,2,1.419
5,2,0.716
5,2,0.128
5,2,1.277
5,2,0.875
5,2,0.376
5,2,0.769
5,2,0.381
5,2,0.862
5,2,1.072
5,2,1.453
5,2,1.139
5,2,0.715
5,2,1.475
5,2,0.702
5,2,0.648
5,3,0.756
5,3,0.741
5,3,0.692
5,3,0.64
5,3,0.793
5,3,1.066
5,3,1.745
5,3,1.076
5,3,0.993
5,3,0.699
5,3,1.199
5,3,0.939
5,3,1.574
5,3,0.558
5,3,0.721
5,3,0.313
5,3,1.052
5,3,1.341
5,3,0.514
5,3,1.229
5,3,0.704
5,3,0.527
5,3,0.858
5,3,1.596
5,3,0.839
5,3,1.007
5,3,0.685
5,3,0.026
5,3,0.015
5,3,1.36
5,3,1.267
5,3,0.573
5,3,0.793
5,3,0.989
5,4,0.825
5,4,1.271
5,4,0.61
5,4,1.821
5,4,1.127
5,4,0.109
5,4,0.971
5,4,0.907
5,4,0.906
5,4,1.857
5,4,0.937
5,4,1.259
5,4,0.69
5,4,1.077
5,4,1.133
5,4,0.769
5,4,0.539
5,4,0.686
5,4,0.52
5,4,0.835
5,4,0.694
5,4,0.607
5,4,0.721
5,5,0.955
5,5,0.677
5,5,0.072
5,5,1.333
5,5,1.36
5,5,1.091
5,5,1.355
5,5,0.851
5,5,1.104
5,5,0.07
5,5,0.658
5,5,1.327
5,5,1.062
5,5,0.769
5,5,0.537
5,5,0.741
5,5,0.546
5,5,0.678
5,5,0.754
5,5,1.36
5,5,0.528
5,5,0.796
5,6,0.067
5,6,0.374
5,6,0.378
5,6,0.67
5,6,0.82
5,6,0.745
5,6,0.462
5,6,0.556
5,6,0.058
5,6,0.382
5,6,0.493
5,6,0.981
5,6,1.452
5,6,0.989
5,6,0.044
5,6,0.662
5,6,1.256
5,6,0.741
5,6,0.616
5,6,1.491
5,7,0.079
5,7,0.802
5,7,0.31
5,7,0.126
5,7,1.151
5,7,1.101
5,7,1.188
5,7,0.888
5,7,1.404
5,7,0.759
5,7,1.303
5,7,0.836
5,7,1.133
5,7,1.46
5,7,1.074
5,8,0.055
5,8,0.857
5,8,0.772
5,8,0.391
5,8,0.946
5,8,0.118
5,8,0.066
5,8,0.744
5,8,0.983
5,8,1.355
5,8,1.092
5,8,0.647
5,8,0.593
5,8,0.969
5,9,0.421
5,9,0.441
5,9,1.082
5,9,0.538
5,9,0.55
5,9,0.779
5,9,0.857
5,9,0.046
5,9,0.323
5,9,1.02
5,9,1.073
5,9,0.306
5,9,0.36
5,9,0.434
5,9,0.073
5,9,0.861
5,9,0.132
5,10,0.067
5,10,0.931
5,10,1.52
5,10,0.525
5,10,0.541
5,10,0.819
5,10,0.939
5,10,0.545
5,10,1.069
5,10,0.576
5,10,0.992
5,10,0.574
5,10,0.079
5,10,0.887
5,10,0.064
5,10,0.618
5,10,0.089
5,10,1.022
5,11,0.997
5,11,0.442
5,11,0.571
5,11,0.765
5,11,1.283
5,11,0.793
5,11,0.95
5,11,0.074
5,11,0.02
5,11,0.261
5,11,0.618
5,11,0.496
5,11,1.034
5,11,0.618
5,11,0.061
5,11,0.993
5,11,0.899
5,11,0.474
5,12,0.033
5,12,0.098
5,12,1.078
5,12,0.726
5,12,0.882
5,12,0.472
5,12,0.796
5,12,0.901
5,12,0.531
5,12,0.033
5,12,0.037
5,12,0.417
5,12,0.034
5,12,0.909
5,12,0.2
5,13,0.348
5,13,0.269
5,13,0.124
5,13,0.062
5,13,0.407
5,13,0.822
5,13,0.965
5,13,1.042
5,13,1.555
5,13,0.4
5,13,0.818
5,13,0.205
5,13,1.35
5,13,0.393
5,13,0.357
5,14,0.348
5,14,0.038
5,14,0.398
5,14,0.011
5,14,0.562
5,14,0.954
5,14,0.693
5,14,0.583
5,14,0.405
5,14,0.034
5,14,0.997
5,14,1.882
5,14,1.351
5,14,1.263
5,14,0.86
5,14,0.402
5,15,1.222
5,15,0.926
5,15,0.091
5,15,0.836
5,15,0.021
5,15,0.715
5,15,0.036
5,15,1.37
5,15,0.585
5,15,0.034
5,15,0.267
5,15,0.132
5,15,1.384
5,15,0.051
5,15,0.011
5,15,1.024
5,15,0.051
5,15,0.164
5,15,0.381
5,16,0.022
5,16,1.419
5,16,0.52
5,16,0.014
5,16,0.708
5,16,1.362
5,16,0.479
5,16,0.598
5,16,0.99
5,16,0.933
5,16,0.143
5,16,0.852
5,17,0.008
5,17,0.107
5,17,1.214
5,17,0.913
5,17,0.425
5,17,0.416
5,17,0.587
5,17,0.056
5,17,0.11
5,17,0.645
5,17,1.374
5,18,0.105
5,18,1.2
5,18,1.864
5,18,0.959
5,18,0.222
5,18,0.871
5,18,0.014
5,18,0.934
5,18,1.101
5,18,0.375
5,18,1.277
5,18,0.451
5,18,0.775
5,19,0.551
5,19,0.796
5,19,1.084
5,19,0.058
5,19,0.644
5,19,1.101
5,19,0.712
5,19,0.594
5,19,0.878
5,19,0.883
5,19,0.918
5,19,0.341
5,19,0.862
5,19,0.787
5,19,0.995
5,20,0.023
5,20,0.106
5,20,0.071
5,20,0.855
5,20,1.216
5,20,0.768
5,20,0.114
5,20,0.057
5,20,0.061
5,20,0.046
5,21,0.03
5,21,0.569
5,21,1.169
5,21,1.022
5,21,1.756
5,21,0.664
5,21,1.131
5,21,0.881
5,21,2.071
5,21,0.036
5,21,0.561
5,21,1.039
5,21,0.451
5,22,0.389
5,22,1.023
5,22,0.724
5,22,0.963
5,22,0.787
5,22,0.109
5,22,0.089
5,22,1.612
5,23,0.058
5,23,0.044
5,23,0.946
5,23,0.839
5,23,0.097
5,23,0.045
5,23,0.011
5,23,0.015
5,23,1.106
5,23,0.491
5,23,0.019
5,23,1.085
5,23,0.578
5,23,0.797
5,23,0.127
5,23,1.442
5,23,0.877
5,23,1.009
5,23,0.689
5,23,0.234
5,24,1.365
5,24,0.986
5,24,0.917
5,24,0.049
5,24,0.777
5,24,0.733
5,24,0.487
5,24,0.82
5,24,1.124
5,24,0.489
5,24,0.437
5,24,0.171
5,24,0.136
5,24,0.145
5,24,0.754
5,24,1.461
5,24,0.455
5,25,0.628
5,25,0.375
5,25,1.132
5,25,1.133
5,25,0.924
5,25,0.147
5,25,0.259
5,25,0.948
5,25,0.075
5,25,1.109
5,25,0.896
5,25,0.838
5,25,1.033
5,25,0.965
5,25,0.511
5,26,0.193
5,26,0.93
5,26,0.828
5,26,1.072
5,26,1.602
5,26,0.88
5,26,0.077
5,26,0.624
5,26,0.046
5,26,0.155
5,26,0.03
5,26,1.268
5,26,0.053
5,27,0.149
5,27,1.014
5,27,0.863
5,27,0.563
5,27,0.922
5,27,0.922
5,27,0.916
5,27,0.121
5,27,0.089
5,27,0.413
5,27,0.531
5,27,1.085
5,27,1.454
5,27,0.063
5,28,0.101
5,28,0.689
5,28,0.122
5,28,1.463
5,28,0.089
5,28,1.415
5,28,0.012
5,28,0.646
5,28,0.034
5,28,0.104
5,28,0.974
5,29,0.065
5,29,0.645
5,29,0.967
5,29,0.035
5,29,0.255
5,29,0.07
5,29,0.007
5,29,0.973
5,29,0.972
5,29,0.522
5,29,0.628
5,29,0.453
5,29,1.053
5,29,0.466
5,29,1.845
5,30,0.829
5,30,0.043
5,30,0.047
5,30,0.712
5,30,1.05
5,30,0.755
5,30,0.063
6,1,2.14
6,1,0.319
6,1,1.158
6,1,1.65
6,1,1.437
6,1,0.786
6,1,0.798
6,1,1.027
6,1,0.38
6,1,0.774
6,1,0.926
6,1,1.224
6,1,0.544
6,1,1.298
6,1,0.311
6,1,0.792
6,1,0.053
6,1,1.182
6,1,1.959
6,1,0.981
6,1,1.107
6,1,1.617
6,1,0.042
6,1,1.153
6,1,1.001
6,1,1.869
6,1,1.069
6,1,0.997
6,1,1.765
6,1,1.019
6,1,0.957
6,1,0.951
6,1,1.281
6,1,1.537
6,1,0.845
6,1,0.085
6,1,1.234
6,1,1.084
6,1,1.474
6,1,0.578
6,1,1.047
6,1,1.168
6,1,0.061
6,1,0.015
6,2,0.933
6,2,1.328
6,2,0.395
6,2,1.027
6,2,0.942
6,2,0.926
6,2,1.075
6,2,0.48
6,2,1.307
6,2,1.066
6,2,0.785
6,2,1.376
6,2,0.894
6,2,1.093
6,2,0.842
6,2,1.515
6,2,1.369
6,2,0.512
6,2,0.082
6,2,0.532
6,2,0.918
6,2,0.778
6,2,1.286
6,2,0.054
6,2,0.806
6,2,0.844
6,2,1.398
6,2,0.684
6,2,1.078
6,2,1.29
6,2,0.711
6,2,0.929
6,2,1.319
6,2,0.991
6,2,0.603
6,2,1.259
6,2,0.622
6,2,0.9
6,2,1.082
6,2,1.32
6,2,0.849
6,2,1.447
6,2,0.974
6,3,0.596
6,3,0.998
6,3,0.219
6,3,0.865
6,3,0.9
6,3,0.019
6,3,1.17
6,3,0.411
6,3,1.678
6,3,0.945
6,3,0.463
6,3,0.971
6,3,0.535
6,3,0.152
6,3,0.696
6,3,1.008
6,3,0.853
6,3,0.669
6,3,0.515
6,3,0.457
6,3,0.067
6,3,1.269
6,3,0.881
6,3,0.7
6,3,0.824
6,3,0.514
6,3,0.455
6,3,1.036
6,3,1.469
6,3,0.794
6,3,1.303
6,3,0.753
6,3,0.045
6,3,0.323
6,3,0.971
6,3,0.954
6,3,0.926
6,3,0.432
6,3,0.983
6,3,1.167
6,3,1.129
6,4,0.852
6,4,0.696
6,4,0.068
6,4,1.255
6,4,1.421
6,4,2.157
6,4,1.003
6,4,0.073
6,4,1.493
6,4,0.452
6,4,0.637
6,4,1.024
6,4,1.401
6,4,0.495
6,4,0.362
6,4,0.53
6,4,0.712
6,4,0.118
6,4,2.333
6,4,0.906
6,4,0.715
6,4,1.189
6,4,0.863
6,4,0.886
6,4,0.939
6,4,0.848
6,4,0.924
6,4,0.55
6,4,0.977
6,4,1.402
6,4,0.019
6,4,0.889
6,4,0.31
6,4,1.163
6,4,0.739
6,5,0.828
6,5,0.409
6,5,0.833
6,5,0.611
6,5,1.432
6,5,0.059
6,5,0.719
6,5,0.491
6,5,0.965
6,5,0.652
6,5,1.055
6,5,0.993
6,5,0.69
6,5,0.991
6,5,1.044
6,5,0.515
6,5,0.395
6,5,0.988
6,5,0.591
6,5,0.25
6,5,0.488
6,5,0.496
6,5,0.743
6,5,0.101
6,5,1.018
6,5,1.186
6,5,0.011
6,5,0.504
6,5,0.731
6,5,0.9
6,6,0.245
6,6,0.741
6,6,0.047
6,6,0.869
6,6,0.039
6,6,0.74
6,6,0.86
6,6,0.243
6,6,0.055
6,6,0.319
6,6,0.71
6,6,0.42
6,6,0.567
6,6,1.163
6,6,0.046
6,6,0.928
6,6,1.062
6,6,0.533
6,6,0.696
6,6,0.661
6,6,0.435
6,6,0.43
6,6,1.416
6,6,0.241
6,6,0.888
6,6,1.345
6,6,0.92
6,6,1.079
6,6,0.744
6,6,0.628
6,6,0.723
6,6,0.483
6,6,0.483
6,6,0.606
6,6,0.764
6,6,0.866
6,6,1.421
6,7,0.026
6,7,0.538
6,7,0.322
6,7,0.61
6,7,0.633
6,7,0.707
6,7,1.029
6,7,0.648
6,7,0.756
6,7,0.25
6,7,0.513
6,7,0.849
6,7,0.879
6,7,0.566
6,7,0.724
6,7,0.347
6,7,0.758
6,7,1.097
6,7,0.846
6,7,0.334
6,7,0.406
6,7,0.777
6,7,0.33
6,7,0.622
6,8,0.562
6,8,1.322
6,8,0.383
6,8,0.065
6,8,0.188
6,8,0.025
6,8,1.284
6,8,0.185
6,8,0.034
6,8,0.27
6,8,0.891
6,8,0.019
6,8,0.909
6,8,1.068
6,8,1.228
6,8,1.193
6,8,0.461
6,8,0.522
6,8,0.767
6,8,0.471
6,8,0.929
6,8,0.573
6,8,0.425
6,8,0.766
6,9,0.814
6,9,1.139
6,9,0.052
6,9,0.399
6,9,0.836
6,9,0.738
6,9,0.319
6,9,0.631
6,9,0.592
6,9,0.033
6,9,0.468
6,9,0.759
6,9,0.285
6,9,0.563
6,9,0.595
6,9,0.974
6,9,0.758
6,9,0.025
6,9,0.037
6,9,0.808
6,9,0.494
6,9,0.559
6,9,0.424
6,9,0.537
6,9,0.046
6,9,0.649
6,9,0.681
6,9,0.811
6,9,0.628
6,9,0.747
6,10,0.996
6,10,0.424
6,10,0.297
6,10,0.515
6,10,0.18
6,10,0.735
6,10,0.11
6,10,0.45
6,10,0.507
6,10,0.587
6,10,0.708
6,10,0.619
6,10,0.04
6,10,0.995
6,10,0.89
6,10,0.725
6,10,0.502
6,10,0.961
6,10,0.862
6,10,1.042
6,10,0.138
6,10,0.819
6,10,0.721
6,10,0.666
6,10,1.26
6,10,0.869
6,10,0.664
6,10,0.951
6,10,0.607
6,10,0.86
6,11,1.28
6,11,0.061
6,11,0.951
6,11,0.861
6,11,0.599
6,11,0.882
6,11,0.84
6,11,1.108
6,11,0.011
6,11,0.059
6,11,0.452
6,11,0.507
6,11,1.079
6,11,0.605
6,11,1.364
6,11,0.01
6,11,1.015
6,11,0.483
6,11,0.111
6,11,0.555
6,11,0.813
6,11,0.008
6,11,0.017
6,11,0.81
6,11,0.071
6,11,0.566
6,11,0.144
6,11,0.088
6,11,0.706
6,11,0.253
6,11,0.007
6,11,0.652
6,11,0.125
6,11,1.214
6,12,0.671
6,12,1.363
6,12,0.064
6,12,0.727
6,12,1.468
6,12,0.643
6,12,0.201
6,12,0.814
6,12,1.514
6,12,0.64
6,12,0.133
6,12,0.078
6,12,1.41
6,12,0.499
6,12,0.87
6,12,0.571
6,12,0.732
6,12,0.455
6,12,0.513
6,12,0.783
6,12,0.499
6,12,1.226
6,12,0.086
6,12,0.036
6,13,0.867
6,13,0.049
6,13,0.029
6,13,0.021
6,13,0.073
6,13,0.093
6,13,0.662
6,13,0.45
6,13,0.63
6,13,0.047
6,13,0.346
6,13,0.364
6,13,0.422
6,13,1.08
6,13,0.725
6,13,1.045
6,13,0.026
6,13,1.117
6,13,0.038
6,13,0.052
6,13,0.425
6,13,0.387
6,13,1.113
6,13,0.053
6,13,0.013
6,13,0.987
6,14,0.761
6,14,0.643
6,14,0.232
6,14,0.112
6,14,1.121
6,14,0.299
6,14,1.636
6,14,0.556
6,14,0.036
6,14,0.065
6,14,0.541
6,14,0.784
6,14,0.9
6,14,0.509
6,14,0.212
6,14,0.467
6,14,0.039
6,14,0.871
6,14,0.564
6,14,0.699
6,14,0.861
6,15,0.322
6,15,0.233
6,15,1.173
6,15,0.904
6,15,0.815
6,15,1.629
6,15,0.766
6,15,0.067
6,15,0.863
6,15,0.654
6,15,0.456
6,15,0.647
6,15,1.203
6,15,0.935
6,15,0.329
6,15,0.672
6,15,0.633
6,15,0.516
6,15,0.782
6,16,1.128
6,16,0.049
6,16,0.296
6,16,0.131
6,16,0.514
6,16,0.85
6,16,0.701
6,16,0.541
6,16,0.081
6,16,0.061
6,16,1.246
6,16,1.282
6,16,0.54
6,16,0.685
6,16,0.156
6,16,1.224
6,16,1.003
6,16,0.054
6,16,0.836
6,16,0.772
6,16,0.712
6,17,0.339
6,17,0.505
6,17,0.909
6,17,0.021
6,17,0.979
6,17,0.13
6,17,0.455
6,17,0.434
6,17,0.851
6,17,1.098
6,17,1.586
6,17,0.818
6,17,0.726
6,17,1.436
6,18,0.097
6,18,0.553
6,18,0.032
6,18,0.646
6,18,0.177
6,18,0.917
6,18,0.041
6,18,0.444
6,18,0.636
6,18,0.414
6,18,0.574
6,18,0.513
6,18,0.079
6,18,1.238
6,18,0.042
6,18,0.834
6,18,0.536
6,18,1.33
6,18,0.194
6,18,0.541
6,19,0.017
6,19,0.993
6,19,0.068
6,19,0.065
6,19,1.09
6,19,0.891
6,19,0.114
6,19,0.594
6,19,0.037
6,19,0.48
6,19,0.01
6,19,0.407
6,19,0.526
6,19,0.156
6,19,0.78
6,19,0.929
6,19,0.211
6,19,0.41
6,19,0.049
6,20,0.201
6,20,0.609
6,20,0.263
6,20,0.87
6,20,0.023
6,20,1.238
6,20,0.059
6,20,0.621
6,20,0.194
6,20,0.007
6,20,1.09
6,20,1.14
6,20,0.601
6,20,1.04
6,20,0.321
6,20,0.076
6,20,0.013
6,20,0.223
6,20,0.243
6,20,0.616
6,21,1.9
6,21,0.869
6,21,0.64
6,21,0.111
6,21,0.929
6,21,0.844
6,21,0.067
6,21,0.081
6,21,0.03
6,21,0.908
6,21,0.117
6,21,0.078
6,21,0.517
6,21,0.037
6,21,0.706
6,21,0.977
6,21,0.895
6,22,0.181
6,22,0.855
6,22,0.629
6,22,0.052
6,22,0.534
6,22,0.587
6,22,1.094
6,22,0.559
6,22,0.424
6,22,0.707
6,22,0.041
6,22,0.805
6,22,0.822
6,22,0.786
6,22,0.292
6,22,0.179
6,22,1.071
6,22,0.664
6,22,0.274
6,22,0.752
6,22,0.029
6,22,1.309
6,23,1.225
6,23,0.305
6,23,0.036
6,23,1.263
6,23,0.652
6,23,0.571
6,23,0.997
6,23,0.82
6,23,1.148
6,23,0.03
6,23,0.463
6,23,0.058
6,23,0.024
6,23,1.313
6,23,0.035
6,23,1.303
6,23,0.072
6,23,0.435
6,24,0.079
6,24,0.444
6,24,0.978
6,24,0.522
6,24,0.844
6,24,0.647
6,24,0.283
6,24,0.055
6,24,0.071
6,24,0.049
6,24,0.759
6,24,0.799
6,24,0.05
6,24,0.485
6,24,1.075
6,24,1.632
6,25,0.548
6,25,0.072
6,25,0.733
6,25,0.171
6,25,0.098
6,25,0.839
6,25,1.483
6,25,0.679
6,25,0.13
6,25,0.091
6,25,0.307
6,25,0.286
6,25,0.321
6,25,0.041
6,25,0.634
6,25,0.826
6,25,0.307
6,26,0.041
6,26,0.49
6,26,0.831
6,26,0.373
6,26,0.937
6,26,0.068
6,26,0.05
6,26,0.596
6,26,0.466
6,26,0.853
6,26,0.302
6,26,0.947
6,26,1.379
6,26,0.268
6,26,0.812
6,26,0.89
6,26,0.782
6,27,0.082
6,27,0.902
6,27,0.113
6,27,0.773
6,27,0.721
6,27,0.246
6,27,0.708
6,27,0.682
6,27,0.106
6,27,0.482
6,27,0.863
6,27,0.447
6,27,0.713
6,27,0.365
6,27,1.564
6,28,0.09
6,28,0.463
6,28,0.909
6,28,0.195
6,28,0.769
6,28,0.448
6,28,0.162
6,28,0.572
6,28,0.007
6,28,0.473
6,28,0.115
6,28,0.113
6,28,0.136
6,28,0.034
6,28,0.048
6,28,0.016
6,28,1.015
6,28,0.036
6,28,0.706
6,28,0.997
6,28,0.621
6,28,0.074
6,29,0.025
6,29,0.573
6,29,0.595
6,29,0.622
6,29,0.156
6,29,0.238
6,29,0.878
6,29,0.801
6,29,0.596
6,29,0.084
6,29,1.3
6,29,1.154
6,29,0.021
6,29,0.601
6,29,1.039
6,29,0.146
6,29,0.208
6,30,0.056
6,30,1.356
6,30,0.037
6,30,0.421
6,30,0.863
6,30,0.537
6,30,0.012
6,30,0.205
6,30,0.785
6,30,0.931
6,30,0.096
6,30,1.303
6,30,0.736
6,30,0.704
6,30,0.045
6,30,0.11
6,30,0.56
6,30,0.644
6,30,0.075
7,1,0.851
7,1,1.429
7,1,0.04
7,1,0.528
7,1,1.298
7,1,1.322
7,1,1.043
7,1,0.576
7,1,1.301
7,1,0.838
7,1,0.646
7,1,0.862
7,1,0.987
7,1,1.526
7,1,0.463
7,1,0.742
7,1,0.729
7,1,1.229
7,1,1.254
7,1,1.332
7,1,0.584
7,1,0.682
7,1,0.667
7,1,0.801
7,1,0.545
7,1,0.25
7,1,0.76
7,1,0.791
7,1,1.37
7,1,1.228
7,2,0.739
7,2,0.737
7,2,0.894
7,2,1.124
7,2,0.386
7,2,1.016
7,2,0.327
7,2,0.87
7,2,1.065
7,2,1.021
7,2,0.974
7,2,0.088
7,2,1.342
7,2,0.804
7,2,0.065
7,2,0.788
7,2,1.304
7,2,0.227
7,2,0.72
7,2,1.083
7,2,0.797
7,2,0.699
7,2,0.438
7,2,0.879
7,2,1.029
7,2,0.034
7,2,0.451
7,2,0.743
7,2,1.224
7,3,0.368
7,3,0.809
7,3,1.322
7,3,1.006
7,3,1.381
7,3,0.671
7,3,1.137
7,3,0.747
7,3,1.056
7,3,0.84
7,3,0.849
7,3,1.116
7,3,0.034
7,3,1.08
7,3,0.493
7,3,0.773
7,3,0.469
7,3,0.87
7,3,1.213
7,3,0.828
7,3,0.914
7,3,1.466
7,3,0.631
7,3,0.451
7,3,1.517
7,3,0.522
7,3,1.735
7,3,1.023
7,3,1.155
7,3,0.931
7,3,0.797
7,4,0.237
7,4,0.65
7,4,0.512
7,4,0.815
7,4,0.764
7,4,0.989
7,4,1
7,4,1.085
7,4,0.9
7,4,0.702
7,4,0.675
7,4,0.398
7,4,0.782
7,4,0.936
7,4,0.293
7,4,0.354
7,4,1.304
7,4,0.063
7,4,1.634
7,4,1.048
7,4,0.07
7,4,1.167
7,4,0.739
7,4,1.034
7,4,0.862
7,4,1.053
7,4,1.058
7,4,0.75
7,4,1.11
7,5,0.578
7,5,0.055
7,5,0.05
7,5,0.424
7,5,0.041
7,5,1.128
7,5,0.912
7,5,0.51
7,5,1.083
7,5,0.425
7,5,0.679
7,5,1.144
7,5,0.59
7,5,0.612
7,5,0.854
7,5,0.071
7,5,0.736
7,5,0.113
7,5,0.3
7,5,0.653
7,5,0.481
7,5,0.287
7,5,0.821
7,6,1.463
7,6,0.594
7,6,0.454
7,6,0.605
7,6,0.417
7,6,0.085
7,6,1.34
7,6,0.147
7,6,0.311
7,6,0.69
7,6,0.85
7,6,0.19
7,6,0.53
7,6,0.106
7,6,0.837
7,6,1.324
7,6,0.039
7,6,0.692
7,6,0.458
7,6,0.246
7,6,1.452
7,6,1.229
7,6,0.306
7,6,0.841
7,6,0.305
7,6,0.485
7,7,0.838
7,7,1.377
7,7,0.333
7,7,0.009
7,7,0.544
7,7,0.94
7,7,1.216
7,7,0.834
7,7,1.078
7,7,1.003
7,7,0.825
7,7,0.926
7,7,0.458
7,7,0.53
7,7,0.729
7,7,0.421
7,7,0.071
7,7,0.936
7,7,0.574
7,7,0.837
7,7,0.059
7,7,0.67
7,7,1.326
7,7,0.798
7,7,0.738
7,7,0.928
7,8,0.436
7,8,0.886
7,8,0.978
7,8,0.704
7,8,1.552
7,8,0.624
7,8,0.923
7,8,0.941
7,8,0.956
7,8,0.765
7,8,0.128
7,8,0.489
7,8,0.487
7,8,0.654
7,8,0.64
7,8,0.821
7,8,0.72
7,8,0.889
7,8,0.677
7,8,0.416
7,8,0.857
7,8,0.142
7,8,0.251
7,8,0.687
7,9,0.67
7,9,0.79
7,9,1.698
7,9,0.871
7,9,0.186
7,9,1.019
7,9,0.587
7,9,0.471
7,9,1.826
7,9,0.456
7,9,0.01
7,9,0.732
7,9,0.498
7,9,1.286
7,9,0.309
7,9,0.085
7,9,0.517
7,9,0.55
7,9,0.912
7,9,1.442
7,9,0.848
7,10,1.019
7,10,0.066
7,10,1.036
7,10,0.563
7,10,0.83
7,10,1.151
7,10,0.237
7,10,0.722
7,10,0.827
7,10,0.946
7,10,1.03
7,10,0.767
7,10,0.185
7,10,0.916
7,10,0.064
7,10,0.226
7,10,1.184
7,10,0.772
7,10,0.79
7,10,1.383
7,10,0.755
7,10,1.242
7,10,1.306
7,11,0.953
7,11,0.383
7,11,0.821
7,11,0.51
7,11,0.428
7,11,0.982
7,11,0.448
7,11,0.948
7,11,1.225
7,11,0.174
7,11,1.568
7,11,0.881
7,11,0.602
7,11,1.524
7,11,0.088
7,11,0.42
7,11,0.694
7,11,0.322
7,12,0.51
7,12,0.036
7,12,0.79
7,12,0.73
7,12,1.356
7,12,0.859
7,12,0.015
7,12,0.677
7,12,0.374
7,12,0.763
7,12,0.509
7,12,1.043
7,12,0.91
7,12,2.001
7,12,0.217
7,12,0.039
7,13,1.023
7,13,0.621
7,13,0.871
7,13,0.202
7,13,0.252
7,13,0.05
7,13,0.052
7,13,0.725
7,13,0.416
7,13,1.085
7,13,0.818
7,13,0.442
7,13,0.695
7,13,0.344
7,13,1.375
7,13,0.628
7,13,0.255
7,13,0.395
7,13,0.216
7,14,1.173
7,14,1.067
7,14,0.988
7,14,1.305
7,14,0.986
7,14,0.809
7,14,0.262
7,14,1.746
7,14,0.221
7,14,0.704
7,14,0.384
7,14,0.077
7,14,0.37
7,14,0.172
7,14,0.063
7,14,0.132
7,14,0.652
7,14,0.015
7,14,0.014
7,15,0.978
7,15,0.705
7,15,0.011
7,15,0.997
7,15,1.009
7,15,0.115
7,15,0.563
7,15,0.06
7,15,0.069
7,15,0.281
7,15,0.045
7,15,1.372
7,15,0.408
7,15,0.863
7,15,0.114
7,15,0.31
7,15,0.679
7,15,1.177
7,16,0.643
7,16,0.633
7,16,0.014
7,16,1.015
7,16,0.011
7,16,0.85
7,16,0.361
7,16,0.567
7,16,0.64
7,16,0.984
7,16,0.15
7,16,0.485
7,16,0.087
7,16,0.884
7,16,0.721
7,16,0.066
7,16,0.82
7,16,0.943
7,16,0.183
7,17,0.198
7,17,1.075
7,17,0.868
7,17,0.95
7,17,0.946
7,17,0.945
7,17,0.545
7,17,0.729
7,17,0.026
7,17,0.127
7,17,0.089
7,17,0.866
7,17,0.323
7,18,0.827
7,18,1.329
7,18,0.738
7,18,0.516
7,18,0.668
7,18,0.647
7,18,0.704
7,18,0.112
7,18,0.723
7,18,0.546
7,18,0.509
7,18,0.875
7,18,0.557
7,18,0.991
7,18,0.039
7,19,1.096
7,19,1.083
7,19,0.66
7,19,1.068
7,19,1.008
7,19,1.142
7,19,1.096
7,19,0.075
7,19,0.472
7,19,1.41
7,19,0.048
7,19,1.101
7,19,0.679
7,19,0.395
7,20,0.582
7,20,0.957
7,20,2.237
7,20,0.732
7,20,0.729
7,20,0.045
7,20,0.01
7,20,0.465
7,20,0.399
7,20,1.5
7,20,0.062
7,21,0.318
7,21,1.286
7,21,1.063
7,21,0.011
7,21,1.046
7,21,0.064
7,21,0.58
7,21,0.706
7,21,0.913
7,21,0.539
7,21,0.66
7,21,0.024
7,21,0.585
7,21,0.468
7,22,0.964
7,22,0.792
7,22,1.011
7,22,0.267
7,22,1.231
7,22,0.014
7,22,0.335
7,22,0.929
7,22,1.026
7,22,1.2
7,22,0.183
7,23,0.229
7,23,0.663
7,23,1.195
7,23,0.512
7,23,0.224
7,23,0.964
7,23,0.934
7,23,0.88
7,23,0.442
7,23,0.248
7,24,0.4
7,24,0.156
7,24,0.495
7,24,0.782
7,24,0.052
7,24,1.323
7,24,0.683
7,24,0.792
7,24,0.314
7,24,0.038
7,24,0.622
7,24,0.156
7,25,0.097
7,25,0.491
7,25,0.237
7,25,0.435
7,25,0.516
7,25,0.766
7,25,0.556
7,25,0.038
7,25,0.104
7,25,0.768
7,25,0.272
7,25,0.073
7,25,0.071
7,26,0.212
7,26,0.95
7,26,0.354
7,26,0.349
7,26,0.064
7,26,0.656
7,26,1.297
7,26,0.041
7,26,0.669
7,26,0.031
7,26,0.096
7,26,0.086
7,26,0.13
7,26,0.255
7,26,0.017
7,27,0.028
7,27,0.714
7,27,0.05
7,27,0.395
7,27,0.571
7,27,0.061
7,27,0.406
7,27,0.435
7,27,0.269
7,27,0.198
7,27,0.762
7,27,0.345
7,27,0.193
7,27,0.512
7,28,0.016
7,28,0.868
7,28,0.079
7,28,0.538
7,28,1.442
7,28,0.124
7,28,0.681
7,28,0.048
7,28,0.72
7,28,0.675
7,28,0.923
7,28,0.249
7,28,0.068
7,28,0.088
7,28,0.363
7,28,0.031
7,28,0.402
7,28,1.166
7,28,0.109
7,29,0.034
7,29,0.44
7,29,0.056
7,29,0.423
7,29,0.534
7,29,0.08
7,29,1.214
7,29,0.081
7,29,0.094
7,29,1.06
7,30,1.089
7,30,0.519
7,30,0.019
7,30,0.499
7,30,0.49
7,30,0.034
7,30,0.727
7,30,0.092
7,30,0.604
7,30,0.019
7,30,0.963
7,30,1.013
8,1,0.871
8,1,1.345
8,1,1.459
8,1,1.429
8,1,1.667
8,1,1.623
8,1,1.597
8,1,1.393
8,1,0.914
8,1,1.05
8,1,1.11
8,1,1.483
8,1,1.138
8,1,0.245
8,1,0.983
8,1,1.532
8,1,0.968
8,1,1.076
8,1,0.049
8,1,1.343
8,1,0.683
8,1,1.106
8,1,1.068
8,1,1.599
8,1,0.509
8,1,1.145
8,1,1.357
8,1,1.656
8,1,1.351
8,1,1.825
8,1,0.502
8,1,1.507
8,1,0.592
8,1,1.239
8,1,0.228
8,2,0.858
8,2,0.635
8,2,0.616
8,2,0.123
8,2,0.668
8,2,0.022
8,2,1.397
8,2,0.767
8,2,1.371
8,2,1.001
8,2,1.301
8,2,0.027
8,2,1.429
8,2,0.742
8,2,0.389
8,2,0.82
8,2,0.605
8,2,1.166
8,2,0.823
8,2,0.976
8,2,0.921
8,2,0.091
8,2,0.873
8,2,1.016
8,2,1.145
8,2,1.485
8,2,1.381
8,2,1.073
8,3,0.782
8,3,0.999
8,3,0.858
8,3,0.487
8,3,0.747
8,3,2.317
8,3,1.202
8,3,0.963
8,3,0.918
8,3,0.102
8,3,0.738
8,3,1.03
8,3,1.3
8,3,0.15
8,3,0.606
8,3,1.484
8,3,0.152
8,3,1.032
8,3,1.123
8,3,1.478
8,3,0.894
8,3,1.475
8,3,0.017
8,3,1.152
8,3,0.539
8,3,0.791
8,3,0.915
8,3,0.065
8,3,0.008
8,3,1.184
8,3,0.435
8,3,0.853
8,4,0.806
8,4,0.822
8,4,0.291
8,4,0.058
8,4,0.436
8,4,1.19
8,4,1.045
8,4,0.108
8,4,0.085
8,4,0.639
8,4,0.792
8,4,1.032
8,4,0.699
8,4,0.21
8,4,0.598
8,4,0.963
8,4,1.858
8,4,1.398
8,4,0.939
8,4,1.428
8,4,0.399
8,4,0.486
8,4,1.46
8,4,0.655
8,4,0.004
8,4,0.202
8,4,0.921
8,4,0.456
8,4,0.908
8,4,1.298
8,4,1.086
8,4,0.889
8,4,1.703
8,4,0.571
8,4,1.054
8,4,0.603
8,5,0.662
8,5,0.385
8,5,0.745
8,5,0.063
8,5,1.165
8,5,0.171
8,5,0.967
8,5,1.63
8,5,1.681
8,5,0.055
8,5,1.224
8,5,0.821
8,5,0.67
8,5,0.81
8,5,0.058
8,5,0.392
8,5,0.046
8,5,0.697
8,5,0.568
8,5,0.986
8,5,0.531
8,5,0.375
8,5,0.408
8,5,0.514
8,5,0.805
8,5,0.382
8,5,1.452
8,5,0.406
8,5,0.957
8,5,2.049
8,6,0.751
8,6,0.457
8,6,0.833
8,6,0.079
8,6,0.909
8,6,0.572
8,6,1.172
8,6,0.039
8,6,0.018
8,6,0.777
8,6,0.79
8,6,0.103
8,6,1.066
8,6,0.605
8,6,1.519
8,6,0.49
8,6,0.404
8,6,0.631
8,6,0.366
8,6,0.338
8,6,0.522
8,6,0.754
8,6,0.118
8,6,1.189
8,6,1.028
8,6,0.763
8,6,0.354
8,6,0.654
8,6,1.091
8,6,0.825
8,6,1.511
8,6,1.01
8,6,0.163
8,6,1.282
8,7,0.575
8,7,0.789
8,7,0.7
8,7,0.014
8,7,0.546
8,7,0.565
8,7,0.105
8,7,0.547
8,7,0.462
8,7,0.636
8,7,0.901
8,7,0.944
8,7,0.386
8,7,0.082
8,7,0.035
8,7,1.034
8,7,0.786
8,7,1.128
8,7,0.04
8,7,0.687
8,7,0.718
8,7,0.56
8,7,1.563
8,8,0.071
8,8,0.702
8,8,0.397
8,8,0.011
8,8,0.702
8,8,0.788
8,8,0.567
8,8,0.064
8,8,0.004
8,8,0.924
8,8,0.667
8,8,1.398
8,8,0.913
8,8,1.054
8,8,1.319
8,8,0.788
8,8,0.102
8,8,1.051
8,8,1.554
8,8,0.049
8,8,1.284
8,8,0.808
8,8,0.282
8,8,0.117
8,8,0.389
8,8,0.501
8,8,1.055
8,8,0.847
8,8,0.694
8,9,0.681
8,9,0.029
8,9,0.045
8,9,0.23
8,9,0.143
8,9,0.742
8,9,1.527
8,9,0.665
8,9,1.136
8,9,0.153
8,9,0.863
8,9,0.027
8,9,1.324
8,9,0.293
8,9,0.006
8,9,1.123
8,9,1.869
8,9,0.099
8,9,0.61
8,9,0.116
8,9,1.088
8,9,0.349
8,10,0.283
8,10,0.195
8,10,0.139
8,10,1.355
8,10,0.05
8,10,0.795
8,10,0.066
8,10,1.357
8,10,0.509
8,10,0.126
8,10,1.498
8,10,0.06
8,10,1.398
8,10,1.021
8,10,0.085
8,10,0.116
8,10,0.007
8,10,1.746
8,10,0.852
8,10,0.029
8,10,1.068
8,10,0.051
8,10,1.365
8,10,0.019
8,10,0.076
8,10,0.83
8,10,0.722
8,10,1.132
8,10,0.693
8,10,0.008
8,11,1.349
8,11,0.035
8,11,1.078
8,11,0.374
8,11,0.19
8,11,0.878
8,11,0.934
8,11,0.491
8,11,0.754
8,11,0.109
8,11,1.02
8,11,0.018
8,11,1.439
8,11,0.048
8,11,0.913
8,11,0.476
8,11,0.543
8,11,0.603
8,11,0.339
8,12,2.376
8,12,0.613
8,12,0.437
8,12,0.94
8,12,0.733
8,12,1.343
8,12,1.445
8,12,1.202
8,12,0.007
8,12,1.372
8,12,0.461
8,12,0.828
8,12,0.193
8,12,0.294
8,12,1.156
8,12,0.83
8,12,0.465
8,12,0.409
8,12,0.968
8,12,1.209
8,12,1.358
8,12,1.118
8,12,0.725
8,12,1.224
8,12,0.874
8,12,1.305
8,12,0.244
8,12,1.24
8,12,0.784
8,13,0.09
8,13,1.43
8,13,1.529
8,13,0.008
8,13,0.28
8,13,0.735
8,13,1.141
8,13,0.925
8,13,0.966
8,13,0.731
8,13,0.067
8,13,0.542
8,13,1.023
8,13,0.463
8,13,1.031
8,13,0.821
8,13,0.114
8,13,0.768
8,13,0.415
8,13,0.597
8,13,1.03
8,13,0.527
8,13,0.486
8,14,0.975
8,14,0.045
8,14,1.706
8,14,1.566
8,14,0.792
8,14,0.985
8,14,0.008
8,14,0.683
8,14,1.28
8,14,0.976
8,14,0.605
8,14,0.602
8,14,0.67
8,14,0.016
8,14,0.81
8,14,0.688
8,14,0.865
8,14,1.197
8,15,0.89
8,15,1.422
8,15,0.037
8,15,1.185
8,15,0.451
8,15,1.2
8,15,1.367
8,15,0.045
8,15,1.54
8,15,1.538
8,15,1.212
8,15,0.672
8,15,0.613
8,15,0.894
8,15,0.587
8,15,0.129
8,15,0.01
8,15,0.598
8,15,1.004
8,15,0.715
8,15,0.902
8,15,0.258
8,15,0.072
8,15,0.923
8,15,0.666
8,15,0.814
8,16,0.085
8,16,1.539
8,16,0.046
8,16,0.061
8,16,1.167
8,16,0.043
8,16,0.065
8,16,0.532
8,16,0.116
8,16,0.551
8,16,0.828
8,16,1.12
8,16,1.653
8,16,1.156
8,16,0.15
8,16,0.056
8,16,1.029
8,16,0.822
8,16,0.061
8,16,1.221
8,16,1.039
8,17,0.728
8,17,1.3
8,17,0.277
8,17,0.11
8,17,1.227
8,17,0.496
8,17,0.04
8,17,0.036
8,17,0.157
8,17,0.103
8,17,0.069
8,17,0.043
8,17,0.626
8,17,1.318
8,18,0.09
8,18,0.081
8,18,1.241
8,18,0.9
8,18,0.926
8,18,0.035
8,18,1.372
8,18,0.068
8,18,0.097
8,18,0.108
8,18,0.018
8,18,0.209
8,18,0.049
8,18,0.849
8,18,0.445
8,18,0.031
8,19,0.347
8,19,0.024
8,19,0.468
8,19,1.103
8,19,0.061
8,19,0.182
8,19,1.913
8,19,0.02
8,19,0.044
8,19,0.009
8,19,0.565
8,19,0.069
8,20,0.999
8,20,1.774
8,20,0.067
8,20,0.298
8,20,0.845
8,20,0.12
8,20,0.522
8,20,1.113
8,21,0.024
8,21,0.901
8,21,0.467
8,21,1.245
8,21,0.095
8,21,0.069
8,21,0.039
8,21,0.248
8,21,0.522
8,22,1.05
8,22,0.622
8,22,0.087
8,22,0.118
8,22,0.36
8,22,0.092
8,22,0.015
8,22,0.698
8,22,0.935
8,22,1.654
8,22,0.04
8,22,0.008
8,23,0.059
8,23,0.282
8,23,0.166
8,23,0.976
8,23,0.848
8,23,0.774
8,23,0.126
8,23,1.228
8,23,0.092
8,23,0.697
8,23,0.092
8,23,0.061
8,23,0.692
8,23,0.513
8,23,0.049
8,23,0.11
8,24,0.168
8,24,0.959
8,24,0.814
8,24,0.784
8,24,0.608
8,24,0.062
8,24,1.032
8,24,0.296
8,24,0.123
8,24,0.943
8,24,1.635
8,24,0.225
8,24,1.759
8,24,0.089
8,24,1.004
8,24,0.312
8,24,2.083
8,24,0.148
8,24,0.586
8,24,1.027
8,24,0.734
8,25,0.329
8,25,0.045
8,25,0.788
8,25,0.06
8,25,0.124
8,25,1.563
8,25,0.605
8,25,0.016
8,25,0.055
8,25,0.095
8,25,0.039
8,25,1.11
8,25,1.562
8,25,0.778
8,25,1.575
8,25,0.047
8,25,0.132
8,25,0.028
8,26,1.815
8,26,0.079
8,26,0.035
8,26,1.331
8,26,0.255
8,26,1.258
8,26,0.018
8,26,1.606
8,26,1.282
8,26,1.556
8,26,0.079
8,26,0.083
8,26,0.016
8,27,0.005
8,27,1.102
8,27,0.083
8,27,0.036
8,27,0.351
8,27,0.205
8,27,0.072
8,27,1.012
8,27,1.517
8,27,0.046
8,27,0.393
8,27,0.048
8,27,0.12
8,28,0.024
8,28,0.741
8,28,0.711
8,28,0.235
8,28,0.095
8,28,1.534
8,28,1.451
8,28,0.189
8,28,0.098
8,28,0.016
8,28,0.005
8,28,0.108
8,28,0.063
8,28,1.265
8,29,1.158
8,29,0.118
8,29,0.347
8,29,0.31
8,29,1.029
8,29,0.041
8,29,0.059
8,29,0.725
8,29,1.747
8,29,0.01
8,29,0.037
8,29,0.434
8,29,1.086
8,29,0.051
8,29,1.581
8,30,0.287
8,30,0.461
8,30,1.222
8,30,0.022
8,30,0.073
8,30,0.659
8,30,0.044
8,30,0.058
8,30,0.729
9,1,1.329
9,1,0.805
9,1,0.746
9,1,1.419
9,1,1.223
9,1,1.316
9,1,0.536
9,1,1.224
9,1,1.644
9,1,0.882
9,1,0.062
9,1,1.084
9,1,1.273
9,1,0.568
9,1,1.309
9,1,0.079
9,1,2.098
9,1,0.899
9,1,1.74
9,1,1.606
9,1,1.171
9,1,1.014
9,1,1.164
9,1,2.155
9,1,1.751
9,1,1.151
9,1,1.361
9,1,0.532
9,1,0.647
9,1,0.378
9,1,1.351
9,1,0.051
9,1,1.333
9,1,1.299
9,1,1.191
9,1,1.516
9,1,1.301
9,1,0.028
9,1,1.682
9,1,1.131
9,1,0.506
9,1,0.727
9,2,1.471
9,2,0.935
9,2,0.792
9,2,1.374
9,2,1.273
9,2,0.688
9,2,0.824
9,2,1.053
9,2,0.738
9,2,0.604
9,2,0.541
9,2,0.832
9,2,0.772
9,2,0.969
9,2,1.093
9,2,0.532
9,2,0.43
9,2,1.035
9,2,0.679
9,2,1.598
9,2,0.611
9,2,0.877
9,2,1.263
9,2,0.116
9,2,0.106
9,2,1.144
9,2,1.2
9,2,1.622
9,2,0.444
9,2,1.516
9,2,0.811
9,2,0.643
9,2,0.594
9,2,0.066
9,2,0.674
9,2,0.823
9,2,0.045
9,2,1.707
9,3,1.167
9,3,0.016
9,3,1.1
9,3,0.569
9,3,1.818
9,3,0.047
9,3,1.341
9,3,1.079
9,3,0.855
9,3,0.883
9,3,0.962
9,3,1.261
9,3,1.46
9,3,1.082
9,3,1.379
9,3,1.557
9,3,0.831
9,3,0.737
9,3,0.363
9,3,0.78
9,3,0.084
9,3,1.217
9,3,1.767
9,3,1.722
9,3,0.614
9,3,0.83
9,3,1.076
9,3,0.376
9,3,1.731
9,3,0.894
9,3,0.642
9,3,1.017
9,3,1.935
9,3,1.243
9,3,0.95
9,3,0.981
9,3,0.049
9,3,0.263
9,3,0.919
9,3,1.412
9,3,1.095
9,3,0.057
9,4,0.477
9,4,0.129
9,4,1.123
9,4,0.692
9,4,1.216
9,4,0.915
9,4,0.16
9,4,1.42
9,4,1.183
9,4,1.262
9,4,0.071
9,4,1.096
9,4,0.572
9,4,0.089
9,4,1.227
9,4,0.837
9,4,0.35
9,4,0.69
9,4,0.957
9,4,0.761
9,4,1.334
9,4,0.127
9,4,0.774
9,4,1.487
9,4,1.23
9,4,0.911
9,4,1.471
9,4,0.139
9,4,0.258
9,4,1.029
9,4,0.869
9,4,1.243
9,4,0.035
9,4,0.602
9,4,0.78
9,4,1.015
9,4,1.039
9,4,0.567
9,5,0.083
9,5,0.425
9,5,0.28
9,5,1.101
9,5,0.914
9,5,0.619
9,5,0.92
9,5,0.109
9,5,1.33
9,5,0.007
9,5,0.606
9,5,0.09
9,5,0.848
9,5,0.11
9,5,0.838
9,5,1.24
9,5,1.453
9,5,0.717
9,5,0.572
9,5,0.465
9,5,0.026
9,5,0.046
9,5,1.448
9,5,0.986
9,5,1.192
9,5,1.258
9,5,0.525
9,5,0.033
9,5,0.035
9,5,1.161
9,5,1.101
9,5,0.489
9,5,1.402
9,5,0.818
9,5,1.12
9,5,0.747
9,5,1.729
9,5,0.789
9,5,0.565
9,5,1.375
9,5,1.55
9,6,0.797
9,6,0.758
9,6,1.018
9,6,0.073
9,6,0.423
9,6,0.716
9,6,1.052
9,6,0.596
9,6,0.465
9,6,0.092
9,6,0.754
9,6,1.115
9,6,0.09
9,6,0.583
9,6,0.111
9,6,1.141
9,6,0.676
9,6,0.87
9,6,0.634
9,6,0.493
9,6,0.626
9,6,1.459
9,6,0.679
9,6,0.609
9,6,0.627
9,6,0.947
9,6,0.118
9,6,0.782
9,6,1.416
9,6,1.297
9,6,0.999
9,6,0.935
9,6,1.12
9,6,0.053
9,6,0.854
9,7,1.39
9,7,0.584
9,7,0.099
9,7,0.62
9,7,1.162
9,7,0.352
9,7,0.865
9,7,0.279
9,7,0.064
9,7,1.011
9,7,1.022
9,7,0.101
9,7,0.318
9,7,0.831
9,7,0.487
9,7,0.42
9,7,1.187
9,7,0.516
9,7,0.2
9,7,0.15
9,7,0.529
9,7,0.387
9,7,0.171
9,7,1.096
9,7,0.173
9,7,0.031
9,7,0.676
9,7,1.044
9,7,0.429
9,7,1.005
9,7,0.741
9,7,0.57
9,7,0.765
9,7,0.091
9,7,0.167
9,7,1.425
9,7,0.636
9,7,1.207
9,7,0.642
9,7,1.007
9,8,0.956
9,8,0.892
9,8,1.219
9,8,0.082
9,8,0.991
9,8,1.269
9,8,0.876
9,8,0.36
9,8,0.532
9,8,0.067
9,8,0.817
9,8,1.511
9,8,1.029
9,8,1.002
9,8,0.667
9,8,0.877
9,8,0.069
9,8,0.08
9,8,0.209
9,8,1.059
9,8,0.05
9,8,0.735
9,8,0.065
9,8,0.45
9,8,0.948
9,8,0.501
9,8,0.643
9,8,0.52
9,8,0.962
9,8,0.621
9,8,0.013
9,8,0.926
9,8,0.622
9,8,0.445
9,8,1.77
9,8,1.271
9,8,1.036
9,9,0.746
9,9,0.13
9,9,0.093
9,9,0.503
9,9,0.017
9,9,0.075
9,9,0.044
9,9,0.887
9,9,0.051
9,9,0.187
9,9,0.17
9,9,0.82
9,9,0.107
9,9,0.37
9,9,0.095
9,9,1.16
9,9,1.762
9,9,0.935
9,9,0.48
9,9,0.971
9,9,0.075
9,9,0.94
9,9,0.887
9,9,0.467
9,9,0.631
9,9,0.344
9,9,0.239
9,9,0.814
9,9,0.637
9,9,1.778
9,9,0.616
9,9,0.399
9,9,0.752
9,9,0.919
9,9,0.629
9,10,0.687
9,10,1.394
9,10,0.034
9,10,1.641
9,10,0.013
9,10,1.306
9,10,0.054
9,10,0.101
9,10,0.696
9,10,0.079
9,10,0.605
9,10,0.574
9,10,0.342
9,10,0.073
9,10,0.891
9,10,0.893
9,10,0.892
9,10,0.022
9,10,0.083
9,10,1.311
9,10,1.487
9,10,0.163
9,10,0.995
9,10,0.529
9,10,0.859
9,10,0.67
9,10,0.584
9,10,1.204
9,10,0.457
9,10,1.953
9,10,0.639
9,10,0.109
9,10,0.15
9,10,1.027
9,11,1.274
9,11,1.528
9,11,0.696
9,11,0.018
9,11,1.535
9,11,0.013
9,11,0.057
9,11,0.074
9,11,0.478
9,11,1.32
9,11,0.09
9,11,0.606
9,11,0.028
9,11,0.623
9,11,0.438
9,11,1.95
9,11,0.081
9,11,1.16
9,11,0.669
9,11,0.371
9,11,0.678
9,11,0.022
9,11,0.535
9,11,0.799
9,11,0.019
9,11,0.526
9,11,0.104
9,11,0.601
9,11,0.098
9,11,0.63
9,12,0.348
9,12,0.844
9,12,0.735
9,12,0.072
9,12,0.068
9,12,0.443
9,12,0.627
9,12,0.55
9,12,1.327
9,12,1.24
9,13,1.522
9,13,0.617
9,13,0.948
9,13,1.256
9,13,0.139
9,13,0.065
9,13,0.742
9,13,0.181
9,13,0.935
9,13,0.034
9,13,1.429
9,13,1.491
9,13,1.119
9,13,0.047
9,13,0.638
9,13,0.939
9,13,1.105
9,13,1.398
9,13,0.072
9,14,1.708
9,14,0.729
9,14,0.803
9,14,0.09
9,14,0.081
9,14,0.006
9,14,0.096
9,14,0.765
9,14,0.06
9,14,0.852
9,14,0.856
9,14,0.021
9,14,0.019
9,14,0.05
9,14,0.055
9,15,0.052
9,15,0.16
9,15,0.514
9,15,0.047
9,15,0.295
9,15,1.279
9,15,0.06
9,15,0.057
9,15,1.42
9,15,0.373
9,15,0.057
9,15,0.866
9,15,0.053
9,15,0.669
9,15,0.098
9,15,0.53
9,15,0.877
9,15,0.935
9,16,0.034
9,16,0.026
9,16,0.039
9,16,1.699
9,16,0.033
9,16,0.775
9,16,1.241
9,16,0.071
9,16,0.223
9,16,0.894
9,16,0.599
9,16,0.161
9,16,0.148
9,16,0.778
9,16,0.18
9,16,0.023
9,16,1.697
9,17,0.086
9,17,0.256
9,17,0.132
9,17,0.78
9,17,0.272
9,17,0.063
9,17,0.039
9,17,0.479
9,17,0.059
9,17,1.38
9,17,1.23
9,17,0.125
9,17,1.41
9,17,0.607
9,17,0.005
9,17,0.378
9,17,0.128
9,17,0.123
9,18,0.67
9,18,1.325
9,18,1.376
9,18,0.936
9,18,0.094
9,18,1.168
9,18,0.084
9,18,1.19
9,18,1.399
9,18,2.217
9,18,0.06
9,18,0.968
9,18,0.156
9,18,0.396
9,18,0.06
9,18,0.562
9,18,1.723
9,18,0.277
9,19,1.09
9,19,1.407
9,19,0.065
9,19,0.067
9,19,1.307
9,19,0.689
9,19,0.461
9,19,0.043
9,19,0.677
9,19,0.094
9,19,0.056
9,20,0.11
9,20,1.196
9,20,0.06
9,20,0.101
9,20,0.056
9,20,0.19
9,20,0.042
9,20,1.344
9,20,0.398
9,20,1.038
9,20,1.237
9,20,0.704
9,20,1.099
9,20,0.082
9,20,0.042
9,21,0.284
9,21,0.23
9,21,1.831
9,21,0.296
9,21,0.234
9,21,0.611
9,21,0.075
9,21,0.658
9,21,0.814
9,22,0.356
9,22,0.096
9,22,0.866
9,22,0.089
9,22,0.875
9,22,1.019
9,22,0.966
9,22,0.083
9,22,0.614
9,22,0.36
9,22,0.537
9,22,0.467
9,22,0.047
9,22,1.043
9,22,0.599
9,22,0.064
9,22,0.238
9,22,0.136
9,23,0.062
9,23,0.182
9,23,0.586
9,23,0.57
9,23,0.254
9,23,1.113
9,23,0.461
9,23,1.697
9,23,1.493
9,23,0.048
9,23,1.361
9,23,0.06
9,23,0.03
9,23,1.216
9,23,0.659
9,23,0.099
9,24,1.306
9,24,0.129
9,24,1.024
9,24,0.043
9,24,0.061
9,24,0.948
9,24,0.26
9,24,1.253
9,24,0.547
9,24,0.853
9,24,0.458
9,24,1.264
9,24,1.039
9,24,0.059
9,24,1.305
9,24,1.153
9,24,0.601
9,24,1.882
9,25,0.057
9,25,0.212
9,25,0.042
9,25,0.957
9,25,0.08
9,25,0.13
9,25,0.053
9,25,0.061
9,25,0.148
9,25,0.077
9,25,0.049
9,25,1.756
9,25,0.085
9,26,0.512
9,26,0.146
9,26,0.052
9,26,1.274
9,26,0.917
9,26,0.02
9,26,0.998
9,26,0.803
9,26,0.147
9,27,0.933
9,27,0.1
9,27,0.113
9,27,0.312
9,27,0.057
9,27,0.233
9,27,0.597
9,27,0.065
9,27,0.006
9,27,0.08
9,27,1.036
9,27,0.251
9,27,0.083
9,28,0.089
9,28,1.074
9,28,1.327
9,28,0.017
9,28,0.18
9,28,0.087
9,28,1.151
9,28,0.597
9,28,0.617
9,28,0.082
9,29,0.689
9,29,0.087
9,29,0.524
9,29,1.13
9,29,0.621
9,29,0.03
9,30,0.623
9,30,0.084
9,30,0.092
9,30,0.094
9,30,0.233
9,30,0.208
9,30,0.077
9,30,0.083
9,30,2.269
10,1,1.218
10,1,1.176
10,1,0.569
10,1,1.032
10,1,0.646
10,1,0.022
10,1,0.817
10,1,0.57
10,1,1.069
10,1,1.542
10,1,1.239
10,1,0.603
10,1,0.961
10,1,1.42
10,1,0.504
10,1,0.763
10,1,0.247
10,1,0.777
10,1,0.824
10,1,0.674
10,1,0.866
10,1,0.624
10,1,0.934
10,1,0.923
10,1,1.432
10,1,1.226
10,1,1.327
10,1,0.803
10,1,1.163
10,1,0.8
10,1,0.752
10,1,0.907
10,1,1.065
10,1,0.704
10,1,1.027
10,1,0.964
10,1,1.003
10,2,0.747
10,2,0.908
10,2,1.051
10,2,0.495
10,2,0.878
10,2,1.501
10,2,0.552
10,2,0.87
10,2,0.974
10,2,1.511
10,2,1.302
10,2,1.258
10,2,1.656
10,2,1.083
10,2,2.045
10,2,0.6
10,2,0.629
10,2,1.514
10,2,0.671
10,2,1.056
10,2,0.125
10,2,1.049
10,2,0.53
10,2,1.183
10,2,0.947
10,2,0.177
10,2,0.71
10,2,0.931
10,2,1.046
10,2,0.918
10,2,1.095
10,2,1.546
10,2,0.849
10,2,0.784
10,2,0.831
10,2,0.912
10,2,1.626
10,2,1.304
10,3,0.563
10,3,0.554
10,3,0.536
10,3,0.736
10,3,0.729
10,3,1.384
10,3,0.975
10,3,0.897
10,3,0.751
10,3,0.931
10,3,0.784
10,3,1.737
10,3,0.52
10,3,1.014
10,3,1.306
10,3,0.7
10,3,0.993
10,3,1.038
10,3,0.978
10,3,0.717
10,3,0.928
10,3,0.475
10,3,0.889
10,3,0.746
10,3,1.573
10,3,0.099
10,3,1.059
10,3,0.626
10,3,1.716
10,3,1.662
10,3,0.567
10,3,0.731
10,3,0.508
10,3,0.354
10,3,0.731
10,3,0.535
10,3,0.686
10,3,0.843
10,3,0.729
10,3,0.848
10,3,1.183
10,3,0.146
10,4,0.704
10,4,1.024
10,4,1.061
10,4,0.727
10,4,0.897
10,4,0.727
10,4,0.51
10,4,0.658
10,4,0.826
10,4,0.006
10,4,0.518
10,4,0.792
10,4,1.118
10,4,1.043
10,4,0.702
10,4,0.963
10,4,0.898
10,4,0.909
10,4,0.584
10,4,0.026
10,4,1.455
10,4,1.232
10,4,0.937
10,4,0.555
10,4,1.398
10,4,1.083
10,4,0.584
10,4,1.272
10,4,0.079
10,4,0.451
10,5,0.426
10,5,0.739
10,5,0.281
10,5,0.168
10,5,0.52
10,5,0.018
10,5,0.509
10,5,0.866
10,5,0.509
10,5,0.746
10,5,0.772
10,5,0.076
10,5,0.827
10,5,0.446
10,5,1.275
10,5,1.285
10,5,0.558
10,5,0.069
10,5,0.763
10,5,0.408
10,5,0.653
10,5,0.17
10,5,0.656
10,5,1.559
10,5,0.411
10,5,0.823
10,5,0.394
10,5,0.665
10,5,0.805
10,5,0.121
10,5,1.219
10,5,0.689
10,5,0.741
10,5,0.474
10,5,0.521
10,5,0.567
10,6,0.154
10,6,0.884
10,6,0.292
10,6,0.567
10,6,0.655
10,6,0.65
10,6,0.881
10,6,1.02
10,6,0.431
10,6,0.41
10,6,1.274
10,6,0.887
10,6,0.873
10,6,0.837
10,6,0.57
10,6,0.542
10,6,0.589
10,6,0.044
10,6,0.382
10,6,1.321
10,6,0.946
10,6,0.33
10,6,0.885
10,6,0.539
10,6,0.34
10,6,0.7
10,6,0.905
10,7,0.761
10,7,1.226
10,7,0.922
10,7,1.23
10,7,0.604
10,7,0.953
10,7,0.738
10,7,1.145
10,7,1.318
10,7,0.946
10,7,0.989
10,7,1.009
10,7,0.562
10,7,1.28
10,7,0.635
10,7,0.95
10,7,1.414
10,7,0.951
10,7,0.511
10,7,0.91
10,7,1.322
10,7,0.106
10,7,1.752
10,7,0.738
10,7,0.932
10,7,0.826
10,7,0.148
10,7,0.518
10,7,0.438
10,7,0.789
10,7,0.552
10,7,0.85
10,7,1.31
10,8,0.861
10,8,1.046
10,8,0.849
10,8,0.721
10,8,0.729
10,8,0.594
10,8,0.058
10,8,0.608
10,8,0.639
10,8,1.355
10,8,0.421
10,8,0.702
10,8,0.12
10,8,0.531
10,8,0.812
10,8,0.82
10,8,0.466
10,8,0.51
10,8,0.295
10,8,0.855
10,8,0.897
10,8,0.004
10,8,0.066
10,8,0.924
10,8,0.071
10,8,0.333
10,8,1.362
10,8,0.618
10,8,1.674
10,8,0.424
10,8,0.568
10,8,1.018
10,8,1.088
10,8,1.263
10,8,0.495
10,8,1.279
10,8,0.691
10,8,0.497
10,9,0.089
10,9,0.453
10,9,0.296
10,9,0.441
10,9,0.107
10,9,1.09
10,9,0.917
10,9,0.804
10,9,0.216
10,9,0.745
10,9,0.232
10,9,0.765
10,9,0.859
10,9,1.108
10,9,0.418
10,9,0.895
10,9,0.418
10,9,0.765
10,9,0.228
10,9,0.443
10,9,0.911
10,9,0.065
10,9,1.357
10,9,0.986
10,9,0.807
10,9,0.886
10,9,0.59
10,9,0.016
10,9,0.34
10,9,0.985
10,10,0.483
10,10,0.701
10,10,0.409
10,10,0.283
10,10,0.55
10,10,0.444
10,10,0.814
10,10,0.67
10,10,0.791
10,10,0.212
10,10,0.866
10,10,0.859
10,10,0.776
10,10,0.077
10,10,0.63
10,10,0.261
10,10,0.448
10,10,0.461
10,10,0.456
10,10,1.405
10,10,0.524
10,10,0.047
10,10,0.643
10,11,0.686
10,11,0.495
10,11,0.468
10,11,0.076
10,11,0.317
10,11,0.965
10,11,0.104
10,11,0.74
10,11,0.955
10,11,0.771
10,11,1.057
10,11,0.977
10,11,0.067
10,11,0.376
10,11,0.516
10,11,0.396
10,11,0.735
10,11,0.55
10,11,0.523
10,11,0.696
10,11,0.959
10,11,0.755
10,11,0.679
10,11,0.346
10,11,0.975
10,11,0.844
10,11,1.143
10,11,0.679
10,11,0.656
10,11,0.29
10,11,0.648
10,12,0.432
10,12,0.536
10,12,0.57
10,12,0.502
10,12,0.894
10,12,0.28
10,12,0.183
10,12,0.255
10,12,1.831
10,12,0.963
10,12,0.1
10,12,1.349
10,12,0.439
10,12,0.619
10,12,0.564
10,12,0.775
10,12,0.626
10,12,1.565
10,12,0.658
10,12,0.996
10,12,1.032
10,12,0.154
10,13,0.395
10,13,0.333
10,13,0.809
10,13,0.45
10,13,1.026
10,13,1.088
10,13,0.029
10,13,0.074
10,13,0.439
10,13,0.846
10,13,0.662
10,13,2.054
10,13,0.713
10,13,0.932
10,13,0.865
10,13,0.196
10,13,0.939
10,13,0.732
10,13,0.047
10,13,0.351
10,13,0.439
10,13,0.864
10,13,2.082
10,14,0.738
10,14,0.084
10,14,0.542
10,14,0.207
10,14,0.092
10,14,0.988
10,14,1.463
10,14,0.529
10,14,0.679
10,14,1.377
10,14,1.433
10,14,0.429
10,14,0.746
10,14,0.547
10,14,0.301
10,14,0.239
10,14,0.059
10,14,0.036
10,14,0.199
10,14,1.007
10,14,1.415
10,14,0.871
10,14,0.037
10,15,0.745
10,15,0.734
10,15,0.258
10,15,0.93
10,15,0.082
10,15,0.468
10,15,0.989
10,15,0.078
10,15,0.081
10,15,0.612
10,15,0.738
10,15,0.911
10,15,0.033
10,15,0.121
10,15,1.345
10,15,0.53
10,15,0.853
10,15,1.089
10,15,0.302
10,15,1.65
10,15,1.193
10,15,0.932
10,15,0.866
10,15,0.503
10,15,0.119
10,16,0.837
10,16,0.057
10,16,0.995
10,16,0.614
10,16,0.111
10,16,2.01
10,16,0.803
10,16,0.076
10,16,1.089
10,16,0.587
10,16,0.469
10,16,0.465
10,16,0.765
10,16,1.043
10,16,0.412
10,16,0.741
10,16,0.062
10,16,1.024
10,16,1.028
10,16,0.646
10,16,0.513
10,16,0.45
10,16,0.538
10,16,0.995
10,16,0.503
10,16,0.938
10,16,0.284
10,17,0.185
10,17,0.112
10,17,0.566
10,17,0.467
10,17,0.898
10,17,0.815
10,17,0.088
10,17,0.205
10,17,0.244
10,17,1.309
10,17,0.146
10,17,0.547
10,17,1.042
10,17,0.96
10,17,0.432
10,17,0.423
10,17,0.904
10,17,0.901
10,17,0.699
10,17,1.074
10,18,1.293
10,18,0.577
10,18,0.579
10,18,0.111
10,18,0.985
10,18,0.484
10,18,0.033
10,18,0.46
10,18,0.695
10,18,1.57
10,18,0.87
10,18,0.389
10,18,0.644
10,18,0.086
10,18,0.221
10,18,0.032
10,18,0.109
10,18,0.943
10,18,0.087
10,18,0.807
10,19,0.267
10,19,0.554
10,19,0.994
10,19,0.436
10,19,0.898
10,19,0.188
10,19,0.861
10,19,0.127
10,19,0.059
10,19,1.021
10,19,1.019
10,19,0.242
10,19,0.1
10,19,0.764
10,19,0.031
10,19,1.996
10,19,1.133
10,19,0.844
10,19,0.834
10,19,0.047
10,19,0.898
10,19,0.076
10,19,0.325
10,19,0.079
10,19,0.943
10,19,1.417
10,20,1.267
10,20,0.289
10,20,0.341
10,20,0.597
10,20,0.523
10,20,0.027
10,20,0.22
10,20,0.323
10,20,0.966
10,20,0.727
10,20,1.479
10,20,0.261
10,20,0.577
10,20,0.019
10,20,1.202
10,20,1.087
10,20,0.826
10,20,0.074
10,20,0.814
10,20,1.061
10,20,0.789
10,21,0.984
10,21,0.31
10,21,0.034
10,21,1.284
10,21,0.374
10,21,0.943
10,21,0.028
10,21,0.519
10,21,0.614
10,21,1.136
10,21,0.024
10,21,0.101
10,21,0.337
10,21,0.01
10,21,0.345
10,21,0.049
10,21,0.098
10,21,0.032
10,21,0.06
10,21,0.724
10,21,0.644
10,21,0.905
10,21,1.171
10,21,0.591
10,21,0.007
10,21,0.105
10,21,0.512
10,22,0.067
10,22,0.484
10,22,0.8
10,22,0.944
10,22,0.077
10,22,0.428
10,22,0.576
10,22,0.07
10,22,0.051
10,22,1.156
10,22,0.043
10,22,0.649
10,22,0.506
10,22,0.537
10,22,0.018
10,22,0.401
10,22,0.055
10,22,0.067
10,22,0.941
10,22,0.009
10,22,0.532
10,22,0.566
10,22,1.354
10,22,0.232
10,22,0.055
10,23,0.485
10,23,0.453
10,23,0.142
10,23,0.988
10,23,0.038
10,23,0.507
10,23,1.038
10,23,0.565
10,23,1.281
10,23,1.201
10,23,0.064
10,23,0.192
10,24,0.461
10,24,0.397
10,24,0.041
10,24,0.371
10,24,0.608
10,24,0.044
10,24,0.965
10,24,0.051
10,24,0.67
10,24,0.102
10,24,0.027
10,24,0.049
10,24,0.544
10,24,1.027
10,24,1.125
10,24,0.305
10,24,1.277
10,24,0.686
10,24,1.137
10,24,0.107
10,24,0.205
10,25,0.864
10,25,0.139
10,25,0.603
10,25,0.042
10,25,1.11
10,25,1.124
10,25,0.038
10,25,0.137
10,25,0.02
10,25,0.67
10,25,0.799
10,25,0.06
10,25,0.109
10,25,0.043
10,25,1.119
10,25,0.788
10,25,0.847
10,25,0.583
10,25,0.051
10,25,1.386
10,25,0.035
10,25,0.608
10,25,1.439
10,26,0.268
10,26,0.226
10,26,0.378
10,26,0.042
10,26,0.125
10,26,1.347
10,26,0.104
10,26,0.535
10,26,0.975
10,26,0.062
10,26,0.928
10,26,0.867
10,26,0.669
10,26,0.117
10,26,0.047
10,26,1.629
10,26,0.851
10,26,0.966
10,26,0.784
10,26,0.563
10,26,0.181
10,26,0.916
10,26,1.116
10,26,0.994
10,27,0.012
10,27,0.072
10,27,1.176
10,27,0.453
10,27,0.791
10,27,0.759
10,27,0.35
10,27,0.102
10,27,1.48
10,27,0.449
10,27,0.623
10,27,0.062
10,27,0.972
10,27,0.198
10,27,0.04
10,27,0.499
10,27,0.896
10,27,0.616
10,27,0.398
10,27,0.114
10,27,1.128
10,27,0.681
10,27,0.059
10,27,0.26
10,27,1.025
10,27,0.71
10,28,0.084
10,28,1.005
10,28,0.044
10,28,0.037
10,28,0.665
10,28,0.653
10,28,0.865
10,28,0.639
10,28,0.141
10,28,0.068
10,28,0.062
10,28,0.034
10,28,0.978
10,28,1.25
10,28,0.047
10,28,1.118
10,28,0.95
10,28,0.043
10,28,0.346
10,28,0.948
10,28,0.03
10,29,0.938
10,29,0.345
10,29,0.404
10,29,0.065
10,29,0.058
10,29,0.062
10,29,0.444
10,29,0.577
10,29,0.977
10,29,0.558
10,29,0.212
10,29,0.024
10,29,0.283
10,29,0.717
10,29,0.036
10,29,0.645
10,29,0.545
10,29,0.124
10,29,0.999
10,29,0.053
10,29,0.718
10,30,0.716
10,30,0.359
10,30,0.875
10,30,0.655
10,30,0.539
10,30,0.796
10,30,0.15
10,30,0.439
10,30,0.528
10,30,0.352
10,30,0.451
10,30,0.454
