1,1,1.02
1,1,0.095
1,1,1.255
1,1,1.325
1,1,1.572
1,1,1.225
1,1,1.236
1,1,1.531
1,1,1.371
1,1,1.353
1,1,1.558
1,1,1.377
1,1,1.332
1,1,2.021
1,1,1.099
1,1,0.628
1,1,0.666
1,1,1.363
1,1,0.726
1,1,1.27
1,1,0.809
1,1,1.284
1,1,1.531
1,1,1.682
1,1,0.691
1,1,0.791
1,1,1.433
1,2,1.106
1,2,0.803
1,2,0.649
1,2,1.061
1,2,1.004
1,2,0.92
1,2,0.667
1,2,0.601
1,2,1.37
1,2,1.208
1,2,0.955
1,2,1.174
1,2,1.813
1,2,1.371
1,2,1.01
1,2,0.977
1,2,0.67
1,2,1.412
1,2,1.273
1,2,1.179
1,2,0.487
1,2,1.427
1,2,0.469
1,2,0.79
1,2,1.096
1,2,1.09
1,3,1.133
1,3,0.718
1,3,1.221
1,3,0.98
1,3,1.318
1,3,1.236
1,3,0.734
1,3,1.519
1,3,0.828
1,3,0.849
1,3,0.875
1,3,0.702
1,3,1.256
1,3,1.246
1,3,0.971
1,3,0.463
1,3,0.803
1,3,1.713
1,3,0.944
1,3,0.32
1,3,0.826
1,3,0.94
1,3,0.554
1,3,0.486
1,3,1.051
1,4,1.347
1,4,0.503
1,4,1.239
1,4,1.03
1,4,1.042
1,4,1.267
1,4,1.399
1,4,0.815
1,4,1.208
1,4,1.07
1,4,1.451
1,4,1.092
1,4,0.638
1,4,1.821
1,4,0.631
1,4,0.821
1,4,1.016
1,4,0.699
1,4,0.239
1,4,0.612
1,4,0.439
1,4,0.85
1,4,0.813
1,4,1.182
1,4,0.784
1,4,1.548
1,4,0.846
1,4,1.27
1,4,0.776
1,4,0.969
1,4,0.708
1,5,1.009
1,5,0.552
1,5,0.924
1,5,1.663
1,5,1.42
1,5,0.834
1,5,1.193
1,5,0.769
1,5,0.45
1,5,1.294
1,5,2.013
1,5,0.477
1,5,1.35
1,5,0.819
1,5,0.616
1,5,0.598
1,5,0.59
1,5,0.867
1,5,1.72
1,5,0.94
1,5,1.251
1,5,1.374
1,5,0.059
1,5,1.551
1,5,1.341
1,5,0.564
1,5,0.653
1,5,1.064
1,5,0.84
1,5,1.036
1,5,1.34
1,6,0.815
1,6,0.544
1,6,0.546
1,6,0.734
1,6,1.044
1,6,0.22
1,6,1.249
1,6,1.392
1,6,0.864
1,6,0.968
1,6,1.316
1,6,1.573
1,6,1.269
1,6,0.446
1,6,0.286
1,6,1.18
1,6,1.143
1,6,0.284
1,6,0.997
1,6,0.512
1,6,0.928
1,6,0.735
1,6,0.728
1,6,0.44
1,6,0.314
1,6,1.291
1,6,1.085
1,6,0.247
1,7,0.774
1,7,1.275
1,7,0.737
1,7,0.807
1,7,1.052
1,7,0.685
1,7,1.041
1,7,0.782
1,7,0.87
1,7,0.646
1,7,0.605
1,7,0.653
1,7,0.928
1,7,0.593
1,7,0.769
1,7,0.976
1,7,0.845
1,7,0.591
1,7,0.861
1,7,0.234
1,7,0.861
1,7,0.737
1,7,1.097
1,7,0.537
1,7,0.907
1,7,1.184
1,7,0.52
1,7,0.458
1,7,0.901
1,7,1.26
1,7,0.011
1,8,0.675
1,8,0.868
1,8,0.552
1,8,1.006
1,8,1.299
1,8,1.016
1,8,1.062
1,8,0.627
1,8,0.396
1,8,0.375
1,8,1.083
1,8,1.024
1,8,1.358
1,8,1.4
1,8,0.393
1,8,0.892
1,8,0.69
1,8,1.051
1,8,0.795
1,8,0.561
1,8,0.785
1,8,0.759
1,8,0.841
1,8,0.742
1,8,0.705
1,8,0.709
1,8,0.669
1,8,1.261
1,8,0.589
1,8,0.078
1,8,0.303
1,8,1.167
1,8,0.222
1,9,0.483
1,9,0.781
1,9,0.242
1,9,0.34
1,9,1.069
1,9,0.539
1,9,0.344
1,9,1.041
1,9,1.166
1,9,0.907
1,9,0.973
1,9,1.275
1,9,0.83
1,9,0.789
1,9,0.807
1,9,0.535
1,9,0.802
1,9,0.894
1,9,0.399
1,9,0.516
1,9,0.437
1,9,0.969
1,9,0.915
1,9,0.876
1,9,0.7
1,9,0.702
1,9,1.367
1,10,1.26
1,10,0.789
1,10,0.315
1,10,0.633
1,10,0.322
1,10,0.977
1,10,0.865
1,10,0.635
1,10,0.548
1,10,0.728
1,10,0.781
1,10,0.468
1,10,0.986
1,10,0.481
1,10,0.312
1,10,0.573
1,10,0.882
1,10,0.509
1,10,0.804
1,10,0.811
1,10,1.062
1,10,0.643
1,10,0.357
1,10,0.942
1,10,0.785
1,10,0.71
1,10,0.628
1,10,1.242
1,10,0.508
1,10,1.145
1,11,0.832
1,11,0.287
1,11,0.61
1,11,0.895
1,11,1.116
1,11,0.933
1,11,0.598
1,11,0.88
1,11,0.516
1,11,0.598
1,11,0.727
1,11,0.916
1,11,0.75
1,11,0.784
1,11,0.957
1,11,0.76
1,11,0.702
1,11,0.565
1,11,0.971
1,11,0.72
1,11,1.324
1,11,0.555
1,11,0.587
1,11,0.396
1,11,0.39
1,11,0.278
1,11,0.776
1,11,1.344
1,11,0.816
1,11,0.743
1,11,0.961
1,12,0.283
1,12,0.387
1,12,1.008
1,12,0.799
1,12,0.963
1,12,0.663
1,12,0.341
1,12,0.997
1,12,1.224
1,12,0.591
1,12,0.736
1,12,0.802
1,12,0.47
1,12,1.104
1,12,1.558
1,12,1.186
1,12,0.915
1,12,0.861
1,12,0.706
1,12,0.584
1,12,0.816
1,12,0.493
1,12,0.918
1,12,1.314
1,12,1.075
1,12,0.757
1,12,0.01
1,12,0.936
1,12,0.668
1,13,0.467
1,13,0.017
1,13,0.82
1,13,0.313
1,13,0.266
1,13,0.487
1,13,0.404
1,13,0.925
1,13,0.578
1,13,0.821
1,13,0.641
1,13,0.656
1,13,0.459
1,13,0.621
1,13,1.326
1,13,1.147
1,13,0.65
1,13,0.952
1,13,0.377
1,13,0.983
1,13,0.718
1,13,0.898
1,13,0.794
1,13,0.747
1,13,1.107
1,13,0.012
1,13,0.366
1,13,0.427
1,13,0.863
1,13,1.197
1,13,0.677
1,13,0.803
1,13,0.862
1,13,1.238
1,13,0.777
1,14,1.336
1,14,1.243
1,14,0.96
1,14,0.228
1,14,0.841
1,14,0.78
1,14,0.56
1,14,0.734
1,14,0.792
1,14,1.171
1,14,0.311
1,14,1.261
1,14,0.85
1,14,1.117
1,14,0.484
1,14,1.124
1,14,0.971
1,14,0.437
1,14,0.669
1,14,0.608
1,14,0.943
1,14,0.804
1,14,0.968
1,14,0.445
1,14,1.046
1,14,0.576
1,14,0.67
1,14,1.211
1,14,0.469
1,15,0.81
1,15,0.597
1,15,0.053
1,15,0.594
1,15,0.405
1,15,1.297
1,15,1.125
1,15,1.267
1,15,0.418
1,15,0.653
1,15,0.596
1,15,0.651
1,15,0.728
1,15,0.796
1,15,0.543
1,15,0.708
1,15,0.856
1,15,1.358
1,15,0.023
1,15,1.158
1,15,0.798
1,15,0.667
1,16,0.677
1,16,0.994
1,16,0.511
1,16,0.574
1,16,0.649
1,16,1.623
1,16,0.837
1,16,0.766
1,16,0.665
1,16,0.902
1,16,0.543
1,16,0.593
1,16,0.927
1,16,0.654
1,16,0.961
1,16,1.037
1,16,1.572
1,16,0.013
1,16,1.015
1,16,0.416
1,16,1.314
1,16,0.603
1,16,0.715
1,16,0.817
1,16,0.644
1,16,0.571
1,16,0.85
1,17,0.688
1,17,0.399
1,17,1.012
1,17,1.122
1,17,0.553
1,17,0.71
1,17,0.577
1,17,0.785
1,17,0.668
1,17,0.682
1,17,0.016
1,17,0.957
1,17,0.716
1,17,0.822
1,17,0.545
1,17,1.287
1,17,0.145
1,17,0.67
1,17,0.607
1,17,0.697
1,17,0.548
1,17,0.017
1,17,0.49
1,17,1.197
1,17,1.15
1,17,1.107
1,17,0.497
1,17,0.704
1,18,0.777
1,18,0.584
1,18,0.376
1,18,0.52
1,18,1.041
1,18,0.572
1,18,0.679
1,18,0.722
1,18,0.843
1,18,0.579
1,18,0.166
1,18,0.752
1,18,0.686
1,18,0.899
1,18,1.121
1,18,0.797
1,18,0.533
1,18,0.73
1,18,0.349
1,18,0.804
1,18,0.58
1,18,0.295
1,18,0.421
1,18,1.029
1,18,0.833
1,18,0.719
1,18,0.975
1,18,0.754
1,18,1.121
1,19,0.514
1,19,0.948
1,19,0.91
1,19,0.497
1,19,0.743
1,19,0.713
1,19,0.488
1,19,1.229
1,19,0.374
1,19,0.659
1,19,0.353
1,19,1.174
1,19,0.603
1,19,1.237
1,19,0.699
1,19,1.003
1,19,1.179
1,19,0.643
1,19,0.548
1,19,0.638
1,19,0.887
1,19,0.588
1,19,0.538
1,19,0.692
1,19,0.728
1,20,1.092
1,20,0.57
1,20,1.246
1,20,1.198
1,20,0.935
1,20,0.67
1,20,0.471
1,20,0.766
1,20,1.223
1,20,0.484
1,20,1.297
1,20,0.425
1,20,0.788
1,20,1.085
1,20,0.61
1,20,0.582
1,20,0.349
1,20,1.18
1,20,1.073
1,20,1.281
1,20,0.481
1,20,0.58
1,21,1.554
1,21,0.36
1,21,0.863
1,21,1.467
1,21,1.129
1,21,0.637
1,21,0.804
1,21,0.688
1,21,0.893
1,21,1.129
1,21,0.473
1,21,0.61
1,21,0.769
1,21,0.844
1,21,0.783
1,21,0.494
1,21,0.948
1,21,0.247
1,21,0.292
1,21,0.744
1,21,0.833
1,21,1.511
1,21,1.103
1,21,1.189
1,22,0.106
1,22,0.809
1,22,1.495
1,22,0.506
1,22,0.208
1,22,0.662
1,22,1.351
1,22,0.007
1,22,0.873
1,22,0.793
1,22,0.449
1,22,1.056
1,22,0.008
1,22,0.793
1,22,0.893
1,22,0.94
1,22,0.005
1,22,0.871
1,22,0.633
1,22,0.296
1,22,0.149
1,22,0.429
1,22,0.986
1,22,0.666
1,22,1.209
1,22,1.161
1,22,0.796
1,23,0.999
1,23,0.928
1,23,0.951
1,23,0.453
1,23,0.8
1,23,1.124
1,23,0.669
1,23,0.855
1,23,0.849
1,23,0.246
1,23,0.464
1,23,0.927
1,23,0.688
1,23,0.847
1,23,0.821
1,23,1.139
1,23,1.206
1,23,0.759
1,23,0.521
1,23,0.685
1,23,0.768
1,23,0.983
1,23,0.689
1,23,1.173
1,23,0.556
1,23,1.342
1,23,0.012
1,23,0.443
1,23,0.54
1,23,0.608
1,24,0.841
1,24,1.127
1,24,1.106
1,24,0.598
1,24,0.874
1,24,0.764
1,24,0.613
1,24,0.994
1,24,1.345
1,24,1.086
1,24,1.066
1,24,0.438
1,24,0.985
1,24,1.185
1,24,0.914
1,24,0.518
1,24,1.161
1,24,1.136
1,24,0.702
1,24,0.542
1,24,0.804
1,24,0.978
1,24,1.419
1,24,0.705
1,25,0.043
1,25,1.019
1,25,0.639
1,25,1.112
1,25,0.901
1,25,0.26
1,25,1.014
1,25,0.746
1,25,0.792
1,25,1.073
1,25,0.018
1,25,1.034
1,25,1.379
1,25,0.847
1,25,0.52
1,25,0.044
1,25,1.146
1,25,0.899
1,25,0.599
1,25,0.849
1,25,0.835
1,25,0.467
1,25,0.51
1,25,0.635
1,25,1.318
1,26,0.494
1,26,0.46
1,26,0.72
1,26,0.422
1,26,0.23
1,26,0.904
1,26,0.025
1,26,0.681
1,26,0.479
1,26,1.198
1,26,0.595
1,26,0.411
1,26,0.775
1,26,0.606
1,26,0.77
1,26,0.271
1,26,0.657
1,26,0.632
1,26,0.457
1,26,0.405
1,26,0.375
1,26,0.661
1,27,0.835
1,27,0.964
1,27,1.101
1,27,0.858
1,27,0.685
1,27,0.904
1,27,0.441
1,27,1.032
1,27,0.418
1,27,0.821
1,27,0.766
1,27,1.392
1,27,1.039
1,27,0.438
1,27,0.703
1,27,0.842
1,27,0.774
1,27,0.622
1,27,1.174
1,27,0.961
1,27,1.421
1,27,0.789
1,27,0.749
1,28,1.164
1,28,0.75
1,28,1.547
1,28,0.95
1,28,1.082
1,28,0.855
1,28,0.485
1,28,0.426
1,28,0.71
1,28,0.393
1,28,0.878
1,28,1.042
1,28,0.437
1,28,1.003
1,28,0.73
1,28,0.491
1,28,0.717
1,28,1.092
1,28,0.793
1,28,1.07
1,28,0.385
1,28,0.433
1,28,0.701
1,28,0.254
1,28,0.793
1,28,0.697
1,28,1.258
1,28,0.498
1,28,1.043
1,28,1.227
1,28,1.191
1,28,0.671
1,29,1.154
1,29,1.075
1,29,0.533
1,29,0.704
1,29,0.935
1,29,1.09
1,29,0.464
1,29,0.425
1,29,0.673
1,29,0.843
1,29,0.871
1,29,0.605
1,29,0.683
1,29,0.016
1,29,0.733
1,29,0.439
1,29,0.021
1,29,1.116
1,29,0.039
1,29,0.553
1,29,0.623
1,29,0.719
1,29,0.84
1,29,1.128
1,29,0.706
1,29,0.674
1,29,0.856
1,29,0.507
1,29,0.528
1,29,0.338
1,29,0.834
1,29,0.534
1,30,0.949
1,30,0.833
1,30,0.45
1,30,0.713
1,30,1.008
1,30,0.68
1,30,0.775
1,30,0.775
1,30,0.452
1,30,0.929
1,30,0.461
1,30,0.372
1,30,0.366
1,30,0.016
1,30,0.589
1,30,0.51
1,30,0.348
1,30,0.622
1,30,0.639
1,30,0.351
1,30,0.638
1,30,0.794
1,30,0.503
1,30,0.362
1,30,0.05
1,30,0.756
1,30,0.384
1,30,1.044
1,30,0.599
1,30,0.865
1,30,0.054
1,30,0.792
1,30,1.495
2,1,1.339
2,1,1.399
2,1,2.088
2,1,1.112
2,1,1.572
2,1,1.056
2,1,1.351
2,1,1.743
2,1,0.629
2,1,1.32
2,1,1.544
2,1,1.582
2,1,1.306
2,1,1.655
2,1,1.324
2,1,1.363
2,1,1.389
2,1,1.709
2,1,1.335
2,1,1.131
2,1,1.368
2,1,1.621
2,1,1.332
2,1,0.315
2,1,1.174
2,1,1.131
2,1,1.269
2,1,0.695
2,1,1.433
2,1,1.147
2,1,0.993
2,1,1.03
2,1,1.359
2,1,0.198
2,1,1.434
2,2,1.194
2,2,0.943
2,2,0.723
2,2,1.525
2,2,1
2,2,1.372
2,2,1.993
2,2,0.351
2,2,1.276
2,2,1.31
2,2,1.271
2,2,1.096
2,2,0.626
2,2,1.151
2,2,1.281
2,2,1.619
2,2,1.068
2,2,1.09
2,2,1.012
2,2,1.194
2,2,1.248
2,2,1.104
2,2,0.956
2,2,0.821
2,2,1.05
2,2,0.877
2,2,1.095
2,2,0.818
2,2,1.131
2,2,0.575
2,2,1.36
2,2,1.773
2,2,1.265
2,2,0.862
2,2,1.654
2,2,1.59
2,2,0.976
2,2,0.891
2,2,0.67
2,3,1.48
2,3,1.059
2,3,0.93
2,3,0.531
2,3,0.665
2,3,1.538
2,3,0.949
2,3,0.848
2,3,1.573
2,3,0.549
2,3,0.951
2,3,0.852
2,3,0.792
2,3,0.552
2,3,1.34
2,3,0.867
2,3,1.047
2,3,1.065
2,3,1.323
2,3,1.187
2,3,0.652
2,3,1.021
2,3,0.605
2,3,1.185
2,3,0.9
2,3,1.629
2,3,0.549
2,3,0.974
2,3,0.853
2,3,0.764
2,3,0.977
2,3,0.105
2,3,1.155
2,3,0.561
2,3,0.689
2,3,0.759
2,3,1.4
2,3,0.586
2,3,0.651
2,3,0.768
2,4,0.741
2,4,1.218
2,4,1.309
2,4,1.428
2,4,1.3
2,4,1.049
2,4,1.591
2,4,0.883
2,4,0.871
2,4,1.25
2,4,1.085
2,4,1.117
2,4,1.378
2,4,0.889
2,4,0.958
2,4,0.694
2,4,0.397
2,4,0.781
2,4,1.042
2,4,0.74
2,4,1.58
2,4,0.373
2,4,0.91
2,4,0.352
2,4,1.08
2,4,1.272
2,4,0.81
2,4,0.887
2,4,0.569
2,4,0.611
2,4,1.089
2,4,0.919
2,4,0.879
2,4,0.676
2,4,1.659
2,4,1.236
2,4,1.19
2,4,0.958
2,4,1.149
2,5,0.872
2,5,1.287
2,5,0.489
2,5,1.183
2,5,0.878
2,5,0.647
2,5,0.811
2,5,0.1
2,5,0.608
2,5,0.798
2,5,1.347
2,5,1.357
2,5,2.002
2,5,1.027
2,5,1.279
2,5,0.782
2,5,1.582
2,5,0.698
2,5,1.178
2,5,1.233
2,5,1.022
2,5,1.206
2,5,1.241
2,5,1.629
2,5,1.03
2,5,0.892
2,5,0.667
2,5,1.109
2,5,0.954
2,5,1.141
2,5,1.017
2,5,1.271
2,5,1.214
2,5,0.951
2,5,1.262
2,5,0.698
2,5,1.243
2,5,0.709
2,5,0.937
2,5,0.79
2,5,1.06
2,6,0.939
2,6,0.838
2,6,1.178
2,6,1.014
2,6,1.37
2,6,0.706
2,6,0.606
2,6,0.733
2,6,1.159
2,6,0.659
2,6,1.067
2,6,0.705
2,6,0.851
2,6,0.776
2,6,0.979
2,6,1.516
2,6,1.394
2,6,1.294
2,6,0.9
2,6,1.154
2,6,0.288
2,6,0.908
2,6,0.803
2,6,0.574
2,6,1.33
2,6,0.16
2,6,0.731
2,6,0.665
2,6,1.061
2,6,0.85
2,6,1.484
2,6,1.035
2,6,1.036
2,6,1.855
2,6,1.114
2,6,0.931
2,6,0.721
2,6,1.077
2,6,0.617
2,6,0.918
2,6,0.626
2,6,1.085
2,7,0.709
2,7,1.142
2,7,0.722
2,7,0.897
2,7,1.12
2,7,1.211
2,7,0.768
2,7,1.46
2,7,1.106
2,7,1.106
2,7,1.904
2,7,1.619
2,7,0.909
2,7,0.572
2,7,1.348
2,7,0.038
2,7,0.421
2,7,0.973
2,7,1.189
2,7,0.819
2,7,0.775
2,7,1.126
2,7,1.587
2,7,1.002
2,7,1.191
2,7,0.819
2,7,1.099
2,7,0.384
2,7,0.688
2,7,1.123
2,7,0.771
2,7,0.927
2,7,1.261
2,7,1.182
2,7,1.076
2,7,0.844
2,7,1.463
2,7,1.208
2,7,0.952
2,7,0.393
2,7,0.941
2,7,1.044
2,7,0.26
2,7,1.072
2,8,1.166
2,8,0.952
2,8,0.959
2,8,0.955
2,8,1.534
2,8,1.298
2,8,0.958
2,8,1.65
2,8,0.526
2,8,0.511
2,8,0.455
2,8,0.797
2,8,1.178
2,8,0.595
2,8,1.115
2,8,0.714
2,8,1.365
2,8,0.658
2,8,0.52
2,8,0.712
2,8,0.676
2,8,0.628
2,8,1.342
2,8,1.073
2,8,0.952
2,8,1.004
2,8,0.828
2,8,1.553
2,8,0.733
2,8,0.717
2,8,1.148
2,8,1.36
2,8,0.689
2,9,0.85
2,9,1.599
2,9,0.825
2,9,1.33
2,9,1.176
2,9,1.145
2,9,1.328
2,9,0.653
2,9,0.721
2,9,0.952
2,9,1.01
2,9,1.589
2,9,0.857
2,9,0.219
2,9,1.421
2,9,1.041
2,9,0.937
2,9,0.617
2,9,1.193
2,9,1.051
2,9,0.598
2,9,1.054
2,9,1.023
2,9,1.331
2,9,0.033
2,9,0.708
2,9,1.387
2,9,0.652
2,9,1.161
2,9,0.794
2,9,0.983
2,9,0.943
2,9,0.396
2,9,0.295
2,9,0.895
2,9,0.628
2,10,1.332
2,10,0.624
2,10,1.305
2,10,0.984
2,10,0.746
2,10,0.841
2,10,0.498
2,10,0.538
2,10,0.496
2,10,0.742
2,10,0.826
2,10,0.335
2,10,0.775
2,10,1.124
2,10,0.606
2,10,0.715
2,10,1.357
2,10,0.578
2,10,1.055
2,10,0.885
2,10,0.737
2,10,0.638
2,10,0.578
2,10,1.134
2,10,0.637
2,10,0.478
2,10,1.428
2,10,1.145
2,10,0.446
2,10,0.771
2,10,0.939
2,10,0.909
2,10,0.85
2,10,0.757
2,11,0.672
2,11,1.292
2,11,0.747
2,11,0.442
2,11,0.964
2,11,0.812
2,11,0.947
2,11,0.614
2,11,1.057
2,11,1.233
2,11,0.527
2,11,1.077
2,11,0.716
2,11,1.038
2,11,1.033
2,11,0.785
2,11,1.527
2,11,0.393
2,11,1.297
2,11,0.65
2,11,0.938
2,11,1.306
2,11,1.242
2,11,0.985
2,11,1.113
2,11,0.34
2,11,0.909
2,11,0.368
2,11,0.781
2,11,1.242
2,11,1.147
2,11,0.593
2,11,0.259
2,11,1.037
2,11,0.879
2,11,0.6
2,11,0.335
2,11,1.012
2,11,1.04
2,11,1.128
2,11,0.969
2,11,1.233
2,11,0.975
2,11,0.935
2,11,1.334
2,11,1.371
2,11,0.622
2,11,0.651
2,12,0.963
2,12,0.914
2,12,0.665
2,12,0.551
2,12,0.367
2,12,1.22
2,12,0.279
2,12,0.455
2,12,1.219
2,12,0.715
2,12,0.979
2,12,1.506
2,12,0.688
2,12,0.61
2,12,0.446
2,12,0.723
2,12,1.24
2,12,0.717
2,12,1.089
2,12,0.817
2,12,0.555
2,12,1.026
2,12,0.665
2,12,0.818
2,12,0.687
2,12,0.689
2,12,0.797
2,12,0.485
2,12,1.34
2,12,0.122
2,12,0.983
2,12,0.651
2,12,0.929
2,12,0.859
2,12,0.862
2,12,0.589
2,12,0.236
2,12,1.034
2,12,1.059
2,12,1.348
2,12,0.57
2,13,0.736
2,13,0.911
2,13,0.761
2,13,1.209
2,13,0.785
2,13,0.878
2,13,0.98
2,13,0.631
2,13,0.698
2,13,0.83
2,13,0.044
2,13,1.665
2,13,0.591
2,13,1.385
2,13,0.811
2,13,0.531
2,13,1.012
2,13,0.817
2,13,0.473
2,13,0.386
2,13,0.595
2,13,0.398
2,13,0.466
2,13,0.265
2,13,0.495
2,13,1.114
2,13,0.662
2,13,0.805
2,13,1.113
2,13,0.447
2,13,0.908
2,13,0.875
2,13,0.867
2,13,0.639
2,13,1.028
2,13,1.41
2,13,0.746
2,13,0.4
2,13,1.052
2,13,0.433
2,14,0.245
2,14,0.599
2,14,0.506
2,14,0.953
2,14,0.849
2,14,1.65
2,14,1.521
2,14,0.541
2,14,0.915
2,14,1.081
2,14,0.514
2,14,1.174
2,14,0.786
2,14,0.546
2,14,0.904
2,14,0.873
2,14,0.621
2,14,1.436
2,14,0.92
2,14,0.938
2,14,0.578
2,14,0.853
2,14,1.482
2,14,0.554
2,14,0.441
2,14,0.848
2,14,1.08
2,14,0.651
2,14,0.703
2,14,1.261
2,14,1.081
2,14,0.358
2,14,0.453
2,14,1.082
2,14,0.482
2,14,0.418
2,14,0.381
2,14,0.673
2,14,0.493
2,14,0.684
2,15,0.269
2,15,0.554
2,15,1.059
2,15,0.963
2,15,0.895
2,15,0.864
2,15,0.898
2,15,0.529
2,15,1.113
2,15,0.983
2,15,0.924
2,15,0.851
2,15,0.785
2,15,0.86
2,15,0.898
2,15,0.01
2,15,0.519
2,15,0.482
2,15,0.333
2,15,0.844
2,15,0.017
2,15,0.302
2,15,0.357
2,15,0.47
2,15,0.024
2,15,0.407
2,15,0.309
2,15,1.209
2,15,0.51
2,15,0.731
2,15,0.546
2,15,0.898
2,15,1.083
2,15,0.017
2,15,0.948
2,15,0.583
2,15,0.807
2,15,0.435
2,15,1.091
2,15,0.478
2,15,0.6
2,16,0.596
2,16,1.106
2,16,1.504
2,16,0.368
2,16,1.022
2,16,1.206
2,16,0.718
2,16,1.051
2,16,0.278
2,16,0.421
2,16,1.119
2,16,0.65
2,16,0.963
2,16,1.068
2,16,0.979
2,16,0.983
2,16,0.955
2,16,0.47
2,16,0.985
2,16,1.49
2,16,0.418
2,16,0.825
2,16,0.557
2,16,0.467
2,16,0.659
2,16,0.563
2,16,0.726
2,16,0.924
2,16,0.991
2,16,0.679
2,16,0.421
2,16,1.029
2,16,1.124
2,16,0.429
2,16,0.627
2,17,0.574
2,17,0.364
2,17,0.471
2,17,0.912
2,17,0.579
2,17,1.023
2,17,1.179
2,17,0.588
2,17,0.031
2,17,0.655
2,17,0.547
2,17,0.58
2,17,0.715
2,17,0.893
2,17,0.755
2,17,0.523
2,17,0.499
2,17,0.357
2,17,0.698
2,17,0.947
2,17,0.799
2,17,0.707
2,17,0.557
2,17,0.224
2,17,0.906
2,17,1.455
2,17,0.157
2,17,0.7
2,17,0.38
2,17,0.59
2,17,1.139
2,17,0.62
2,17,0.915
2,17,0.794
2,17,0.47
2,17,1.234
2,17,0.989
2,17,0.142
2,17,0.425
2,18,0.702
2,18,0.61
2,18,0.714
2,18,1.14
2,18,1.34
2,18,0.665
2,18,1.378
2,18,1.27
2,18,0.397
2,18,0.828
2,18,0.836
2,18,0.934
2,18,1.47
2,18,1.45
2,18,0.511
2,18,0.724
2,18,0.387
2,18,0.603
2,18,0.583
2,18,0.022
2,18,0.066
2,18,0.724
2,18,1.242
2,18,0.532
2,18,1.127
2,18,0.012
2,18,1.141
2,18,0.768
2,18,0.69
2,18,1.13
2,18,1.235
2,18,0.905
2,18,1.098
2,18,0.568
2,18,0.61
2,18,0.025
2,18,0.972
2,18,0.968
2,18,1.061
2,19,1.235
2,19,0.823
2,19,1.109
2,19,0.012
2,19,1.22
2,19,0.037
2,19,0.713
2,19,0.731
2,19,1.091
2,19,1.065
2,19,0.383
2,19,0.586
2,19,1.158
2,19,1.142
2,19,0.334
2,19,0.725
2,19,1.018
2,19,0.755
2,19,1.386
2,19,0.783
2,19,0.552
2,19,0.377
2,19,0.92
2,19,1.129
2,19,0.996
2,19,1.487
2,19,0.881
2,19,0.036
2,19,0.798
2,19,1.47
2,19,0.996
2,19,1.017
2,19,0.83
2,19,0.778
2,19,0.483
2,19,0.554
2,19,0.646
2,19,0.803
2,20,1.003
2,20,0.703
2,20,0.991
2,20,0.767
2,20,0.619
2,20,1.128
2,20,0.429
2,20,0.234
2,20,0.371
2,20,0.867
2,20,0.466
2,20,0.095
2,20,0.957
2,20,0.814
2,20,0.785
2,20,0.986
2,20,1.169
2,20,1.102
2,20,0.742
2,20,0.426
2,20,0.301
2,20,0.451
2,20,0.422
2,20,0.955
2,20,0.665
2,20,0.638
2,20,1.199
2,20,0.824
2,20,0.777
2,20,0.538
2,21,0.538
2,21,0.723
2,21,0.907
2,21,0.756
2,21,0.937
2,21,0.956
2,21,0.713
2,21,1.494
2,21,1.296
2,21,1.414
2,21,1.557
2,21,0.363
2,21,0.495
2,21,0.963
2,21,1.041
2,21,0.69
2,21,1.247
2,21,0.706
2,21,0.746
2,21,1.041
2,21,0.921
2,21,1.023
2,21,1.355
2,21,0.527
2,21,0.892
2,21,0.382
2,21,0.866
2,21,0.017
2,21,0.04
2,21,0.913
2,21,0.729
2,21,1.183
2,21,0.673
2,21,0.47
2,21,1.436
2,21,0.498
2,21,0.686
2,22,0.078
2,22,0.92
2,22,1.092
2,22,0.932
2,22,1.132
2,22,0.635
2,22,0.896
2,22,0.919
2,22,0.816
2,22,1.132
2,22,0.714
2,22,0.581
2,22,0.636
2,22,0.815
2,22,1.061
2,22,0.952
2,22,0.967
2,22,1.36
2,22,0.649
2,22,0.682
2,22,1.131
2,22,1.14
2,22,1.123
2,22,0.832
2,22,1.027
2,22,0.712
2,22,0.52
2,22,0.463
2,22,0.398
2,22,0.535
2,22,1.024
2,22,0.915
2,23,0.614
2,23,1.016
2,23,0.815
2,23,1.376
2,23,1.03
2,23,0.852
2,23,0.9
2,23,0.946
2,23,0.447
2,23,1.004
2,23,0.541
2,23,0.919
2,23,0.408
2,23,1.276
2,23,0.967
2,23,1.366
2,23,0.009
2,23,0.535
2,23,0.337
2,23,0.373
2,23,0.655
2,23,0.86
2,23,0.73
2,23,0.745
2,23,0.007
2,23,0.607
2,23,0.595
2,23,0.506
2,23,0.984
2,23,0.628
2,23,0.925
2,23,1.055
2,23,1.461
2,23,0.035
2,23,0.031
2,23,0.601
2,23,0.757
2,23,0.264
2,23,0.015
2,23,0.978
2,23,0.036
2,23,0.979
2,23,0.779
2,23,0.506
2,23,0.858
2,24,0.902
2,24,0.998
2,24,0.988
2,24,0.975
2,24,0.806
2,24,1.084
2,24,1.298
2,24,1.386
2,24,0.017
2,24,0.774
2,24,0.018
2,24,0.909
2,24,0.432
2,24,0.734
2,24,1.112
2,24,0.019
2,24,1.017
2,24,0.554
2,24,1.161
2,24,1.234
2,24,0.575
2,24,0.025
2,24,0.018
2,24,0.628
2,24,0.779
2,24,1.212
2,24,0.443
2,24,0.829
2,24,1.296
2,24,0.989
2,24,1.399
2,24,0.903
2,25,1.068
2,25,0.391
2,25,1.042
2,25,0.908
2,25,0.84
2,25,0.838
2,25,0.743
2,25,0.282
2,25,1.148
2,25,0.857
2,25,0.465
2,25,0.76
2,25,0.136
2,25,1.177
2,25,0.342
2,25,1.341
2,25,0.884
2,25,0.434
2,25,0.864
2,25,0.955
2,25,1.234
2,25,1.161
2,25,1.537
2,25,1.343
2,25,1.287
2,25,0.691
2,25,1.193
2,25,0.719
2,25,1.146
2,25,1.412
2,26,0.729
2,26,0.502
2,26,0.681
2,26,0.732
2,26,0.679
2,26,0.332
2,26,0.628
2,26,1.043
2,26,0.106
2,26,0.463
2,26,0.737
2,26,0.512
2,26,0.524
2,26,0.83
2,26,0.833
2,26,0.998
2,26,0.972
2,26,0.834
2,26,0.599
2,26,1.148
2,26,1.226
2,26,0.64
2,26,0.967
2,26,0.283
2,26,0.866
2,26,1.077
2,26,0.77
2,26,0.489
2,26,0.353
2,26,0.841
2,26,0.643
2,26,0.681
2,26,0.202
2,26,0.059
2,27,0.546
2,27,1.005
2,27,1.084
2,27,0.85
2,27,0.91
2,27,0.959
2,27,0.166
2,27,0.696
2,27,1.045
2,27,0.658
2,27,1.24
2,27,1.277
2,27,0.522
2,27,0.916
2,27,0.469
2,27,0.999
2,27,1.097
2,27,0.07
2,27,1.6
2,27,1.084
2,27,0.83
2,27,1.134
2,27,0.082
2,27,0.407
2,27,1.33
2,27,0.69
2,27,0.599
2,27,0.064
2,28,1.45
2,28,0.782
2,28,0.111
2,28,0.576
2,28,1.037
2,28,0.665
2,28,0.791
2,28,0.364
2,28,0.973
2,28,0.969
2,28,0.667
2,28,0.551
2,28,0.548
2,28,0.944
2,28,1.358
2,28,0.768
2,28,0.506
2,28,0.736
2,28,0.723
2,28,0.374
2,28,0.622
2,28,0.632
2,28,0.906
2,28,0.712
2,28,1.052
2,28,0.872
2,28,1.5
2,28,0.824
2,28,0.882
2,28,0.65
2,28,1.204
2,28,0.68
2,28,1.262
2,28,1.012
2,28,0.95
2,28,0.603
2,28,0.999
2,28,0.773
2,28,0.728
2,28,0.815
2,29,1.024
2,29,0.6
2,29,0.783
2,29,0.194
2,29,0.789
2,29,0.358
2,29,1.085
2,29,0.825
2,29,0.911
2,29,0.628
2,29,1.054
2,29,0.043
2,29,1.118
2,29,1.043
2,29,0.91
2,29,0.639
2,29,0.854
2,29,0.588
2,29,0.84
2,29,0.882
2,29,0.554
2,29,0.906
2,29,0.75
2,29,1.31
2,29,0.917
2,29,0.92
2,29,0.925
2,29,1.02
2,29,0.97
2,30,0.567
2,30,0.086
2,30,1.563
2,30,0.645
2,30,0.041
2,30,0.485
2,30,0.779
2,30,0.153
2,30,0.605
2,30,0.709
2,30,0.889
2,30,1.52
2,30,0.45
2,30,1.373
2,30,0.34
2,30,0.739
2,30,1.149
2,30,0.807
2,30,0.74
2,30,0.813
2,30,0.033
2,30,0.888
2,30,1.181
2,30,1.21
2,30,0.657
2,30,1.21
2,30,0.098
2,30,0.562
2,30,0.568
2,30,1.153
2,30,1.66
2,30,0.661
2,30,0.936
3,1,1.226
3,1,1.825
3,1,0.995
3,1,1.18
3,1,0.884
3,1,1.365
3,1,1.67
3,1,1.761
3,1,1.495
3,1,1.093
3,1,1.52
3,1,1.183
3,1,0.757
3,1,1.653
3,1,0.651
3,1,1.162
3,1,1.823
3,1,1.119
3,1,1.277
3,1,0.004
3,1,1.034
3,1,1.843
3,1,1.654
3,1,0.938
3,1,1.33
3,1,1.193
3,1,0.875
3,1,1.464
3,1,1.005
3,1,1.232
3,1,1.16
3,1,1.256
3,1,1.781
3,1,2.131
3,2,1.22
3,2,0.796
3,2,0.588
3,2,1.004
3,2,1.029
3,2,0.314
3,2,1.31
3,2,1.994
3,2,1.286
3,2,1.259
3,2,0.996
3,2,1.727
3,2,1.273
3,2,1.067
3,2,1.411
3,2,0.536
3,2,1.368
3,2,1.06
3,2,1.345
3,2,1.402
3,2,1.349
3,2,1.369
3,2,1.694
3,3,1.505
3,3,0.735
3,3,1.661
3,3,1.285
3,3,1.432
3,3,0.777
3,3,1.497
3,3,0.631
3,3,1.347
3,3,1.215
3,3,0.734
3,3,1.038
3,3,1.23
3,3,1.63
3,3,0.998
3,3,1.586
3,3,0.718
3,3,1.169
3,3,0.474
3,3,0.901
3,3,1.098
3,3,0.723
3,3,1.638
3,3,0.823
3,3,0.905
3,3,0.729
3,3,0.954
3,3,1.168
3,3,1.289
3,3,1.276
3,3,1.567
3,3,1.038
3,4,1.153
3,4,0.994
3,4,1.042
3,4,0.911
3,4,0.66
3,4,0.008
3,4,1.06
3,4,0.384
3,4,0.923
3,4,1.678
3,4,1.066
3,4,2.271
3,4,0.886
3,4,1.322
3,4,1.157
3,4,1.319
3,4,0.449
3,4,1.083
3,4,1.335
3,4,1.399
3,4,0.881
3,4,1.037
3,4,1.168
3,4,1.477
3,4,0.917
3,4,1.879
3,4,1.379
3,4,1.95
3,4,0.43
3,5,1.114
3,5,1.021
3,5,1.381
3,5,0.97
3,5,1.238
3,5,1.587
3,5,0.666
3,5,1.259
3,5,1.118
3,5,1.298
3,5,1.209
3,5,1.397
3,5,1.875
3,5,0.48
3,5,0.813
3,5,0.656
3,5,0.991
3,5,1.102
3,5,1.079
3,5,1.046
3,5,1.234
3,5,1.798
3,5,0.966
3,5,0.687
3,5,0.706
3,5,0.725
3,5,2.378
3,5,1.589
3,5,1.421
3,5,1.429
3,5,1.068
3,6,1.261
3,6,0.886
3,6,1.122
3,6,1.155
3,6,0.029
3,6,1.154
3,6,1.16
3,6,1.24
3,6,0.398
3,6,0.016
3,6,0.592
3,6,1.378
3,6,1.138
3,6,0.757
3,6,0.51
3,6,1.593
3,6,0.9
3,6,1.48
3,6,1.746
3,6,0.577
3,6,0.969
3,6,1.365
3,6,1.392
3,6,1.309
3,6,0.777
3,6,0.741
3,6,0.02
3,6,0.958
3,6,1.124
3,6,1.222
3,6,1.614
3,6,0.058
3,6,0.978
3,6,0.884
3,6,1.341
3,6,0.693
3,6,1.234
3,7,0.611
3,7,0.749
3,7,0.482
3,7,1.331
3,7,0.778
3,7,1.681
3,7,0.013
3,7,1.03
3,7,1.187
3,7,0.978
3,7,0.594
3,7,0.042
3,7,1.459
3,7,0.607
3,7,1.331
3,7,1.499
3,7,0.931
3,7,0.603
3,7,0.923
3,7,1.199
3,7,0.505
3,7,1.23
3,7,0.926
3,7,1.168
3,7,0.539
3,7,1.725
3,8,1.3
3,8,1.524
3,8,1.439
3,8,1.526
3,8,1.644
3,8,0.77
3,8,1.37
3,8,1.773
3,8,0.728
3,8,1.349
3,8,0.38
3,8,0.981
3,8,1.336
3,8,0.836
3,8,0.369
3,8,0.956
3,8,0.832
3,8,1.494
3,8,1.129
3,8,0.916
3,8,0.594
3,8,1.08
3,8,1.211
3,8,0.635
3,8,0.013
3,9,0.734
3,9,1.162
3,9,0.708
3,9,0.681
3,9,0.536
3,9,1.316
3,9,0.724
3,9,1.038
3,9,0.939
3,9,0.793
3,9,1.354
3,9,0.559
3,9,0.582
3,9,0.433
3,9,0.717
3,9,1.004
3,9,1.102
3,9,0.58
3,9,0.535
3,9,1.56
3,9,0.912
3,9,0.773
3,9,0.006
3,9,0.731
3,9,0.757
3,9,0.823
3,9,0.685
3,10,0.657
3,10,0.311
3,10,0.832
3,10,0.86
3,10,0.077
3,10,1.248
3,10,0.559
3,10,0.077
3,10,0.532
3,10,1.491
3,10,0.745
3,10,0.417
3,10,0.785
3,10,1.325
3,10,0.757
3,10,1.214
3,10,0.824
3,10,0.566
3,10,1.154
3,10,0.642
3,10,0.52
3,10,0.684
3,10,0.905
3,10,1.014
3,10,0.845
3,10,0.078
3,10,0.801
3,10,0.857
3,10,1.602
3,10,1.404
3,10,0.483
3,10,1.117
3,10,1.14
3,11,1.253
3,11,0.426
3,11,1.721
3,11,0.661
3,11,0.405
3,11,0.766
3,11,1.2
3,11,0.549
3,11,0.919
3,11,1.172
3,11,1.207
3,11,0.866
3,11,0.849
3,11,1.196
3,11,0.597
3,11,0.486
3,11,0.54
3,11,0.663
3,11,0.935
3,11,1.356
3,11,0.763
3,11,0.827
3,11,1.244
3,11,1.12
3,11,0.772
3,11,1.223
3,11,0.564
3,11,1.116
3,12,0.983
3,12,0.539
3,12,1.033
3,12,0.641
3,12,0.275
3,12,1.108
3,12,0.96
3,12,0.702
3,12,0.838
3,12,1.664
3,12,0.506
3,12,1.348
3,12,0.882
3,12,1.076
3,12,0.748
3,12,0.763
3,12,0.731
3,12,0.072
3,12,0.811
3,12,1.436
3,12,0.916
3,12,1.415
3,12,1.219
3,12,0.691
3,12,0.971
3,12,0.877
3,12,0.711
3,12,1.03
3,12,0.956
3,12,0.454
3,12,1.059
3,12,0.607
3,12,1.437
3,12,1.107
3,12,0.575
3,13,0.411
3,13,0.254
3,13,0.573
3,13,0.493
3,13,0.509
3,13,0.817
3,13,0.9
3,13,0.822
3,13,0.574
3,13,0.553
3,13,1.633
3,13,1.07
3,13,0.977
3,13,0.922
3,13,0.761
3,13,0.966
3,13,1.319
3,13,0.268
3,13,1.228
3,13,0.322
3,13,1.007
3,13,0.933
3,13,1.244
3,13,0.857
3,13,0.461
3,13,0.611
3,13,0.993
3,13,0.132
3,13,0.726
3,13,0.702
3,13,0.782
3,13,0.82
3,13,0.396
3,13,0.934
3,13,0.863
3,13,0.691
3,14,0.471
3,14,0.689
3,14,0.378
3,14,0.867
3,14,0.807
3,14,0.621
3,14,0.9
3,14,0.923
3,14,0.988
3,14,0.766
3,14,0.696
3,14,0.733
3,14,1.138
3,14,1.151
3,14,0.666
3,14,0.782
3,14,0.908
3,14,0.658
3,14,0.955
3,14,1.111
3,14,0.814
3,14,0.509
3,14,0.75
3,14,0.732
3,14,0.165
3,14,1.354
3,14,1.189
3,14,1.377
3,14,0.441
3,14,0.699
3,14,0.66
3,14,0.852
3,14,0.581
3,15,0.746
3,15,0.901
3,15,0.501
3,15,0.027
3,15,0.516
3,15,0.945
3,15,0.689
3,15,0.578
3,15,0.732
3,15,0.61
3,15,1.285
3,15,1.357
3,15,1.093
3,15,0.043
3,15,0.813
3,15,0.842
3,15,0.7
3,15,1.253
3,15,0.812
3,15,0.614
3,15,0.57
3,15,0.726
3,15,0.076
3,15,1.388
3,15,1.178
3,15,1.312
3,15,0.737
3,15,0.911
3,15,1.68
3,15,0.872
3,15,1.383
3,15,0.946
3,15,0.654
3,15,0.787
3,15,0.046
3,15,0.817
3,16,0.548
3,16,0.701
3,16,1.038
3,16,0.288
3,16,1.287
3,16,0.731
3,16,0.922
3,16,0.612
3,16,1.303
3,16,1.187
3,16,1.416
3,16,0.328
3,16,0.687
3,16,1.249
3,16,0.721
3,16,1.009
3,16,0.642
3,16,0.536
3,16,1.234
3,16,1.416
3,16,1.593
3,16,0.876
3,16,0.762
3,16,0.87
3,16,1.066
3,16,0.814
3,16,0.714
3,16,0.947
3,16,0.603
3,16,0.807
3,16,0.947
3,16,0.805
3,16,0.801
3,16,1.609
3,16,1.466
3,16,0.627
3,16,1.19
3,16,0.966
3,16,0.894
3,17,0.094
3,17,0.639
3,17,1.262
3,17,0.882
3,17,0.743
3,17,1.27
3,17,0.957
3,17,1.372
3,17,1.506
3,17,0.928
3,17,1.525
3,17,1.053
3,17,0.982
3,17,0.778
3,17,0.47
3,17,0.924
3,17,0.677
3,17,0.504
3,17,0.396
3,17,1.322
3,17,1.023
3,17,0.581
3,17,0.626
3,17,0.976
3,17,0.831
3,17,1.299
3,17,0.675
3,17,0.896
3,17,1.469
3,17,1.194
3,17,0.269
3,17,1.272
3,17,0.813
3,17,0.751
3,18,1.124
3,18,0.371
3,18,0.69
3,18,0.92
3,18,1.229
3,18,1.32
3,18,0.927
3,18,0.921
3,18,0.717
3,18,0.138
3,18,0.767
3,18,0.666
3,18,1.294
3,18,0.656
3,18,1.118
3,18,0.751
3,18,0.023
3,18,0.795
3,18,0.844
3,18,0.993
3,18,1.369
3,18,1.618
3,18,0.395
3,18,0.782
3,18,0.589
3,19,0.216
3,19,0.718
3,19,0.681
3,19,0.772
3,19,0.381
3,19,0.994
3,19,1.057
3,19,1.162
3,19,0.784
3,19,0.936
3,19,0.575
3,19,1.604
3,19,0.789
3,19,0.61
3,19,0.109
3,19,1.229
3,19,1.278
3,19,0.33
3,19,0.786
3,19,0.549
3,19,0.738
3,19,0.682
3,19,1.599
3,19,1.494
3,19,0.995
3,19,0.528
3,19,1.107
3,19,0.808
3,19,1.302
3,19,0.863
3,19,0.593
3,19,0.051
3,19,0.856
3,19,0.673
3,20,0.545
3,20,0.921
3,20,0.848
3,20,0.813
3,20,1.779
3,20,0.028
3,20,0.671
3,20,1.618
3,20,0.833
3,20,0.742
3,20,1.414
3,20,0.856
3,20,1.012
3,20,0.655
3,20,0.229
3,20,0.436
3,20,0.612
3,20,1.4
3,20,1.266
3,20,0.401
3,20,1.212
3,20,1.052
3,20,0.469
3,20,0.046
3,20,0.651
3,20,0.886
3,20,0.602
3,21,0.795
3,21,0.701
3,21,1.04
3,21,0.874
3,21,1.284
3,21,0.925
3,21,1.081
3,21,0.746
3,21,1.692
3,21,0.523
3,21,0.429
3,21,0.882
3,21,1.06
3,21,0.615
3,21,1.168
3,21,1.287
3,21,1.787
3,21,1.659
3,21,0.229
3,21,1.314
3,21,0.724
3,21,0.586
3,21,0.894
3,21,0.578
3,21,0.827
3,21,0.531
3,21,1.082
3,21,1.277
3,21,1.511
3,21,0.558
3,21,0.181
3,21,0.445
3,21,1.245
3,21,1.273
3,21,0.722
3,21,1.358
3,21,0.586
3,21,0.901
3,21,0.351
3,21,0.378
3,22,0.894
3,22,1.226
3,22,0.951
3,22,1.316
3,22,0.718
3,22,0.905
3,22,1.769
3,22,0.807
3,22,1.027
3,22,0.998
3,22,0.572
3,22,1.015
3,22,0.95
3,22,0.811
3,22,0.773
3,22,0.797
3,22,0.231
3,22,0.825
3,22,1.02
3,22,0.652
3,22,1.39
3,22,0.916
3,22,1.124
3,22,0.402
3,22,1.354
3,22,1.313
3,22,0.863
3,22,0.997
3,22,0.093
3,22,1.449
3,22,0.268
3,22,1.415
3,22,0.486
3,22,0.694
3,22,0.897
3,23,0.702
3,23,1.32
3,23,1.183
3,23,0.672
3,23,0.857
3,23,0.8
3,23,1.276
3,23,1.496
3,23,0.73
3,23,0.024
3,23,1.617
3,23,0.896
3,23,0.607
3,23,0.866
3,23,0.903
3,23,1.16
3,23,0.474
3,23,0.944
3,23,0.926
3,23,1.159
3,23,1.203
3,23,0.941
3,23,1.097
3,23,1.473
3,24,0.941
3,24,0.74
3,24,1.472
3,24,0.547
3,24,0.022
3,24,0.804
3,24,0.861
3,24,0.801
3,24,0.689
3,24,0.907
3,24,1.425
3,24,0.747
3,24,1.11
3,24,0.315
3,24,0.934
3,24,0.382
3,24,0.264
3,24,0.679
3,24,0.771
3,24,0.98
3,24,1.118
3,24,0.627
3,24,0.008
3,24,0.751
3,24,1.226
3,24,1.225
3,24,0.992
3,24,1.001
3,24,1.09
3,24,0.533
3,24,0.986
3,24,0.75
3,25,0.976
3,25,0.745
3,25,0.816
3,25,0.066
3,25,1.15
3,25,1.371
3,25,1.352
3,25,0.948
3,25,0.507
3,25,0.368
3,25,0.667
3,25,1.188
3,25,0.779
3,25,0.624
3,25,1.016
3,25,0.901
3,25,1.299
3,25,0.797
3,25,1.442
3,25,1.257
3,25,0.824
3,25,0.637
3,25,0.904
3,25,0.506
3,25,0.829
3,25,0.553
3,25,0.25
3,25,1.512
3,25,1.156
3,25,0.557
3,25,0.317
3,25,0.69
3,25,1.59
3,25,1.031
3,25,1.153
3,25,0.455
3,25,1.075
3,25,0.062
3,26,0.661
3,26,0.764
3,26,0.199
3,26,0.606
3,26,0.153
3,26,1.002
3,26,0.404
3,26,0.141
3,26,1.028
3,26,0.315
3,26,1.221
3,26,1.258
3,26,1.463
3,26,0.469
3,26,1.327
3,26,0.746
3,26,1.484
3,26,0.672
3,26,0.277
3,26,1.225
3,26,1.42
3,26,0.648
3,26,0.916
3,26,0.79
3,26,0.678
3,26,0.644
3,26,0.756
3,26,0.925
3,26,0.636
3,26,0.867
3,26,0.133
3,26,1.035
3,26,0.94
3,26,1.132
3,26,0.119
3,26,0.191
3,27,0.836
3,27,0.057
3,27,1.314
3,27,0.569
3,27,1.129
3,27,1.322
3,27,1.384
3,27,1.18
3,27,1.261
3,27,1.08
3,27,0.707
3,27,1.348
3,27,0.012
3,27,0.767
3,27,0.616
3,27,0.877
3,27,0.318
3,27,0.786
3,27,0.388
3,27,0.713
3,27,1.377
3,27,1.27
3,27,0.99
3,27,1.053
3,27,0.603
3,27,1.034
3,27,0.765
3,27,1.165
3,27,0.457
3,27,0.665
3,27,0.99
3,27,1.564
3,27,0.179
3,27,0.102
3,27,0.871
3,28,0.257
3,28,0.954
3,28,0.635
3,28,0.513
3,28,0.393
3,28,1.066
3,28,0.774
3,28,0.751
3,28,0.713
3,28,1.137
3,28,0.804
3,28,0.499
3,28,0.761
3,28,1.189
3,28,0.625
3,28,1.115
3,28,0.584
3,28,1.179
3,28,0.922
3,28,1.348
3,28,1.411
3,28,0.342
3,28,1.454
3,28,1.46
3,28,0.873
3,28,0.419
3,28,0.582
3,28,0.109
3,28,0.948
3,28,1.346
3,29,0.448
3,29,0.977
3,29,0.654
3,29,0.768
3,29,0.689
3,29,0.715
3,29,0.896
3,29,1.181
3,29,0.931
3,29,0.576
3,29,0.72
3,29,1.026
3,29,0.677
3,29,0.635
3,29,0.089
3,29,1.703
3,29,0.558
3,29,0.516
3,29,0.418
3,29,1.575
3,29,1.173
3,29,0.034
3,29,0.601
3,29,0.773
3,29,0.618
3,29,0.88
3,29,0.697
3,29,0.978
3,29,0.8
3,29,0.373
3,29,0.867
3,29,0.104
3,29,1.099
3,29,0.919
3,29,1.432
3,29,0.614
3,30,0.761
3,30,0.992
3,30,0.857
3,30,1.095
3,30,0.09
3,30,1.177
3,30,0.895
3,30,1.349
3,30,0.094
3,30,0.578
3,30,1.04
3,30,0.736
3,30,0.827
3,30,0.366
3,30,0.043
3,30,1.15
3,30,1.365
3,30,0.796
3,30,1.342
3,30,0.927
3,30,1.392
3,30,1.065
3,30,0.036
3,30,1.14
3,30,1.352
3,30,1.045
3,30,0.472
3,30,0.634
3,30,0.881
3,30,0.756
3,30,0.075
3,30,0.008
4,1,1.033
4,1,1.189
4,1,1.509
4,1,0.946
4,1,1.223
4,1,1.019
4,1,1.209
4,1,1.139
4,1,1.191
4,1,0.826
4,1,1.224
4,1,1.356
4,1,1.573
4,1,0.491
4,1,0.692
4,1,1.201
4,1,1.201
4,1,1.257
4,1,1.462
4,1,1.767
4,1,1.971
4,1,0.983
4,1,1.433
4,2,0.762
4,2,0.825
4,2,1.357
4,2,1.423
4,2,1.084
4,2,0.507
4,2,0.943
4,2,1.15
4,2,0.663
4,2,1.067
4,2,1.215
4,2,1.136
4,2,1.004
4,2,1.524
4,2,0.8
4,2,1.019
4,2,1.25
4,2,1.095
4,2,1.435
4,2,1.452
4,2,1.449
4,2,1.3
4,2,0.693
4,2,0.383
4,2,1.241
4,2,0.861
4,2,1.195
4,2,1.278
4,3,0.641
4,3,1.397
4,3,1.197
4,3,1.452
4,3,1.087
4,3,1.126
4,3,1.106
4,3,1.441
4,3,0.988
4,3,0.969
4,3,0.659
4,3,0.613
4,3,0.419
4,3,1.001
4,3,0.892
4,3,0.619
4,3,1.603
4,3,0.611
4,3,1.532
4,3,0.392
4,3,1.042
4,3,1.285
4,4,1.087
4,4,0.033
4,4,0.314
4,4,0.967
4,4,1.14
4,4,1.189
4,4,1.427
4,4,1.386
4,4,1.342
4,4,0.64
4,4,1.122
4,4,0.661
4,4,1.429
4,4,1.122
4,4,1.072
4,4,1.327
4,4,1.1
4,5,1.212
4,5,0.941
4,5,1.124
4,5,0.448
4,5,0.543
4,5,0.465
4,5,1.121
4,5,1.285
4,5,1.193
4,5,1.512
4,5,1.351
4,5,1.363
4,5,1.081
4,5,1.015
4,5,0.382
4,5,1.445
4,5,0.891
4,5,0.632
4,5,0.537
4,5,1.187
4,5,1.391
4,5,0.964
4,5,1.249
4,5,1.451
4,5,1.57
4,5,0.327
4,5,0.596
4,5,0.67
4,5,0.384
4,6,0.903
4,6,0.461
4,6,0.058
4,6,0.966
4,6,1.364
4,6,1.028
4,6,0.824
4,6,0.587
4,6,1.394
4,6,0.393
4,6,1.305
4,6,0.863
4,6,0.888
4,6,1.04
4,6,0.581
4,6,0.064
4,6,0.727
4,6,0.638
4,6,1.098
4,6,0.622
4,6,0.941
4,6,1.072
4,6,0.93
4,6,0.759
4,6,0.584
4,7,0.949
4,7,0.886
4,7,0.406
4,7,0.568
4,7,0.946
4,7,1.349
4,7,0.233
4,7,0.333
4,7,0.149
4,7,0.946
4,7,0.893
4,7,1.312
4,7,0.76
4,7,0.74
4,7,0.752
4,7,1.06
4,7,0.457
4,7,1.104
4,7,1.029
4,7,0.529
4,7,0.369
4,7,0.561
4,8,0.667
4,8,0.081
4,8,0.957
4,8,0.569
4,8,0.681
4,8,0.506
4,8,0.016
4,8,1.003
4,8,0.922
4,8,0.969
4,8,0.457
4,8,0.029
4,8,0.049
4,8,0.007
4,8,0.814
4,8,0.713
4,8,0.821
4,8,0.626
4,8,0.412
4,8,1.024
4,8,0.891
4,8,1.074
4,8,0.643
4,8,0.896
4,8,0.042
4,9,1.181
4,9,0.025
4,9,0.846
4,9,0.009
4,9,0.566
4,9,0.83
4,9,0.806
4,9,0.882
4,9,0.348
4,9,0.63
4,9,0.693
4,9,0.428
4,9,0.379
4,9,0.501
4,9,0.632
4,9,0.999
4,9,0.62
4,9,0.563
4,9,0.341
4,9,1.31
4,9,0.508
4,9,0.104
4,9,0.634
4,9,0.853
4,9,0.129
4,9,0.933
4,9,0.609
4,10,0.615
4,10,1.59
4,10,0.914
4,10,1.317
4,10,0.077
4,10,0.33
4,10,0.552
4,10,0.602
4,10,1.003
4,10,0.063
4,10,0.89
4,10,0.259
4,10,1.189
4,10,1.385
4,10,0.156
4,10,1.099
4,10,0.597
4,10,0.885
4,10,0.822
4,10,0.389
4,10,0.658
4,10,0.516
4,10,1.057
4,10,0.595
4,11,0.196
4,11,0.393
4,11,0.316
4,11,1.071
4,11,0.671
4,11,0.06
4,11,1.001
4,11,1.02
4,11,1.232
4,11,0.099
4,11,0.596
4,11,0.635
4,11,0.979
4,11,1.086
4,11,1.131
4,11,1.197
4,11,0.446
4,11,0.668
4,12,1.285
4,12,0.853
4,12,0.858
4,12,0.34
4,12,0.651
4,12,0.611
4,12,1.344
4,12,0.725
4,12,0.535
4,12,0.46
4,12,1.03
4,12,0.486
4,12,0.5
4,12,0.346
4,12,0.907
4,12,0.891
4,12,0.539
4,12,0.53
4,12,0.419
4,12,0.284
4,13,0.683
4,13,0.802
4,13,0.819
4,13,0.699
4,13,0.166
4,13,1.199
4,13,1.868
4,13,1.337
4,13,0.789
4,13,1.326
4,13,0.908
4,13,1.215
4,13,0.911
4,13,0.04
4,13,1.204
4,13,0.584
4,13,0.502
4,13,0.416
4,13,0.482
4,13,1.185
4,13,1.189
4,13,0.463
4,13,0.074
4,13,0.051
4,13,0.054
4,13,0.433
4,14,0.415
4,14,0.247
4,14,0.843
4,14,1.201
4,14,0.992
4,14,0.865
4,14,0.762
4,14,0.332
4,14,1.004
4,14,0.816
4,14,1.059
4,14,0.836
4,14,0.686
4,14,0.383
4,14,0.676
4,14,0.42
4,14,1.061
4,14,0.515
4,14,0.907
4,14,0.574
4,14,0.024
4,14,0.571
4,14,0.748
4,15,0.333
4,15,0.229
4,15,1.429
4,15,0.918
4,15,0.748
4,15,0.494
4,15,0.039
4,15,0.718
4,15,0.742
4,15,0.616
4,15,0.556
4,15,0.603
4,15,1.043
4,15,0.412
4,15,0.52
4,15,1.173
4,15,0.209
4,15,0.53
4,15,0.483
4,15,0.835
4,15,0.024
4,15,0.782
4,15,0.336
4,15,0.568
4,15,0.368
4,15,0.378
4,15,0.382
4,16,0.093
4,16,0.172
4,16,1.048
4,16,0.386
4,16,0.005
4,16,1.05
4,16,0.96
4,16,0.125
4,16,0.637
4,16,1.602
4,16,0.103
4,16,0.656
4,16,0.594
4,16,1.049
4,16,0.749
4,16,0.683
4,16,0.019
4,16,0.371
4,16,0.029
4,16,0.52
4,16,0.626
4,16,0.541
4,16,0.593
4,16,0.603
4,16,0.69
4,16,1.473
4,16,0.685
4,16,0.799
4,16,0.872
4,16,1.503
4,16,0.434
4,16,0.612
4,17,0.965
4,17,0.905
4,17,0.529
4,17,0.555
4,17,0.697
4,17,0.776
4,17,0.799
4,17,0.701
4,17,0.982
4,17,1.236
4,17,0.518
4,17,0.427
4,17,0.606
4,17,0.164
4,17,0.132
4,17,1.182
4,17,0.848
4,17,0.476
4,17,0.544
4,17,0.438
4,18,1.149
4,18,0.81
4,18,0.046
4,18,0.544
4,18,0.826
4,18,0.853
4,18,1.132
4,18,1.112
4,18,0.43
4,18,0.502
4,18,0.072
4,18,0.361
4,18,0.066
4,18,1.242
4,18,0.394
4,18,0.895
4,18,0.648
4,18,1.616
4,18,1.258
4,18,0.742
4,18,0.524
4,18,0.046
4,18,0.373
4,18,0.458
4,18,0.026
4,18,0.04
4,18,0.127
4,19,0.96
4,19,1.683
4,19,0.669
4,19,0.575
4,19,0.483
4,19,0.439
4,19,0.87
4,19,0.56
4,19,0.011
4,19,0.203
4,19,1.463
4,19,0.341
4,19,0.799
4,19,0.196
4,19,0.554
4,19,0.909
4,19,0.802
4,19,0.728
4,19,0.694
4,19,0.465
4,19,0.868
4,19,0.577
4,19,0.065
4,19,0.748
4,19,0.985
4,19,0.921
4,19,0.96
4,19,0.659
4,19,0.479
4,19,0.666
4,19,0.538
4,20,0.649
4,20,0.68
4,20,0.825
4,20,0.746
4,20,0.069
4,20,1.031
4,20,0.385
4,20,0.642
4,20,0.915
4,20,0.712
4,20,0.605
4,20,0.512
4,20,1.273
4,20,0.642
4,20,0.016
4,20,0.225
4,20,0.021
4,20,0.485
4,20,0.015
4,20,1.337
4,20,0.631
4,20,0.875
4,20,1.011
4,21,0.684
4,21,0.196
4,21,0.43
4,21,0.934
4,21,0.716
4,21,0.678
4,21,0.041
4,21,0.636
4,21,0.584
4,21,0.16
4,21,1.582
4,21,0.356
4,21,0.646
4,21,0.766
4,21,0.874
4,21,0.042
4,21,0.671
4,21,1.397
4,21,0.053
4,21,0.711
4,21,0.025
4,22,0.413
4,22,0.895
4,22,0.345
4,22,1.319
4,22,0.519
4,22,0.089
4,22,0.059
4,22,1.551
4,22,1.204
4,22,0.627
4,22,0.05
4,22,0.051
4,22,0.268
4,22,0.541
4,22,0.484
4,22,0.776
4,22,1.145
4,22,0.623
4,22,0.764
4,22,0.39
4,22,0.453
4,22,0.38
4,22,0.129
4,22,0.056
4,22,0.098
4,22,0.443
4,22,0.599
4,23,0.059
4,23,0.452
4,23,1.186
4,23,0.061
4,23,1.289
4,23,1.059
4,23,0.783
4,23,0.739
4,23,0.481
4,23,0.873
4,23,0.57
4,23,0.076
4,23,0.736
4,23,0.654
4,23,0.017
4,23,1.04
4,23,0.48
4,23,0.424
4,23,0.118
4,23,1.353
4,23,0.452
4,23,0.395
4,23,0.431
4,23,0.546
4,23,0.622
4,23,0.53
4,23,0.557
4,23,0.473
4,24,0.54
4,24,0.515
4,24,0.503
4,24,1.048
4,24,0.024
4,24,1.039
4,24,0.059
4,24,0.034
4,24,0.338
4,24,0.652
4,24,1.025
4,24,0.423
4,24,0.86
4,24,0.998
4,24,0.435
4,24,0.482
4,24,0.739
4,24,0.54
4,24,0.578
4,24,0.006
4,24,0.019
4,24,1.304
4,24,0.027
4,24,0.82
4,24,1.495
4,24,0.213
4,24,0.552
4,24,0.817
4,25,0.714
4,25,0.895
4,25,0.744
4,25,1.067
4,25,0.884
4,25,0.759
4,25,0.758
4,25,0.895
4,25,0.586
4,25,0.227
4,25,0.033
4,25,0.541
4,25,0.679
4,25,1.068
4,25,0.391
4,25,0.053
4,25,0.865
4,25,0.819
4,25,0.015
4,25,0.49
4,25,0.337
4,25,0.295
4,25,1.522
4,26,0.62
4,26,0.643
4,26,0.638
4,26,0.537
4,26,1.17
4,26,0.551
4,26,0.814
4,26,1.128
4,26,0.29
4,26,0.068
4,26,0.03
4,26,0.554
4,26,1.327
4,26,0.987
4,26,0.852
4,26,0.873
4,26,0.501
4,26,0.7
4,26,0.588
4,26,0.911
4,26,0.082
4,26,0.425
4,26,0.696
4,26,0.75
4,26,0.157
4,26,0.482
4,26,0.773
4,26,0.662
4,26,0.037
4,27,0.747
4,27,0.82
4,27,0.428
4,27,0.392
4,27,0.82
4,27,0.048
4,27,0.128
4,27,0.172
4,27,1.269
4,27,0.691
4,27,0.487
4,27,0.558
4,27,0.558
4,27,0.6
4,27,0.33
4,27,0.841
4,27,0.014
4,27,0.216
4,27,1.825
4,27,0.624
4,27,1.434
4,27,0.413
4,27,0.321
4,27,0.482
4,27,0.83
4,28,0.011
4,28,0.91
4,28,0.59
4,28,0.894
4,28,0.783
4,28,0.81
4,28,0.722
4,28,1.223
4,28,0.794
4,28,0.048
4,28,0.289
4,28,0.664
4,28,0.476
4,28,0.907
4,28,0.066
4,28,0.614
4,28,0.563
4,28,0.042
4,28,0.445
4,28,0.432
4,28,1.09
4,28,0.042
4,28,1.092
4,28,0.426
4,28,0.844
4,28,0.718
4,28,0.681
4,28,0.614
4,28,0.608
4,28,0.365
4,28,0.009
4,28,0.503
4,29,0.412
4,29,0.758
4,29,0.711
4,29,0.764
4,29,0.441
4,29,0.442
4,29,0.052
4,29,0.549
4,29,0.325
4,29,0.917
4,29,0.731
4,29,0.347
4,29,0.232
4,29,1.03
4,29,0.348
4,29,0.621
4,29,0.358
4,29,0.66
4,29,0.276
4,29,0.407
4,29,0.076
4,29,0.046
4,29,0.607
4,29,0.704
4,29,1.067
4,29,0.048
4,29,0.624
4,29,0.241
4,29,0.036
4,29,0.354
4,30,0.471
4,30,1.146
4,30,0.424
4,30,0.989
4,30,0.812
4,30,1.267
4,30,0.211
4,30,1.586
4,30,0.673
4,30,0.104
4,30,0.352
4,30,0.584
4,30,0.067
4,30,0.343
4,30,0.377
4,30,0.271
4,30,0.955
4,30,0.675
4,30,0.6
4,30,0.01
4,30,0.742
4,30,0.725
4,30,0.762
4,30,0.928
4,30,0.513
4,30,0.265
4,30,0.447
4,30,0.053
5,1,1.314
5,1,0.871
5,1,1.339
5,1,1.086
5,1,1.034
5,1,1.197
5,1,1.814
5,1,1.239
5,1,1.64
5,1,1.418
5,1,1.424
5,1,0.89
5,1,0.594
5,1,0.863
5,1,1.052
5,1,1.504
5,1,0.791
5,1,1.672
5,1,2.014
5,1,1.468
5,1,0.894
5,1,0.982
5,1,2.08
5,1,1.824
5,1,1.783
5,1,1.104
5,1,1.278
5,1,1.757
5,1,1.635
5,2,1.141
5,2,1.111
5,2,0.944
5,2,1.395
5,2,0.907
5,2,0.701
5,2,1.064
5,2,1.298
5,2,0.509
5,2,1.265
5,2,1.146
5,2,0.821
5,2,1.096
5,2,1.281
5,2,1.405
5,2,1.537
5,2,1.419
5,2,1.248
5,2,1.342
5,2,0.676
5,2,0.868
5,2,1.782
5,2,0.995
5,2,0.892
5,2,1.283
5,2,0.589
5,2,0.592
5,2,1.195
5,3,0.638
5,3,1.162
5,3,1.159
5,3,1.345
5,3,0.93
5,3,0.874
5,3,0.388
5,3,0.596
5,3,0.815
5,3,0.878
5,3,1.252
5,3,0.835
5,3,0.938
5,3,0.767
5,3,0.741
5,3,1.129
5,3,1.101
5,3,1.192
5,3,0.581
5,3,1.562
5,3,0.644
5,3,1.278
5,3,1.33
5,3,1.4
5,3,0.64
5,4,1.309
5,4,1.382
5,4,1.089
5,4,0.487
5,4,0.262
5,4,0.833
5,4,1.07
5,4,1.031
5,4,1.529
5,4,1.011
5,4,0.927
5,4,1.498
5,4,1.285
5,4,0.974
5,4,0.087
5,4,1.013
5,4,0.832
5,4,0.362
5,4,1.408
5,4,1.31
5,4,1.094
5,4,0.393
5,4,0.513
5,4,0.955
5,4,1.185
5,4,0.674
5,4,1.113
5,4,0.552
5,4,1.116
5,4,1.102
5,4,0.194
5,4,1.373
5,4,1.363
5,4,1.27
5,4,0.52
5,4,0.741
5,4,1.813
5,4,0.812
5,4,1.961
5,4,1.282
5,5,0.746
5,5,0.588
5,5,0.76
5,5,1.139
5,5,1.014
5,5,0.946
5,5,1.264
5,5,0.942
5,5,1.29
5,5,1.328
5,5,0.784
5,5,0.969
5,5,0.913
5,5,0.939
5,5,1.138
5,5,0.813
5,5,0.598
5,5,0.567
5,5,1.143
5,5,0.468
5,5,1.068
5,5,1.157
5,5,1.046
5,5,1.551
5,5,0.309
5,5,1.784
5,5,1.2
5,5,1.299
5,5,1.497
5,6,0.597
5,6,1.353
5,6,0.651
5,6,0.046
5,6,0.987
5,6,1.15
5,6,0.699
5,6,0.629
5,6,1.056
5,6,1.385
5,6,0.906
5,6,1.235
5,6,0.558
5,6,1.523
5,6,1.152
5,6,0.697
5,6,1.383
5,6,0.587
5,6,0.815
5,6,0.777
5,6,0.614
5,6,0.681
5,6,0.424
5,6,1.092
5,6,0.685
5,6,0.507
5,6,1.136
5,6,1.375
5,6,1.179
5,6,1.288
5,6,1.008
5,6,0.423
5,6,1.327
5,6,1.35
5,6,0.892
5,6,1.126
5,7,0.677
5,7,0.66
5,7,1.067
5,7,1.017
5,7,0.065
5,7,0.943
5,7,0.774
5,7,1.087
5,7,0.972
5,7,0.901
5,7,0.705
5,7,0.702
5,7,0.726
5,7,0.74
5,7,1.547
5,7,0.859
5,7,0.526
5,7,1.127
5,7,1.013
5,7,0.805
5,7,0.458
5,7,0.25
5,7,1.553
5,7,1.194
5,7,0.295
5,7,1.075
5,7,0.65
5,7,1.346
5,7,0.353
5,8,0.966
5,8,1.091
5,8,0.515
5,8,0.527
5,8,0.574
5,8,0.347
5,8,1.102
5,8,1.22
5,8,0.767
5,8,1.19
5,8,1.389
5,8,0.701
5,8,0.772
5,8,0.879
5,8,0.744
5,8,0.917
5,8,0.706
5,8,0.846
5,8,0.575
5,8,1.198
5,8,1.025
5,8,1.039
5,8,0.897
5,8,0.877
5,8,0.379
5,8,1.248
5,8,0.212
5,8,0.655
5,8,0.687
5,8,0.86
5,8,0.588
5,8,1.004
5,8,0.74
5,8,1.401
5,8,0.767
5,9,0.279
5,9,0.477
5,9,0.561
5,9,1.15
5,9,0.621
5,9,1.024
5,9,0.704
5,9,0.504
5,9,1.448
5,9,0.05
5,9,0.869
5,9,1.151
5,9,0.747
5,9,0.687
5,9,0.726
5,9,1.016
5,9,0.913
5,9,0.383
5,9,0.792
5,9,0.848
5,9,0.692
5,9,0.499
5,9,0.724
5,9,0.777
5,9,1.492
5,9,0.604
5,9,0.769
5,9,0.987
5,9,0.621
5,10,1.144
5,10,0.515
5,10,1.013
5,10,0.891
5,10,0.672
5,10,0.599
5,10,0.77
5,10,1.189
5,10,0.751
5,10,0.418
5,10,0.792
5,10,1.211
5,10,0.838
5,10,1.129
5,10,0.882
5,10,1.083
5,10,0.239
5,10,0.386
5,10,1.61
5,10,0.9
5,10,0.669
5,10,0.93
5,10,1.366
5,10,1.237
5,10,1.143
5,10,0.521
5,10,0.481
5,10,0.642
5,10,0.186
5,10,0.705
5,11,0.628
5,11,0.966
5,11,0.695
5,11,0.559
5,11,0.989
5,11,0.99
5,11,0.955
5,11,0.961
5,11,0.612
5,11,0.678
5,11,0.562
5,11,0.752
5,11,0.26
5,11,0.743
5,11,0.761
5,11,0.387
5,11,0.62
5,11,0.536
5,11,0.871
5,11,1.166
5,11,0.578
5,11,0.572
5,11,1.071
5,11,0.316
5,11,1.155
5,11,0.543
5,11,0.603
5,11,0.499
5,12,0.603
5,12,0.974
5,12,0.777
5,12,0.554
5,12,0.7
5,12,1.002
5,12,0.54
5,12,0.226
5,12,1.648
5,12,0.806
5,12,0.924
5,12,0.752
5,12,0.455
5,12,0.851
5,12,0.793
5,12,0.724
5,12,0.701
5,12,0.371
5,12,0.425
5,12,0.946
5,12,0.857
5,12,0.511
5,12,0.934
5,12,1.24
5,12,0.856
5,12,1.193
5,13,0.225
5,13,0.973
5,13,1.37
5,13,1.632
5,13,0.27
5,13,0.727
5,13,1.049
5,13,0.526
5,13,0.653
5,13,0.911
5,13,0.928
5,13,0.466
5,13,0.921
5,13,0.581
5,13,0.672
5,13,1.02
5,13,0.583
5,13,0.91
5,13,0.981
5,13,1.548
5,13,0.072
5,13,0.647
5,13,0.738
5,13,0.967
5,13,1.219
5,13,0.971
5,13,0.578
5,13,0.977
5,13,1.178
5,14,0.551
5,14,0.95
5,14,0.689
5,14,0.584
5,14,0.775
5,14,0.277
5,14,0.883
5,14,0.58
5,14,0.579
5,14,1.021
5,14,0.672
5,14,0.872
5,14,0.431
5,14,0.541
5,14,0.737
5,14,0.896
5,14,0.702
5,14,0.995
5,14,1.021
5,14,1.106
5,14,0.61
5,14,1.154
5,14,0.545
5,14,0.599
5,14,0.163
5,14,0.705
5,14,0.891
5,14,0.82
5,14,1.137
5,14,0.015
5,15,0.977
5,15,0.731
5,15,0.382
5,15,0.594
5,15,0.742
5,15,0.801
5,15,0.18
5,15,0.446
5,15,0.592
5,15,0.922
5,15,0.062
5,15,0.543
5,15,0.684
5,15,0.329
5,15,0.997
5,15,0.714
5,15,0.068
5,15,1.043
5,15,0.598
5,15,0.761
5,15,1.298
5,15,0.445
5,15,1.191
5,15,0.88
5,15,1.32
5,15,0.574
5,16,0.714
5,16,1.274
5,16,1.028
5,16,0.752
5,16,0.825
5,16,0.171
5,16,0.082
5,16,0.917
5,16,0.096
5,16,1.512
5,16,0.395
5,16,1.725
5,16,0.487
5,16,1.214
5,16,0.215
5,16,1.354
5,16,0.338
5,16,0.71
5,16,1.078
5,16,0.343
5,16,0.81
5,16,1.751
5,16,1.017
5,16,0.515
5,16,1.016
5,16,1.29
5,16,0.659
5,16,0.029
5,16,0.056
5,16,0.608
5,16,0.651
5,16,0.754
5,16,0.794
5,16,0.071
5,16,0.52
5,17,1.059
5,17,0.666
5,17,0.676
5,17,0.558
5,17,0.56
5,17,0.746
5,17,0.389
5,17,0.73
5,17,0.993
5,17,0.412
5,17,1.247
5,17,0.491
5,17,0.79
5,17,0.657
5,17,0.977
5,17,0.449
5,17,0.465
5,17,1.128
5,17,0.447
5,17,0.748
5,17,0.732
5,17,0.045
5,17,0.932
5,17,0.925
5,17,0.405
5,17,0.065
5,17,1.414
5,17,0.871
5,17,0.843
5,18,0.737
5,18,0.778
5,18,0.726
5,18,0.629
5,18,0.696
5,18,0.107
5,18,0.474
5,18,1.021
5,18,0.975
5,18,0.753
5,18,0.775
5,18,0.469
5,18,0.765
5,18,0.916
5,18,0.823
5,18,0.733
5,18,0.144
5,18,0.638
5,18,0.581
5,18,0.435
5,18,0.517
5,18,1.115
5,18,0.358
5,18,0.607
5,18,0.606
5,19,1.069
5,19,1.12
5,19,0.694
5,19,0.149
5,19,1.305
5,19,0.021
5,19,0.9
5,19,1.356
5,19,0.521
5,19,0.914
5,19,0.146
5,19,0.096
5,19,0.613
5,19,0.783
5,19,0.826
5,19,0.481
5,19,1.222
5,19,0.858
5,19,0.69
5,19,1.276
5,19,1.546
5,19,1.271
5,19,0.07
5,19,0.892
5,19,0.264
5,19,0.169
5,19,1.273
5,19,0.241
5,20,0.406
5,20,1.056
5,20,0.479
5,20,1.354
5,20,0.596
5,20,0.618
5,20,0.967
5,20,0.935
5,20,0.578
5,20,1.009
5,20,0.872
5,20,0.937
5,20,1.443
5,20,0.796
5,20,0.783
5,20,1.183
5,20,0.689
5,20,0.776
5,20,0.889
5,20,0.485
5,20,0.065
5,20,0.881
5,20,0.661
5,20,0.671
5,20,0.871
5,20,0.993
5,20,0.731
5,20,0.316
5,21,1.434
5,21,0.752
5,21,0.917
5,21,1.483
5,21,0.025
5,21,0.792
5,21,0.938
5,21,0.601
5,21,0.873
5,21,0.647
5,21,0.256
5,21,0.468
5,21,0.011
5,21,1.112
5,21,1.471
5,21,1.229
5,21,1.282
5,21,1.227
5,21,0.714
5,21,0.869
5,21,0.686
5,21,0.738
5,21,0.853
5,22,1.292
5,22,0.66
5,22,0.32
5,22,0.344
5,22,1.4
5,22,0.57
5,22,0.302
5,22,1.051
5,22,0.089
5,22,1.123
5,22,1.239
5,22,0.564
5,22,0.992
5,22,0.758
5,22,0.371
5,22,0.042
5,22,0.174
5,22,0.606
5,22,1.086
5,22,1.288
5,22,0.746
5,22,0.821
5,22,0.884
5,22,0.921
5,22,0.161
5,23,0.882
5,23,0.525
5,23,0.78
5,23,0.671
5,23,0.555
5,23,1.117
5,23,1.552
5,23,0.3
5,23,1.42
5,23,0.073
5,23,0.936
5,23,0.951
5,23,0.892
5,23,0.681
5,23,1.28
5,23,1.073
5,23,0.605
5,23,0.517
5,23,0.955
5,23,0.741
5,23,0.475
5,23,0.142
5,23,0.899
5,24,0.575
5,24,0.354
5,24,0.685
5,24,0.934
5,24,1.182
5,24,0.726
5,24,0.387
5,24,0.678
5,24,0.797
5,24,0.52
5,24,0.495
5,24,1.023
5,24,1.309
5,24,1.472
5,24,0.752
5,24,0.605
5,24,0.104
5,24,0.975
5,24,0.561
5,24,0.358
5,24,0.525
5,24,0.702
5,24,0.532
5,24,0.361
5,24,0.702
5,25,1.035
5,25,0.366
5,25,0.66
5,25,0.805
5,25,1.148
5,25,0.708
5,25,1.012
5,25,1.081
5,25,1.511
5,25,0.902
5,25,0.192
5,25,0.511
5,25,1.667
5,25,0.752
5,25,0.321
5,25,0.005
5,25,0.758
5,25,0.605
5,25,0.809
5,25,0.908
5,25,0.015
5,25,0.4
5,25,1.142
5,25,1.086
5,25,0.157
5,25,0.704
5,25,0.806
5,25,0.072
5,25,0.907
5,25,0.743
5,25,0.683
5,25,0.465
5,25,1.524
5,25,0.804
5,26,0.777
5,26,0.146
5,26,0.906
5,26,0.738
5,26,0.532
5,26,1.214
5,26,0.645
5,26,1.416
5,26,0.421
5,26,0.037
5,26,1.266
5,26,1.033
5,26,0.371
5,26,0.012
5,26,1.014
5,26,1.048
5,26,0.904
5,26,0.627
5,26,0.872
5,26,0.776
5,26,0.535
5,26,0.718
5,26,0.054
5,26,0.669
5,26,0.73
5,26,0.762
5,27,0.949
5,27,0.785
5,27,0.733
5,27,0.911
5,27,0.681
5,27,1.01
5,27,0.922
5,27,0.916
5,27,0.43
5,27,1.212
5,27,0.255
5,27,0.607
5,27,0.975
5,27,0.078
5,27,0.431
5,27,0.366
5,27,0.452
5,27,1.712
5,27,1.472
5,27,0.891
5,27,0.635
5,27,0.39
5,27,0.709
5,27,0.447
5,27,1.216
5,27,0.055
5,27,0.715
5,27,0.667
5,27,0.281
5,28,1.275
5,28,0.879
5,28,0.6
5,28,0.039
5,28,0.843
5,28,0.655
5,28,0.569
5,28,0.64
5,28,0.811
5,28,0.024
5,28,0.015
5,28,0.555
5,28,0.788
5,28,0.063
5,28,0.779
5,28,0.565
5,28,1.212
5,28,0.608
5,28,0.134
5,28,0.517
5,28,0.129
5,28,0.166
5,28,0.683
5,28,1.338
5,28,0.761
5,28,1.544
5,28,0.657
5,28,1.256
5,28,0.848
5,29,1.163
5,29,0.339
5,29,0.359
5,29,0.6
5,29,0.431
5,29,0.496
5,29,0.788
5,29,0.921
5,29,0.054
5,29,0.525
5,29,0.739
5,29,0.052
5,29,0.776
5,29,0.76
5,29,0.546
5,29,1.68
5,29,0.701
5,29,0.648
5,29,0.258
5,29,0.424
5,30,0.991
5,30,1.239
5,30,0.933
5,30,0.593
5,30,0.894
5,30,0.362
5,30,0.745
5,30,0.009
5,30,0.878
5,30,0.758
5,30,0.8
5,30,0.052
5,30,1.203
5,30,0.749
5,30,0.923
5,30,0.859
5,30,1.064
5,30,0.352
5,30,0.079
5,30,0.483
5,30,0.164
5,30,0.434
5,30,0.579
5,30,0.246
5,30,0.553
6,1,0.793
6,1,1.802
6,1,1.322
6,1,1.369
6,1,1.293
6,1,1.497
6,1,1.608
6,1,1.863
6,1,2.479
6,1,0.174
6,1,1.3
6,1,0.38
6,1,0.676
6,1,1.28
6,1,0.669
6,1,0.848
6,1,0.974
6,1,1.683
6,1,0.993
6,1,1.503
6,1,1.221
6,1,1.025
6,1,1.283
6,1,0.928
6,1,2.002
6,1,1.285
6,1,1.031
6,1,0.613
6,1,1.121
6,1,1.575
6,2,1.722
6,2,1.294
6,2,1.484
6,2,0.824
6,2,1.006
6,2,0.071
6,2,1.386
6,2,0.843
6,2,1.161
6,2,0.773
6,2,1.334
6,2,1.216
6,2,0.939
6,2,1.302
6,2,1.199
6,2,0.436
6,2,0.884
6,2,0.839
6,2,1.404
6,2,1.807
6,2,0.006
6,2,0.916
6,2,1.24
6,2,1.229
6,2,1.22
6,2,1.485
6,2,0.011
6,2,0.826
6,2,1.207
6,2,0.965
6,2,1.017
6,3,1.215
6,3,0.846
6,3,0.975
6,3,0.797
6,3,1.617
6,3,0.01
6,3,0.844
6,3,1.32
6,3,1.181
6,3,0.405
6,3,0.218
6,3,0.953
6,3,0.721
6,3,1.274
6,3,1.262
6,3,1.038
6,3,1.228
6,3,1.613
6,3,1.353
6,3,0.586
6,3,1.059
6,3,0.4
6,3,0.775
6,3,1.135
6,3,0.615
6,3,1.417
6,3,2.097
6,3,0.856
6,4,0.81
6,4,0.993
6,4,1.085
6,4,0.799
6,4,0.765
6,4,0.613
6,4,1.138
6,4,1.09
6,4,0.647
6,4,1.531
6,4,1.667
6,4,1.162
6,4,0.486
6,4,0.005
6,4,1.327
6,4,0.468
6,4,1.558
6,4,1.032
6,4,1.388
6,4,0.98
6,4,0.707
6,4,0.857
6,4,0.941
6,4,1.175
6,4,1.354
6,4,1.224
6,4,0.796
6,4,0.492
6,4,0.569
6,5,0.49
6,5,1.465
6,5,0.845
6,5,0.323
6,5,1.01
6,5,1.194
6,5,1.35
6,5,1.125
6,5,0.689
6,5,0.396
6,5,1.276
6,5,1.092
6,5,0.564
6,5,0.83
6,5,0.717
6,5,1.571
6,5,1.128
6,5,1.218
6,5,0.655
6,5,1.123
6,5,1.3
6,5,1.506
6,5,0.652
6,5,0.735
6,5,1.278
6,5,1.384
6,5,1.071
6,5,0.248
6,5,1.785
6,5,1.277
6,5,0.658
6,5,0.92
6,5,0.543
6,5,1.913
6,5,0.532
6,6,1.216
6,6,0.309
6,6,0.54
6,6,1.273
6,6,1.221
6,6,0.43
6,6,1.208
6,6,1.116
6,6,1.398
6,6,0.961
6,6,1.437
6,6,0.011
6,6,0.87
6,6,0.52
6,6,1.03
6,6,0.619
6,6,0.646
6,6,1.182
6,6,0.066
6,6,0.819
6,6,1.036
6,6,0.751
6,6,0.94
6,6,0.804
6,6,1.085
6,6,0.73
6,6,0.936
6,6,1.672
6,7,1.06
6,7,0.87
6,7,1.227
6,7,1.282
6,7,1.294
6,7,1.166
6,7,0.951
6,7,1.406
6,7,1.101
6,7,1.359
6,7,0.521
6,7,1.325
6,7,0.691
6,7,0.011
6,7,0.503
6,7,1.13
6,7,0.023
6,7,0.856
6,7,0.663
6,7,0.824
6,7,1.355
6,7,1.451
6,7,1.078
6,7,0.627
6,7,0.771
6,7,1.227
6,7,0.672
6,7,1.209
6,7,1.191
6,7,1.219
6,7,1.084
6,7,1.302
6,8,0.466
6,8,0.703
6,8,1.349
6,8,0.727
6,8,1.419
6,8,1.022
6,8,1.468
6,8,1.253
6,8,0.915
6,8,0.843
6,8,1.065
6,8,1.376
6,8,0.447
6,8,1.35
6,8,1.227
6,8,0.628
6,8,1.438
6,8,0.865
6,8,1.094
6,8,1.241
6,8,1.539
6,8,0.6
6,8,0.761
6,8,0.458
6,8,0.73
6,8,1.17
6,8,0.798
6,8,1.047
6,8,1.127
6,8,0.732
6,8,0.835
6,9,0.003
6,9,1.262
6,9,0.667
6,9,0.532
6,9,1.053
6,9,1.043
6,9,0.611
6,9,0.613
6,9,0.777
6,9,1.003
6,9,0.54
6,9,0.811
6,9,1.042
6,9,0.886
6,9,1.356
6,9,1.21
6,9,1.308
6,9,1.343
6,9,0.904
6,9,0.883
6,9,0.295
6,9,0.795
6,9,0.262
6,9,1.815
6,9,0.648
6,9,0.749
6,9,0.497
6,9,0.967
6,9,0.839
6,9,0.909
6,9,0.68
6,9,0.9
6,9,0.74
6,9,0.362
6,9,0.387
6,9,1.292
6,10,1.286
6,10,1.405
6,10,0.773
6,10,0.094
6,10,1.127
6,10,0.759
6,10,0.824
6,10,0.102
6,10,0.825
6,10,0.367
6,10,0.794
6,10,0.847
6,10,0.741
6,10,1.266
6,10,1.048
6,10,0.784
6,10,1.124
6,10,0.649
6,10,0.533
6,10,0.744
6,10,0.277
6,10,1.025
6,10,0.67
6,10,0.959
6,11,0.935
6,11,0.483
6,11,0.836
6,11,0.023
6,11,1.318
6,11,0.904
6,11,0.355
6,11,0.012
6,11,1.22
6,11,0.959
6,11,1.088
6,11,0.981
6,11,0.01
6,11,1.347
6,11,0.964
6,11,0.838
6,11,1.001
6,11,1.016
6,11,0.924
6,11,1.573
6,11,0.888
6,11,1.51
6,11,1.115
6,11,0.637
6,11,0.842
6,11,0.876
6,11,0.528
6,11,0.744
6,11,1.336
6,11,0.788
6,11,0.439
6,11,0.878
6,11,1.255
6,11,1.096
6,11,1.22
6,11,0.485
6,11,0.927
6,11,0.677
6,11,0.044
6,11,0.988
6,11,0.403
6,12,0.861
6,12,0.484
6,12,0.602
6,12,0.5
6,12,1.037
6,12,0.915
6,12,0.602
6,12,1.485
6,12,0.823
6,12,0.571
6,12,0.817
6,12,0.622
6,12,0.019
6,12,0.726
6,12,0.597
6,12,0.667
6,12,0.651
6,12,1.045
6,12,1.819
6,12,0.739
6,12,0.805
6,12,0.848
6,12,0.773
6,12,1.377
6,12,0.404
6,12,0.608
6,12,0.127
6,12,1.246
6,12,0.828
6,12,0.528
6,12,0.127
6,12,1.287
6,12,1.302
6,12,0.816
6,12,0.57
6,12,1.505
6,12,0.729
6,12,0.568
6,13,0.659
6,13,0.843
6,13,1.043
6,13,0.353
6,13,1.138
6,13,0.72
6,13,1.247
6,13,1.57
6,13,1.037
6,13,0.702
6,13,0.744
6,13,1.038
6,13,0.652
6,13,1.15
6,13,0.479
6,13,1.126
6,13,1.1
6,13,0.417
6,13,1.271
6,13,1.369
6,13,1.408
6,13,0.534
6,13,0.311
6,13,0.542
6,13,0.637
6,13,0.359
6,13,0.982
6,13,1.058
6,13,0.548
6,13,0.441
6,13,0.892
6,13,0.613
6,13,0.254
6,13,0.008
6,13,0.96
6,13,0.798
6,13,1.302
6,14,1.108
6,14,0.628
6,14,0.606
6,14,0.72
6,14,1.265
6,14,0.808
6,14,0.085
6,14,1.212
6,14,0.289
6,14,0.639
6,14,1.446
6,14,0.985
6,14,1.549
6,14,0.668
6,14,0.655
6,14,0.767
6,14,0.898
6,14,0.467
6,14,0.466
6,14,1.189
6,14,0.636
6,14,0.38
6,14,0.999
6,14,0.872
6,14,1.244
6,14,0.638
6,14,0.584
6,14,0.833
6,14,1.124
6,14,1.327
6,14,0.559
6,14,0.795
6,14,1.459
6,14,0.214
6,14,0.015
6,14,1.629
6,14,0.982
6,15,0.725
6,15,1.039
6,15,0.415
6,15,0.433
6,15,1.108
6,15,1.309
6,15,0.944
6,15,0.895
6,15,0.005
6,15,0.845
6,15,0.729
6,15,0.74
6,15,0.961
6,15,1.037
6,15,0.922
6,15,0.606
6,15,0.646
6,15,0.822
6,15,0.838
6,15,0.925
6,15,1.412
6,15,1.251
6,15,0.497
6,15,0.377
6,15,0.769
6,15,0.918
6,15,0.425
6,15,0.498
6,15,0.459
6,15,0.877
6,15,0.702
6,15,0.053
6,15,0.072
6,15,0.619
6,15,0.89
6,15,0.783
6,15,0.787
6,15,1.217
6,15,0.018
6,15,1.078
6,16,1.295
6,16,0.506
6,16,0.069
6,16,1.166
6,16,0.674
6,16,1.242
6,16,0.5
6,16,1.349
6,16,1.011
6,16,0.45
6,16,0.886
6,16,0.038
6,16,0.9
6,16,1.392
6,16,0.708
6,16,0.826
6,16,0.588
6,16,0.781
6,16,0.558
6,16,0.367
6,16,0.006
6,16,0.959
6,16,0.608
6,16,0.21
6,16,0.792
6,16,0.968
6,16,0.33
6,16,0.918
6,16,0.015
6,16,0.976
6,16,1.265
6,16,1.605
6,16,0.58
6,16,0.815
6,16,0.734
6,16,0.426
6,16,0.629
6,16,1.147
6,16,0.482
6,16,0.009
6,16,0.051
6,17,0.733
6,17,0.326
6,17,0.616
6,17,0.689
6,17,0.991
6,17,0.446
6,17,0.74
6,17,1.349
6,17,0.445
6,17,0.202
6,17,0.882
6,17,1.734
6,17,0.816
6,17,0.197
6,17,0.342
6,17,0.079
6,17,0.839
6,17,0.889
6,17,0.776
6,17,0.015
6,17,1.352
6,17,0.015
6,17,0.617
6,17,0.581
6,17,0.738
6,17,0.837
6,17,0.201
6,17,0.826
6,17,0.524
6,17,0.856
6,17,0.146
6,17,0.998
6,17,0.372
6,17,0.78
6,17,0.195
6,17,1.035
6,18,0.194
6,18,0.463
6,18,1.147
6,18,1.311
6,18,1.396
6,18,0.725
6,18,0.038
6,18,0.485
6,18,0.637
6,18,0.187
6,18,0.582
6,18,0.738
6,18,0.042
6,18,0.465
6,18,1.123
6,18,0.679
6,18,0.587
6,18,1.063
6,18,0.918
6,18,0.579
6,18,0.338
6,18,0.845
6,18,0.402
6,18,0.025
6,18,0.083
6,18,0.806
6,18,1.186
6,18,0.567
6,18,1.257
6,18,0.829
6,18,1.266
6,18,0.556
6,18,0.041
6,18,0.208
6,18,1.491
6,18,0.399
6,18,0.697
6,18,0.429
6,19,0.478
6,19,0.538
6,19,0.847
6,19,1.251
6,19,0.878
6,19,0.89
6,19,0.309
6,19,0.393
6,19,0.473
6,19,0.4
6,19,1.186
6,19,0.103
6,19,0.528
6,19,0.709
6,19,0.909
6,19,0.038
6,19,1.558
6,19,0.682
6,19,0.327
6,19,0.526
6,19,0.706
6,19,0.468
6,19,0.418
6,19,0.618
6,19,0.641
6,19,0.541
6,19,0.509
6,19,0.33
6,19,0.766
6,19,0.818
6,19,0.375
6,19,1.514
6,19,1.108
6,19,0.943
6,19,1.434
6,19,0.875
6,19,0.859
6,19,0.934
6,20,1.487
6,20,1.174
6,20,0.461
6,20,0.065
6,20,0.841
6,20,1.181
6,20,0.508
6,20,0.672
6,20,0.674
6,20,0.885
6,20,0.772
6,20,0.821
6,20,0.044
6,20,0.04
6,20,0.668
6,20,1.373
6,20,0.875
6,20,0.877
6,20,0.15
6,20,1.422
6,20,1.27
6,20,0.531
6,20,0.889
6,20,0.65
6,20,0.778
6,20,0.527
6,20,0.713
6,20,0.728
6,20,0.805
6,20,0.658
6,20,0.593
6,20,0.796
6,20,0.746
6,21,0.533
6,21,0.882
6,21,1.337
6,21,0.739
6,21,0.667
6,21,0.037
6,21,0.503
6,21,0.755
6,21,1.308
6,21,0.769
6,21,0.042
6,21,0.448
6,21,0.841
6,21,0.869
6,21,0.513
6,21,0.904
6,21,0.867
6,21,1.573
6,21,0.984
6,21,0.925
6,21,0.35
6,21,0.996
6,21,0.602
6,21,0.021
6,21,0.867
6,21,0.394
6,21,0.145
6,21,0.548
6,21,0.541
6,21,0.868
6,21,0.724
6,21,0.766
6,21,0.981
6,21,0.643
6,21,1.156
6,21,0.56
6,22,0.054
6,22,0.733
6,22,0.992
6,22,0.463
6,22,1.016
6,22,0.714
6,22,0.038
6,22,0.54
6,22,0.616
6,22,0.022
6,22,0.168
6,22,0.914
6,22,0.827
6,22,0.719
6,22,0.438
6,22,0.135
6,22,0.017
6,22,0.037
6,22,0.698
6,22,1.512
6,22,0.986
6,22,1.523
6,22,0.668
6,22,0.937
6,22,1.062
6,22,0.661
6,22,0.532
6,22,0.686
6,22,0.952
6,22,0.013
6,22,0.056
6,22,0.633
6,22,1.072
6,22,0.038
6,22,0.561
6,22,0.93
6,22,0.527
6,22,1.352
6,23,0.749
6,23,0.715
6,23,0.366
6,23,0.828
6,23,0.811
6,23,0.841
6,23,1.313
6,23,1.243
6,23,1.37
6,23,1.271
6,23,0.929
6,23,1.011
6,23,1.044
6,23,0.706
6,23,1.22
6,23,0.839
6,23,0.74
6,23,0.804
6,23,1.278
6,23,0.661
6,23,0.879
6,23,0.016
6,23,0.507
6,23,0.893
6,23,0.898
6,23,0.966
6,23,1.246
6,23,0.481
6,23,0.487
6,23,0.41
6,23,1.137
6,23,0.042
6,24,1.005
6,24,0.289
6,24,0.754
6,24,0.278
6,24,0.531
6,24,0.992
6,24,1.398
6,24,0.337
6,24,0.445
6,24,0.933
6,24,0.492
6,24,1.194
6,24,0.7
6,24,1.019
6,24,1.021
6,24,1.088
6,24,1.209
6,24,0.513
6,24,1.381
6,24,0.316
6,24,0.463
6,24,0.014
6,24,0.894
6,24,0.366
6,24,1.084
6,24,0.713
6,24,0.016
6,24,0.681
6,24,1.08
6,24,0.832
6,24,0.604
6,25,0.337
6,25,0.425
6,25,0.492
6,25,0.84
6,25,0.96
6,25,0.27
6,25,0.048
6,25,0.773
6,25,0.336
6,25,1.374
6,25,0.019
6,25,0.018
6,25,0.636
6,25,0.714
6,25,0.396
6,25,0.244
6,25,0.389
6,25,0.945
6,25,0.825
6,25,1.102
6,25,1.262
6,25,0.949
6,25,0.363
6,25,0.735
6,25,0.809
6,25,0.92
6,25,0.514
6,25,0.156
6,25,0.701
6,25,0.021
6,25,0.84
6,25,0.702
6,26,0.884
6,26,0.819
6,26,1.416
6,26,0.633
6,26,0.32
6,26,0.754
6,26,0.624
6,26,0.581
6,26,0.442
6,26,0.926
6,26,0.073
6,26,0.698
6,26,0.447
6,26,0.509
6,26,0.702
6,26,0.987
6,26,0.593
6,26,0.621
6,26,0.291
6,26,0.54
6,26,0.417
6,26,0.254
6,26,1.055
6,26,0.565
6,26,0.094
6,26,0.305
6,26,1.052
6,26,0.499
6,26,0.777
6,26,0.7
6,26,0.885
6,26,0.006
6,26,0.493
6,26,0.044
6,27,1.303
6,27,1.073
6,27,0.868
6,27,1.486
6,27,0.413
6,27,1.305
6,27,1.337
6,27,0.062
6,27,0.648
6,27,0.851
6,27,0.609
6,27,1.063
6,27,0.332
6,27,1.007
6,27,0.569
6,27,0.957
6,27,0.895
6,27,0.84
6,27,0.535
6,27,0.441
6,27,0.876
6,27,0.624
6,27,0.53
6,27,0.501
6,27,1.385
6,27,2.003
6,27,0.712
6,27,0.972
6,27,0.053
6,27,1.197
6,27,0.785
6,27,0.043
6,27,0.709
6,27,1.424
6,27,0.68
6,27,0.828
6,27,0.013
6,27,0.012
6,27,1.063
6,27,0.116
6,27,1.173
6,27,0.607
6,28,0.263
6,28,0.081
6,28,0.586
6,28,0.649
6,28,0.35
6,28,0.61
6,28,0.162
6,28,0.958
6,28,1.113
6,28,0.353
6,28,0.941
6,28,0.669
6,28,0.726
6,28,1.102
6,28,0.983
6,28,0.353
6,28,0.687
6,28,0.446
6,28,0.402
6,28,1.096
6,28,0.03
6,28,1.262
6,28,0.423
6,28,0.322
6,28,0.609
6,29,0.819
6,29,0.764
6,29,0.046
6,29,0.429
6,29,0.805
6,29,1.016
6,29,1.393
6,29,1.105
6,29,1.204
6,29,0.321
6,29,0.378
6,29,0.911
6,29,0.014
6,29,0.769
6,29,0.711
6,29,1.001
6,29,1.163
6,29,1.065
6,29,0.029
6,29,1.15
6,29,1.092
6,29,0.634
6,29,0.405
6,29,0.039
6,29,0.829
6,29,0.815
6,29,0.723
6,29,0.584
6,29,0.051
6,29,0.551
6,29,0.36
6,29,0.95
6,29,0.949
6,29,0.012
6,29,0.009
6,29,0.397
6,29,0.464
6,30,1.396
6,30,0.814
6,30,1.062
6,30,1.017
6,30,0.404
6,30,0.785
6,30,1.026
6,30,0.252
6,30,0.52
6,30,0.461
6,30,1.381
6,30,1.286
6,30,1.156
6,30,0.944
6,30,0.753
6,30,0.65
6,30,0.785
6,30,1.364
6,30,0.666
6,30,0.059
6,30,0.25
6,30,0.631
6,30,1.048
6,30,0.657
6,30,0.324
6,30,0.736
6,30,0.038
6,30,0.576
6,30,0.058
6,30,0.63
6,30,0.66
6,30,0.505
6,30,0.775
6,30,0.391
6,30,0.469
6,30,1.352
6,30,1.335
6,30,0.866
6,30,0.761
6,30,0.897
