1,1,0.95
1,1,1.088
1,1,1.187
1,1,0.999
1,1,0.068
1,1,0.763
1,1,0.58
1,1,1.099
1,1,0.014
1,1,0.592
1,1,0.667
1,1,1.238
1,1,0.706
1,1,0.388
1,1,1.365
1,1,0.828
1,1,0.734
1,1,1.279
1,1,1.351
1,1,0.824
1,1,0.337
1,2,0.27
1,2,0.508
1,2,0.758
1,2,0.187
1,2,0.55
1,2,0.41
1,2,1.078
1,2,0.965
1,2,0.204
1,2,0.426
1,2,0.475
1,2,0.592
1,2,0.608
1,2,0.096
1,2,0.79
1,2,1.093
1,2,1.183
1,2,0.936
1,2,0.498
1,2,0.287
1,2,0.426
1,2,0.483
1,2,0.496
1,2,0.491
1,2,0.84
1,2,0.939
1,2,0.674
1,2,1.084
1,2,1.222
1,2,1.345
1,2,0.527
1,2,0.046
1,3,0.374
1,3,0.646
1,3,0.567
1,3,0.054
1,3,1.019
1,3,0.466
1,3,0.641
1,3,0.422
1,3,1.028
1,3,0.614
1,3,0.418
1,3,0.466
1,3,0.765
1,3,1.334
1,3,0.596
1,3,0.485
1,3,0.107
1,3,0.516
1,3,0.885
1,3,0.634
1,3,0.954
1,3,0.764
1,3,0.991
1,3,0.435
1,3,0.592
1,3,0.69
1,3,0.562
1,3,0.546
1,3,0.557
1,3,0.773
1,3,0.004
1,3,0.846
1,3,0.446
1,3,1.765
1,3,0.84
1,3,0.615
1,4,0.53
1,4,0.579
1,4,0.753
1,4,0.444
1,4,0.456
1,4,0.784
1,4,0.41
1,4,1.466
1,4,1.205
1,4,0.923
1,4,0.667
1,4,0.607
1,4,0.456
1,4,0.544
1,4,0.497
1,4,0.502
1,4,0.695
1,4,0.338
1,4,0.037
1,4,0.842
1,4,0.696
1,4,1.138
1,4,0.061
1,4,0.49
1,4,0.583
1,4,1.017
1,4,0.108
1,4,0.62
1,4,0.652
1,4,1.166
1,4,0.45
1,4,0.028
1,4,0.255
1,5,0.045
1,5,0.044
1,5,0.497
1,5,0.069
1,5,0.66
1,5,0.362
1,5,0.662
1,5,1.104
1,5,0.84
1,5,0.641
1,5,0.422
1,5,0.767
1,5,1.026
1,5,1.095
1,5,0.708
1,5,0.896
1,5,0.475
1,5,0.631
1,5,1.284
1,5,0.832
1,5,0.553
1,5,0.55
1,5,1.164
1,5,0.625
1,5,1.068
1,5,0.407
1,5,0.253
1,5,0.56
1,5,0.873
1,5,0.564
1,6,0.532
1,6,0.047
1,6,0.081
1,6,0.028
1,6,1.086
1,6,0.91
1,6,0.441
1,6,1.195
1,6,0.739
1,6,0.82
1,6,0.106
1,6,1.445
1,6,0.603
1,6,0.287
1,6,0.579
1,6,0.803
1,6,0.555
1,6,0.063
1,6,0.767
1,6,0.33
1,6,0.477
1,6,0.591
1,6,0.548
1,6,0.653
1,6,0.649
1,6,0.023
1,6,0.463
1,6,0.85
1,7,0.077
1,7,0.018
1,7,0.094
1,7,0.926
1,7,1.109
1,7,0.815
1,7,0.054
1,7,0.4
1,7,0.053
1,7,0.265
1,7,0.801
1,7,0.594
1,7,0.039
1,7,0.482
1,7,0.991
1,7,0.663
1,7,0.818
1,7,1.292
1,7,1.04
1,7,0.434
1,7,0.733
1,7,0.938
1,7,0.624
1,7,0.085
1,7,0.31
1,7,0.664
1,7,0.016
1,7,0.062
1,7,0.22
1,7,0.313
1,7,0.112
1,7,0.556
1,7,0.682
1,8,0.61
1,8,0.455
1,8,0.733
1,8,0.583
1,8,0.109
1,8,1.418
1,8,0.815
1,8,0.051
1,8,1.118
1,8,0.369
1,8,0.007
1,8,0.568
1,8,0.4
1,8,0.601
1,8,0.772
1,8,0.605
1,8,0.688
1,8,0.043
1,8,0.15
1,8,0.64
1,8,0.753
1,8,0.448
1,8,0.016
1,8,0.581
1,8,0.362
1,8,0.61
1,8,0.836
1,8,0.76
1,8,0.832
1,8,0.398
1,8,0.798
1,8,0.396
1,8,0.427
1,8,0.36
1,8,0.892
1,8,0.636
1,9,0.783
1,9,0.334
1,9,0.312
1,9,0.656
1,9,1.08
1,9,0.415
1,9,0.518
1,9,0.399
1,9,0.431
1,9,0.257
1,9,0.632
1,9,0.614
1,9,0.421
1,9,0.093
1,9,0.438
1,9,0.552
1,9,0.936
1,9,0.374
1,9,0.037
1,9,0.432
1,9,0.253
1,9,0.09
1,9,0.749
1,9,1.108
1,9,0.04
1,9,0.517
1,9,0.022
1,9,0.863
1,10,0.576
1,10,0.791
1,10,0.185
1,10,0.423
1,10,0.066
1,10,0.494
1,10,0.156
1,10,0.562
1,10,0.284
1,10,0.743
1,10,0.413
1,10,0.559
1,10,0.986
1,10,0.383
1,10,0.745
1,10,0.712
1,10,0.719
1,10,0.038
1,10,0.389
1,10,0.505
1,10,0.06
1,10,0.417
1,10,0.099
1,10,1.27
1,10,0.607
1,10,0.318
1,10,0.098
1,10,0.563
1,10,0.636
1,10,0.376
1,10,0.634
1,10,0.062
1,11,0.028
1,11,0.655
1,11,0.06
1,11,0.651
1,11,0.649
1,11,0.632
1,11,0.663
1,11,1.027
1,11,0.943
1,11,0.048
1,11,0.064
1,11,1.556
1,11,0.78
1,11,0.086
1,11,0.626
1,11,0.026
1,11,0.642
1,11,0.527
1,11,0.815
1,11,0.351
1,11,0.456
1,11,0.41
1,11,0.94
1,11,0.04
1,11,0.101
1,11,0.333
1,11,0.318
1,11,0.448
1,11,1.001
1,11,0.082
1,11,0.469
1,11,0.802
1,11,0.507
1,12,0.406
1,12,0.344
1,12,0.017
1,12,0.764
1,12,0.777
1,12,0.42
1,12,0.12
1,12,0.653
1,12,0.063
1,12,0.043
1,12,0.348
1,12,0.008
1,12,0.617
1,12,0.404
1,12,0.151
1,12,0.518
1,12,0.063
1,12,0.739
1,12,0.444
1,12,0.82
1,12,0.322
1,12,0.547
1,12,0.764
1,12,0.408
1,12,0.638
1,12,0.488
1,12,0.547
1,12,0.417
1,12,0.666
1,12,0.005
1,12,0.568
1,12,0.478
1,12,0.278
1,12,0.919
1,13,0.169
1,13,0.675
1,13,0.633
1,13,0.071
1,13,0.131
1,13,1.229
1,13,1.111
1,13,0.9
1,13,0.017
1,13,0.438
1,13,1.226
1,13,0.467
1,13,0.043
1,13,0.508
1,13,0.035
1,13,0.588
1,13,0.345
1,13,0.435
1,13,0.675
1,13,0.435
1,13,0.957
1,13,0.265
1,13,0.046
1,13,0.105
1,13,0.423
1,13,0.533
1,13,0.579
1,13,0.638
1,13,0.015
1,13,0.408
1,14,0.053
1,14,0.507
1,14,0.275
1,14,0.078
1,14,0.645
1,14,0.696
1,14,0.055
1,14,1.247
1,14,0.75
1,14,0.09
1,14,0.675
1,14,0.651
1,14,1.055
1,14,1.085
1,14,0.399
1,14,0.682
1,14,0.473
1,14,0.708
1,14,1.139
1,14,0.417
1,14,1.05
1,14,0.092
1,14,0.08
1,14,0.392
1,14,0.605
1,14,0.078
1,14,0.542
1,14,0.518
1,14,0.04
1,14,0.023
1,14,0.069
1,14,0.064
1,14,0.764
1,14,0.017
1,15,0.227
1,15,0.063
1,15,0.659
1,15,0.021
1,15,0.306
1,15,0.864
1,15,0.717
1,15,0.411
1,15,0.938
1,15,0.502
1,15,1.361
1,15,0.018
1,15,0.085
1,15,0.908
1,15,0.312
1,15,0.294
1,15,0.375
1,15,0.404
1,15,0.37
1,15,0.071
1,15,0.023
1,15,0.439
1,15,0.103
1,15,0.696
1,15,0.36
1,15,0.44
1,16,0.574
1,16,0.732
1,16,0.368
1,16,0.333
1,16,0.946
1,16,0.509
1,16,0.667
1,16,0.141
1,16,0.529
1,16,0.633
1,16,0.727
1,16,0.416
1,16,0.566
1,16,0.04
1,16,0.302
1,16,0.534
1,16,0.549
1,16,0.943
1,16,0.66
1,16,0.58
1,16,0.074
1,16,0.374
1,16,0.518
1,16,0.073
1,16,0.219
1,16,1.029
1,16,0.285
1,16,0.463
1,16,0.319
1,16,0.079
1,16,0.011
1,16,0.949
1,16,0.026
1,16,0.774
1,16,0.489
1,16,0.307
1,17,0.44
1,17,0.929
1,17,0.679
1,17,0.483
1,17,0.36
1,17,0.681
1,17,0.552
1,17,1.117
1,17,0.06
1,17,0.808
1,17,0.801
1,17,1.077
1,17,1.212
1,17,0.07
1,17,0.304
1,17,0.478
1,17,0.12
1,17,0.112
1,17,0.703
1,17,0.737
1,17,0.026
1,17,0.033
1,17,0.157
1,17,0.593
1,17,0.051
1,17,0.647
1,18,1.068
1,18,0.054
1,18,0.46
1,18,0.608
1,18,0.333
1,18,0.396
1,18,1.004
1,18,0.738
1,18,1.033
1,18,0.695
1,18,0.784
1,18,1.105
1,18,0.942
1,18,0.111
1,18,0.189
1,18,0.878
1,18,0.201
1,18,0.047
1,18,1.08
1,18,0.472
1,18,0.686
1,18,0.972
1,18,0.496
1,18,0.948
1,18,1.229
1,18,0.032
1,18,1.341
1,18,0.075
1,19,0.73
1,19,0.576
1,19,0.283
1,19,0.055
1,19,0.612
1,19,0.717
1,19,0.127
1,19,0.234
1,19,0.18
1,19,0.962
1,19,1.092
1,19,0.434
1,19,0.384
1,19,0.267
1,19,0.653
1,19,0.188
1,19,0.077
1,19,0.266
1,19,0.071
1,19,0.304
1,19,0.878
1,19,0.74
1,19,0.458
1,19,0.264
1,19,0.049
1,19,0.47
1,19,0.602
1,19,0.756
1,20,0.564
1,20,0.862
1,20,0.719
1,20,1.246
1,20,0.613
1,20,0.632
1,20,0.03
1,20,0.488
1,20,0.599
1,20,1.028
1,20,0.444
1,20,0.312
1,20,0.589
1,20,1.047
1,20,0.572
1,20,0.834
1,20,0.045
1,20,0.497
1,20,0.402
1,20,0.107
1,20,0.52
1,20,0.6
1,20,0.522
1,20,0.442
1,20,0.404
1,20,0.043
1,20,0.036
1,20,0.492
1,20,0.916
1,20,1.234
1,20,0.35
1,20,0.198
1,21,0.838
1,21,0.404
1,21,0.946
1,21,0.575
1,21,0.081
1,21,0.033
1,21,0.456
1,21,0.006
1,21,0.005
1,21,0.833
1,21,0.531
1,21,0.781
1,21,0.058
1,21,0.701
1,21,0.053
1,21,0.745
1,21,0.825
1,21,0.931
1,21,0.74
1,21,0.148
1,21,0.822
1,21,0.686
1,21,0.884
1,21,0.72
1,21,0.458
1,21,0.015
1,21,1.322
1,21,0.045
1,21,0.303
1,22,0.079
1,22,0.621
1,22,0.053
1,22,0.011
1,22,0.078
1,22,1.17
1,22,0.825
1,22,0.459
1,22,1.137
1,22,0.365
1,22,0.921
1,22,0.701
1,22,0.851
1,22,0.294
1,22,0.406
1,22,0.529
1,22,0.445
1,22,0.065
1,22,0.56
1,22,1.035
1,22,1.121
1,22,0.283
1,22,0.503
1,22,0.02
1,22,1.001
1,22,0.167
1,23,0.61
1,23,0.39
1,23,0.082
1,23,0.068
1,23,0.988
1,23,0.333
1,23,0.903
1,23,0.039
1,23,0.884
1,23,0.428
1,23,0.795
1,23,0.933
1,23,0.097
1,23,0.03
1,23,0.108
1,23,0.212
1,23,1.19
1,23,0.086
1,23,0.397
1,23,0.106
1,23,0.803
1,23,0.603
1,23,0.091
1,23,1.105
1,23,0.459
1,23,0.316
1,23,0.638
1,23,0.588
1,23,0.679
1,23,0.019
1,24,0.77
1,24,1.074
1,24,0.202
1,24,0.083
1,24,0.79
1,24,0.5
1,24,0.551
1,24,0.493
1,24,0.745
1,24,0.185
1,24,0.094
1,24,0.519
1,24,0.912
1,24,0.043
1,24,0.082
1,24,0.116
1,24,0.041
1,24,0.872
1,24,0.515
1,24,0.155
1,24,0.365
1,24,0.671
1,24,0.007
1,24,1.03
1,24,0.216
1,25,0.768
1,25,0.433
1,25,0.053
1,25,0.556
1,25,0.534
1,25,0.42
1,25,0.654
1,25,0.01
1,25,1.198
1,25,0.047
1,25,1.067
1,25,0.272
1,25,1.094
1,25,0.595
1,25,0.787
1,25,0.614
1,25,1.224
1,25,0.035
1,25,0.073
1,25,0.592
1,25,0.614
1,25,0.244
1,25,0.221
1,25,0.033
1,25,0.888
1,25,0.035
1,25,0.037
1,26,0.117
1,26,0.581
1,26,0.1
1,26,0.296
1,26,0.6
1,26,0.792
1,26,1.17
1,26,0.256
1,26,0.022
1,26,0.152
1,26,0.442
1,26,0.97
1,26,0.109
1,26,0.614
1,26,0.546
1,26,0.444
1,26,0.066
1,26,0.124
1,26,0.345
1,26,0.091
1,27,0.527
1,27,0.443
1,27,0.69
1,27,0.379
1,27,0.954
1,27,0.175
1,27,0.044
1,27,0.153
1,27,0.831
1,27,0.594
1,27,0.714
1,27,0.287
1,27,0.007
1,27,0.705
1,27,0.941
1,27,0.362
1,27,0.268
1,27,0.029
1,27,0.06
1,27,0.103
1,27,0.526
1,27,0.976
1,27,0.567
1,28,1.409
1,28,0.03
1,28,0.083
1,28,0.053
1,28,0.456
1,28,1.4
1,28,0.701
1,28,0.456
1,28,0.793
1,28,0.078
1,28,0.336
1,28,0.97
1,28,0.461
1,28,1.045
1,28,0.3
1,28,0.084
1,28,0.012
1,28,0.999
1,28,0.776
1,28,0.064
1,29,0.228
1,29,0.142
1,29,0.515
1,29,0.912
1,29,1.29
1,29,0.565
1,29,0.062
1,29,0.554
1,29,0.638
1,29,0.672
1,29,0.043
1,29,1.108
1,29,0.684
1,29,0.755
1,29,1.059
1,29,0.548
1,29,0.67
1,29,0.641
1,29,0.052
1,29,0.574
1,29,0.71
1,29,0.502
1,29,0.022
1,29,0.212
1,29,0.455
1,30,1.007
1,30,0.673
1,30,0.882
1,30,0.601
1,30,0.531
1,30,0.084
1,30,0.565
1,30,0.072
1,30,0.158
1,30,0.862
1,30,0.157
1,30,0.58
1,30,1.203
1,30,0.805
1,30,0.267
1,30,0.024
1,30,0.081
1,30,0.063
2,1,1.458
2,1,0.925
2,1,0.961
2,1,1.335
2,1,1.179
2,1,1.367
2,1,1.094
2,1,1.233
2,1,0.982
2,1,1.122
2,1,1.118
2,1,0.624
2,1,1.837
2,1,1.08
2,1,0.881
2,1,1.14
2,1,0.659
2,1,1.629
2,1,1.5
2,1,1.606
2,1,1.229
2,1,1.213
2,1,1.482
2,1,1.213
2,1,0.939
2,1,1.8
2,1,1.596
2,1,1.614
2,1,1.348
2,1,1.054
2,1,0.03
2,1,0.979
2,1,1.44
2,1,0.475
2,1,0.712
2,2,1.01
2,2,1.324
2,2,0.923
2,2,1.023
2,2,0.426
2,2,1.358
2,2,0.806
2,2,1.444
2,2,0.92
2,2,0.728
2,2,1.089
2,2,0.963
2,2,1.175
2,2,1.553
2,2,0.627
2,2,0.615
2,2,1.33
2,2,0.478
2,2,1.502
2,2,0.8
2,2,0.953
2,2,0.861
2,2,1.431
2,2,0.593
2,2,1.044
2,2,0.92
2,2,1.03
2,2,0.836
2,2,0.578
2,2,0.508
2,3,1.042
2,3,0.714
2,3,0.821
2,3,1.332
2,3,1.049
2,3,0.935
2,3,1.169
2,3,1.639
2,3,1.228
2,3,0.497
2,3,1.16
2,3,0.117
2,3,1.448
2,3,0.513
2,3,0.724
2,3,0.109
2,3,0.77
2,3,0.023
2,3,0.924
2,3,0.85
2,3,1.136
2,3,0.755
2,3,0.601
2,3,0.398
2,3,0.847
2,3,1.285
2,3,0.864
2,3,1.139
2,3,1.26
2,3,0.168
2,3,1.204
2,3,0.466
2,3,0.848
2,3,0.871
2,3,0.095
2,3,0.289
2,3,0.989
2,3,0.898
2,4,0.211
2,4,0.964
2,4,1.158
2,4,1.253
2,4,0.958
2,4,0.705
2,4,1.228
2,4,0.744
2,4,0.851
2,4,0.964
2,4,0.434
2,4,0.392
2,4,0.568
2,4,0.351
2,4,0.67
2,4,0.911
2,4,0.871
2,4,0.741
2,4,0.448
2,4,0.098
2,4,0.55
2,4,1.135
2,4,0.709
2,4,0.504
2,4,0.439
2,4,1.089
2,4,0.861
2,4,1.035
2,4,0.65
2,4,0.87
2,4,0.831
2,4,1.211
2,4,0.747
2,4,0.764
2,4,1.317
2,4,0.466
2,5,0.496
2,5,0.849
2,5,0.05
2,5,0.949
2,5,0.719
2,5,0.257
2,5,0.416
2,5,0.746
2,5,0.025
2,5,0.366
2,5,1.098
2,5,0.85
2,5,0.023
2,5,1.683
2,5,0.759
2,5,1.017
2,5,0.899
2,5,0.95
2,5,0.584
2,5,1.19
2,5,1.086
2,5,1.089
2,5,0.596
2,5,0.695
2,5,0.586
2,5,0.894
2,5,0.778
2,5,1.285
2,5,0.619
2,5,1.214
2,5,1.215
2,5,0.829
2,5,0.988
2,5,0.582
2,6,0.299
2,6,0.925
2,6,1.011
2,6,1.098
2,6,0.038
2,6,0.477
2,6,0.714
2,6,0.519
2,6,1.242
2,6,0.137
2,6,0.139
2,6,1.058
2,6,0.511
2,6,0.083
2,6,0.077
2,6,0.644
2,6,0.593
2,6,0.883
2,6,1.259
2,6,0.868
2,6,0.878
2,6,1.052
2,6,0.852
2,6,0.695
2,6,0.675
2,6,1.111
2,6,0.535
2,6,0.283
2,6,0.337
2,6,0.567
2,6,0.48
2,7,0.437
2,7,0.678
2,7,0.78
2,7,1.052
2,7,0.808
2,7,0.712
2,7,0.091
2,7,0.51
2,7,0.671
2,7,0.922
2,7,0.049
2,7,0.577
2,7,1.145
2,7,0.789
2,7,0.095
2,7,0.045
2,7,1.415
2,7,0.822
2,7,0.783
2,7,0.152
2,7,1.077
2,7,0.836
2,7,0.778
2,7,0.653
2,7,0.442
2,7,0.679
2,7,0.539
2,7,0.701
2,7,0.93
2,7,0.384
2,7,0.419
2,7,0.973
2,7,0.537
2,8,0.082
2,8,0.516
2,8,0.643
2,8,0.899
2,8,0.084
2,8,0.598
2,8,0.276
2,8,0.118
2,8,0.282
2,8,0.525
2,8,0.269
2,8,0.896
2,8,0.588
2,8,0.804
2,8,1.072
2,8,0.732
2,8,1.05
2,8,0.348
2,8,0.362
2,8,0.408
2,8,0.319
2,8,0.492
2,8,0.427
2,8,0.82
2,8,0.551
2,8,0.817
2,8,0.483
2,8,0.241
2,8,0.052
2,9,0.621
2,9,0.073
2,9,0.892
2,9,0.816
2,9,0.215
2,9,0.362
2,9,0.595
2,9,0.712
2,9,0.767
2,9,1.095
2,9,0.889
2,9,0.106
2,9,1.257
2,9,0.743
2,9,0.645
2,9,0.257
2,9,0.526
2,9,1.3
2,9,0.945
2,9,0.052
2,9,0.959
2,9,0.414
2,9,0.353
2,9,1.298
2,9,0.034
2,9,0.5
2,9,1.223
2,9,0.731
2,9,0.703
2,9,0.063
2,9,0.975
2,10,0.385
2,10,0.583
2,10,0.835
2,10,0.622
2,10,0.167
2,10,0.708
2,10,0.396
2,10,0.979
2,10,0.667
2,10,0.036
2,10,1.406
2,10,0.177
2,10,0.635
2,10,0.923
2,10,0.056
2,10,0.861
2,10,0.732
2,10,0.045
2,10,0.305
2,10,0.642
2,10,1.247
2,10,0.645
2,10,0.833
2,10,0.436
2,10,1.166
2,10,0.006
2,10,0.588
2,10,0.06
2,10,1.055
2,10,0.227
2,10,0.273
2,10,0.917
2,10,1.042
2,11,1.115
2,11,0.742
2,11,0.061
2,11,0.016
2,11,1.238
2,11,0.018
2,11,0.414
2,11,1.214
2,11,1.002
2,11,0.54
2,11,0.004
2,11,0.282
2,11,0.034
2,11,0.974
2,11,0.128
2,11,1.169
2,11,0.958
2,11,0.562
2,11,0.596
2,11,0.069
2,11,0.742
2,11,0.415
2,11,1.056
2,11,0.055
2,11,0.422
2,11,0.577
2,11,0.916
2,11,0.068
2,11,0.091
2,11,0.256
2,11,0.851
2,11,0.784
2,11,1.358
2,11,0.016
2,11,0.577
2,11,0.644
2,11,0.242
2,11,0.419
2,12,0.512
2,12,0.1
2,12,0.091
2,12,0.844
2,12,0.543
2,12,0.049
2,12,0.459
2,12,0.621
2,12,0.08
2,12,0.572
2,12,0.046
2,12,0.502
2,12,0.553
2,12,0.545
2,12,1.126
2,12,1.331
2,12,0.015
2,12,0.477
2,12,0.031
2,12,0.101
2,12,0.64
2,12,0.363
2,12,1.094
2,12,1.2
2,12,0.775
2,12,1.07
2,12,0.869
2,12,0.726
2,12,0.32
2,12,0.976
2,12,0.061
2,13,0.551
2,13,0.625
2,13,0.318
2,13,0.05
2,13,0.618
2,13,0.547
2,13,0.632
2,13,0.479
2,13,0.725
2,13,0.523
2,13,0.418
2,13,0.48
2,13,0.316
2,13,0.143
2,13,0.367
2,13,0.732
2,13,0.198
2,13,0.744
2,13,0.439
2,13,0.407
2,13,0.482
2,13,0.463
2,13,0.038
2,13,0.679
2,13,0.833
2,13,0.047
2,13,1.018
2,13,0.101
2,13,0.053
2,14,0.633
2,14,0.012
2,14,0.127
2,14,0.829
2,14,0.708
2,14,0.672
2,14,0.055
2,14,0.593
2,14,0.85
2,14,0.66
2,14,0.838
2,14,0.602
2,14,0.051
2,14,0.587
2,14,0.059
2,14,1.051
2,14,0.05
2,14,0.972
2,14,1.215
2,14,0.048
2,14,0.051
2,14,0.883
2,14,0.734
2,14,0.596
2,14,0.551
2,14,0.039
2,14,0.995
2,14,0.788
2,15,0.046
2,15,0.602
2,15,0.043
2,15,0.601
2,15,0.946
2,15,1
2,15,0.447
2,15,0.972
2,15,0.739
2,15,1.347
2,15,1.287
2,15,0.026
2,15,0.643
2,15,0.038
2,15,0.608
2,15,0.016
2,15,0.929
2,15,0.521
2,15,0.259
2,15,0.053
2,15,0.42
2,15,0.047
2,15,0.21
2,15,0.536
2,15,1.001
2,15,0.441
2,15,1.318
2,15,0.449
2,15,0.815
2,16,0.08
2,16,0.848
2,16,0.531
2,16,0.993
2,16,0.794
2,16,1.422
2,16,1.062
2,16,0.047
2,16,0.691
2,16,0.038
2,16,0.065
2,16,0.291
2,16,0.065
2,16,0.722
2,16,0.356
2,16,0.011
2,16,0.03
2,16,0.78
2,16,0.326
2,16,0.337
2,16,0.963
2,16,0.007
2,16,0.518
2,16,0.388
2,16,0.814
2,17,0.847
2,17,0.365
2,17,0.811
2,17,0.971
2,17,0.239
2,17,0.603
2,17,0.613
2,17,0.559
2,17,0.622
2,17,0.048
2,17,0.438
2,17,0.077
2,17,0.542
2,17,0.386
2,17,0.866
2,17,0.846
2,17,1.584
2,17,0.075
2,17,0.87
2,17,0.113
2,17,0.678
2,17,0.851
2,17,0.539
2,17,0.25
2,17,0.071
2,17,1.029
2,17,0.082
2,17,0.453
2,17,0.007
2,17,0.532
2,17,0.024
2,18,0.46
2,18,0.736
2,18,0.74
2,18,0.833
2,18,0.045
2,18,0.886
2,18,0.651
2,18,0.061
2,18,0.64
2,18,0.057
2,18,0.053
2,18,1.009
2,18,0.616
2,18,0.021
2,18,0.066
2,18,0.106
2,18,0.746
2,18,0.486
2,18,0.107
2,18,0.324
2,18,0.509
2,18,0.189
2,18,0.037
2,18,0.115
2,18,0.598
2,18,0.062
2,18,0.734
2,18,0.988
2,18,0.781
2,18,0.426
2,19,0.626
2,19,0.078
2,19,0.078
2,19,0.337
2,19,0.784
2,19,0.073
2,19,0.069
2,19,0.955
2,19,0.181
2,19,0.759
2,19,0.114
2,19,0.654
2,19,0.251
2,19,0.069
2,19,0.127
2,19,0.953
2,19,0.06
2,19,0.068
2,19,0.033
2,19,0.358
2,19,0.045
2,19,0.309
2,19,1.152
2,19,0.738
2,19,0.443
2,19,0.624
2,19,0.012
2,19,0.051
2,19,1.103
2,19,0.826
2,20,0.733
2,20,1.485
2,20,0.61
2,20,0.004
2,20,0.015
2,20,0.901
2,20,1.184
2,20,0.816
2,20,0.968
2,20,0.888
2,20,1.429
2,20,0.028
2,20,0.174
2,20,0.365
2,20,0.104
2,20,0.31
2,20,0.74
2,20,0.464
2,20,0.565
2,20,0.388
2,21,0.966
2,21,0.755
2,21,0.685
2,21,0.242
2,21,0.078
2,21,0.936
2,21,1.076
2,21,0.18
2,21,0.028
2,21,1.424
2,21,0.673
2,21,0.31
2,21,0.589
2,21,0.025
2,21,0.178
2,21,0.013
2,21,0.875
2,21,0.881
2,21,0.977
2,21,0.603
2,21,0.541
2,21,0.533
2,21,1.2
2,21,0.411
2,21,0.13
2,21,0.561
2,21,0.064
2,21,1.013
2,21,0.439
2,21,0.949
2,21,0.443
2,21,0.047
2,22,1.205
2,22,0.136
2,22,0.903
2,22,0.842
2,22,0.053
2,22,0.475
2,22,1.239
2,22,0.052
2,22,0.041
2,22,0.65
2,22,0.53
2,22,0.799
2,22,0.028
2,22,0.738
2,22,0.969
2,22,0.462
2,22,0.82
2,22,1.257
2,22,0.916
2,22,0.807
2,22,0.115
2,22,0.839
2,22,0.631
2,22,0.047
2,22,0.037
2,22,0.327
2,22,1.135
2,22,0.059
2,22,0.342
2,22,0.727
2,23,0.729
2,23,0.778
2,23,0.787
2,23,0.311
2,23,0.065
2,23,0.081
2,23,0.76
2,23,1.002
2,23,0.831
2,23,0.433
2,23,0.396
2,23,0.796
2,23,0.583
2,23,0.431
2,23,0.691
2,23,0.587
2,23,0.84
2,23,0.372
2,23,1.359
2,23,0.64
2,23,0.335
2,23,0.126
2,23,0.124
2,23,0.364
2,23,0.553
2,23,0.374
2,24,0.978
2,24,0.078
2,24,0.86
2,24,0.272
2,24,0.059
2,24,0.036
2,24,0.941
2,24,0.37
2,24,0.77
2,24,0.336
2,24,0.566
2,24,1.083
2,24,0.693
2,24,0.832
2,24,1.513
2,24,0.997
2,24,0.036
2,24,1.161
2,24,0.293
2,24,0.553
2,24,0.763
2,24,0.215
2,24,0.069
2,24,0.48
2,24,0.116
2,24,0.047
2,24,0.035
2,24,0.813
2,24,0.888
2,24,0.097
2,24,0.081
2,24,0.055
2,24,0.061
2,24,1.221
2,24,0.046
2,24,0.079
2,24,0.797
2,25,0.817
2,25,0.656
2,25,0.379
2,25,0.587
2,25,0.828
2,25,1.409
2,25,0.473
2,25,0.707
2,25,0.91
2,25,1.164
2,25,1.519
2,25,0.122
2,25,0.531
2,25,0.565
2,25,0.313
2,25,0.37
2,25,0.608
2,25,0.043
2,25,1.193
2,25,0.543
2,25,0.664
2,25,0.366
2,25,0.091
2,25,1.217
2,25,1.089
2,25,0.977
2,25,0.154
2,26,0.457
2,26,0.943
2,26,0.522
2,26,0.087
2,26,0.029
2,26,0.031
2,26,1.214
2,26,0.044
2,26,1.243
2,26,0.014
2,26,0.658
2,26,0.394
2,26,0.12
2,26,0.129
2,26,0.788
2,26,0.594
2,26,0.591
2,26,1.283
2,26,1.006
2,26,0.979
2,26,0.102
2,26,0.428
2,26,1.537
2,26,0.528
2,26,1.412
2,26,0.644
2,26,0.05
2,26,0.096
2,26,0.258
2,26,1.114
2,26,0.856
2,26,0.517
2,26,0.757
2,27,1.002
2,27,1.225
2,27,0.849
2,27,0.818
2,27,0.584
2,27,0.316
2,27,0.028
2,27,0.624
2,27,0.782
2,27,1.441
2,27,0.16
2,27,0.983
2,27,0.214
2,27,0.222
2,27,0.009
2,27,0.464
2,27,0.618
2,27,1.003
2,27,0.745
2,27,0.71
2,27,0.821
2,27,0.578
2,27,0.671
2,27,0.714
2,27,0.172
2,27,0.444
2,27,1.806
2,27,0.925
2,27,0.611
2,27,0.648
2,28,1.22
2,28,0.037
2,28,0.923
2,28,0.472
2,28,1.425
2,28,0.522
2,28,0.598
2,28,0.902
2,28,0.816
2,28,0.446
2,28,0.427
2,28,0.706
2,28,0.687
2,28,0.077
2,28,0.568
2,28,0.893
2,28,0.325
2,28,0.606
2,28,0.745
2,28,1.158
2,28,0.064
2,28,0.05
2,28,0.093
2,28,0.269
2,28,0.097
2,28,0.281
2,28,0.53
2,28,0.958
2,28,0.309
2,28,0.444
2,29,0.923
2,29,0.917
2,29,0.079
2,29,0.01
2,29,0.512
2,29,1.116
2,29,0.041
2,29,0.067
2,29,0.717
2,29,0.167
2,29,0.79
2,29,0.056
2,29,1.025
2,29,0.173
2,29,1.561
2,29,0.091
2,29,0.085
2,29,0.502
2,29,0.554
2,29,0.075
2,29,0.015
2,29,0.077
2,29,0.917
2,29,0.94
2,29,1.091
2,29,0.018
2,29,0.062
2,29,0.054
2,30,0.479
2,30,0.046
2,30,0.059
2,30,0.645
2,30,0.693
2,30,0.733
2,30,0.401
2,30,0.895
2,30,0.911
2,30,0.312
2,30,0.068
2,30,1.006
2,30,0.047
2,30,0.511
2,30,1.666
2,30,1.102
2,30,0.076
2,30,0.11
2,30,0.531
2,30,0.117
2,30,0.068
2,30,0.01
2,30,1.194
2,30,0.679
2,30,0.17
2,30,0.183
2,30,0.131
2,30,0.778
2,30,0.125
2,30,1.102
2,30,0.053
3,1,1.132
3,1,0.939
3,1,1.113
3,1,1.451
3,1,1.325
3,1,1.251
3,1,0.801
3,1,1.182
3,1,0.756
3,1,1.331
3,1,0.092
3,1,0.755
3,1,1.206
3,1,1.255
3,1,1.373
3,1,0.575
3,1,1.135
3,1,1.076
3,1,1.296
3,1,0.588
3,1,1.138
3,1,1.335
3,1,0.713
3,1,1.266
3,1,1.568
3,1,0.607
3,1,1.538
3,2,0.388
3,2,0.772
3,2,0.027
3,2,0.153
3,2,0.728
3,2,1.456
3,2,0.817
3,2,0.345
3,2,0.353
3,2,0.811
3,2,0.703
3,2,0.834
3,2,0.867
3,2,0.186
3,2,0.885
3,2,0.925
3,2,0.645
3,2,0.813
3,2,0.883
3,2,0.861
3,2,0.837
3,2,1.151
3,2,0.384
3,2,1.14
3,3,0.081
3,3,0.726
3,3,0.488
3,3,0.449
3,3,0.376
3,3,0.959
3,3,0.071
3,3,1.14
3,3,1.17
3,3,0.861
3,3,0.509
3,3,0.562
3,3,0.036
3,3,0.22
3,3,0.04
3,3,0.738
3,3,1.206
3,3,1.277
3,3,1.293
3,4,0.049
3,4,0.025
3,4,0.036
3,4,0.94
3,4,0.668
3,4,0.441
3,4,0.312
3,4,1.036
3,4,0.842
3,4,0.993
3,4,0.198
3,4,0.494
3,4,0.927
3,4,0.93
3,4,1.325
3,4,0.437
3,4,0.531
3,4,0.173
3,4,0.477
3,4,0.96
3,4,0.733
3,4,0.642
3,4,0.881
3,4,0.425
3,4,0.681
3,5,0.05
3,5,0.486
3,5,0.484
3,5,0.863
3,5,0.964
3,5,1.267
3,5,0.82
3,5,0.773
3,5,0.072
3,5,1.144
3,5,0.6
3,5,0.718
3,5,0.585
3,5,0.659
3,5,0.51
3,5,0.834
3,5,0.912
3,5,0.627
3,5,0.559
3,5,0.026
3,5,0.673
3,5,0.45
3,5,1.266
3,5,0.648
3,6,0.527
3,6,0.527
3,6,0.723
3,6,0.653
3,6,0.675
3,6,0.72
3,6,0.062
3,6,0.299
3,6,0.856
3,6,0.056
3,6,1.099
3,6,0.609
3,6,0.575
3,6,0.854
3,6,1.166
3,6,0.802
3,6,0.378
3,7,0.751
3,7,0.036
3,7,0.688
3,7,0.804
3,7,0.815
3,7,0.619
3,7,0.089
3,7,0.034
3,7,0.423
3,7,0.793
3,7,0.427
3,7,0.714
3,7,0.71
3,7,0.879
3,7,0.31
3,7,0.848
3,7,0.488
3,7,0.575
3,7,1.873
3,7,0.441
3,7,0.754
3,7,0.78
3,7,1.074
3,7,0.35
3,7,0.979
3,7,0.044
3,7,0.636
3,7,0.709
3,7,0.406
3,7,0.069
3,8,1.137
3,8,0.275
3,8,0.633
3,8,0.393
3,8,0.082
3,8,0.053
3,8,0.601
3,8,0.336
3,8,1.065
3,8,0.941
3,8,0.927
3,8,0.701
3,8,0.055
3,8,0.826
3,8,1.177
3,8,0.267
3,8,0.259
3,8,0.524
3,8,0.391
3,8,0.762
3,8,0.694
3,8,1.049
3,8,0.802
3,8,0.391
3,8,1.002
3,8,0.729
3,8,0.712
3,9,0.47
3,9,0.568
3,9,0.15
3,9,0.04
3,9,0.804
3,9,0.79
3,9,0.685
3,9,0.829
3,9,0.512
3,9,0.942
3,9,0.65
3,9,1.027
3,9,0.087
3,9,0.798
3,9,0.817
3,9,0.523
3,9,1.072
3,9,0.501
3,9,0.761
3,9,1.229
3,9,0.717
3,9,0.046
3,9,0.371
3,9,0.646
3,9,0.431
3,9,0.424
3,9,0.717
3,9,0.045
3,10,0.013
3,10,0.119
3,10,0.644
3,10,0.036
3,10,0.077
3,10,0.772
3,10,0.062
3,10,0.062
3,10,0.359
3,10,0.544
3,10,0.595
3,10,0.369
3,10,0.882
3,10,0.198
3,10,0.881
3,10,1.027
3,10,0.575
3,10,0.848
3,10,0.612
3,10,0.86
3,10,0.666
3,10,0.602
3,10,0.683
3,10,0.769
3,11,0.085
3,11,0.536
3,11,0.098
3,11,0.327
3,11,0.711
3,11,0.098
3,11,0.534
3,11,0.016
3,11,0.491
3,11,0.373
3,11,0.058
3,11,0.965
3,11,0.04
3,11,0.815
3,11,0.871
3,11,0.909
3,11,0.654
3,11,0.043
3,11,0.507
3,11,0.835
3,11,0.75
3,11,0.612
3,11,0.763
3,11,0.577
3,11,0.174
3,11,0.145
3,12,0.507
3,12,0.432
3,12,0.438
3,12,0.082
3,12,0.749
3,12,0.482
3,12,0.571
3,12,0.549
3,12,0.121
3,12,0.807
3,12,0.437
3,12,0.479
3,12,0.433
3,12,0.172
3,12,0.031
3,12,0.992
3,12,0.054
3,12,0.824
3,12,0.648
3,12,0.68
3,12,0.093
3,12,0.045
3,12,0.828
3,13,0.042
3,13,0.023
3,13,0.591
3,13,0.744
3,13,0.032
3,13,0.6
3,13,0.613
3,13,0.481
3,13,0.816
3,13,0.493
3,13,0.344
3,13,0.852
3,13,0.531
3,13,0.928
3,13,0.502
3,13,0.405
3,13,0.768
3,13,0.024
3,13,1.422
3,13,0.691
3,13,0.895
3,13,0.439
3,13,0.208
3,13,0.391
3,14,0.489
3,14,0.537
3,14,0.035
3,14,0.74
3,14,0.862
3,14,0.408
3,14,0.776
3,14,0.039
3,14,0.757
3,14,1.149
3,14,0.513
3,14,0.585
3,14,1.05
3,14,0.315
3,14,0.761
3,14,0.036
3,14,0.663
3,14,0.933
3,14,0.322
3,14,0.729
3,15,0.729
3,15,0.427
3,15,0.699
3,15,0.539
3,15,1.204
3,15,0.427
3,15,1.287
3,15,0.227
3,15,0.454
3,15,0.843
3,15,0.499
3,15,0.052
3,15,0.746
3,15,0.558
3,15,0.127
3,15,0.713
3,15,0.879
3,16,0.441
3,16,0.367
3,16,1
3,16,0.843
3,16,0.592
3,16,0.138
3,16,0.59
3,16,0.046
3,16,0.094
3,16,0.42
3,16,0.642
3,16,0.534
3,16,0.183
3,16,0.498
3,16,0.239
3,16,1.424
3,16,0.073
3,16,0.584
3,17,0.037
3,17,0.03
3,17,0.082
3,17,0.328
3,17,0.422
3,17,0.019
3,17,1.214
3,17,0.57
3,17,0.094
3,17,0.788
3,17,0.448
3,17,0.059
3,17,0.394
3,17,0.073
3,17,0.678
3,17,0.057
3,17,0.546
3,17,0.021
3,17,0.07
3,17,0.062
3,17,0.312
3,18,0.938
3,18,0.056
3,18,0.83
3,18,1.282
3,18,0.483
3,18,0.736
3,18,0.54
3,18,0.037
3,18,0.665
3,18,0.032
3,18,0.639
3,18,0.005
3,18,0.666
3,18,0.036
3,18,0.423
3,18,0.752
3,18,1.127
3,18,0.416
3,18,0.013
3,18,0.683
3,18,0.605
3,19,0.06
3,19,1.132
3,19,1.468
3,19,0.969
3,19,0.077
3,19,0.809
3,19,0.654
3,19,0.339
3,19,0.035
3,19,0.294
3,19,0.926
3,19,0.789
3,19,0.282
3,19,0.452
3,19,0.508
3,19,0.216
3,19,0.083
3,19,0.656
3,19,0.388
3,19,0.895
3,19,0.703
3,19,0.807
3,19,0.5
3,20,0.442
3,20,0.045
3,20,0.789
3,20,0.07
3,20,0.374
3,20,0.981
3,20,1.147
3,20,0.629
3,20,0.02
3,20,0.167
3,20,0.347
3,20,0.328
3,20,0.595
3,20,0.652
3,20,0.772
3,20,0.046
3,20,0.157
3,20,1.014
3,20,0.472
3,20,0.676
3,20,0.025
3,20,0.536
3,20,0.05
3,21,0.773
3,21,0.863
3,21,0.011
3,21,0.077
3,21,0.283
3,21,0.683
3,21,0.521
3,21,0.108
3,21,0.578
3,21,0.065
3,21,0.666
3,21,1.185
3,21,1.047
3,21,0.089
3,21,0.257
3,21,0.985
3,21,0.658
3,21,0.059
3,21,0.922
3,21,0.068
3,21,0.952
3,21,0.494
3,21,0.06
3,22,0.041
3,22,0.051
3,22,0.645
3,22,0.049
3,22,0.542
3,22,0.056
3,22,0.967
3,22,0.721
3,22,0.571
3,22,0.532
3,22,0.052
3,22,1.166
3,22,0.449
3,22,0.487
3,22,0.027
3,22,0.822
3,22,0.056
3,22,1.248
3,23,0.049
3,23,0.079
3,23,1.229
3,23,0.426
3,23,0.204
3,23,0.687
3,23,0.645
3,23,0.043
3,23,0.093
3,23,0.258
3,23,0.028
3,23,0.508
3,23,0.011
3,23,0.079
3,23,1.097
3,23,0.035
3,23,0.963
3,23,0.017
3,23,0.749
3,23,0.547
3,24,1.487
3,24,0.496
3,24,0.632
3,24,0.228
3,24,0.783
3,24,1.142
3,24,1.057
3,24,0.057
3,24,0.547
3,24,0.754
3,24,0.444
3,24,0.859
3,24,0.079
3,24,0.442
3,24,0.048
3,24,0.152
3,24,0.642
3,24,0.06
3,24,0.481
3,24,0.805
3,25,0.03
3,25,0.601
3,25,0.375
3,25,0.755
3,25,0.405
3,25,0.021
3,25,0.055
3,25,0.392
3,25,0.017
3,25,0.508
3,25,0.393
3,25,0.056
3,25,0.033
3,25,0.797
3,25,0.916
3,25,0.365
3,25,0.024
3,25,0.897
3,25,0.308
3,25,0.524
3,25,0.114
3,26,0.153
3,26,0.449
3,26,0.631
3,26,1.496
3,26,0.013
3,26,0.269
3,26,0.437
3,26,0.016
3,26,0.004
3,26,0.605
3,26,1.945
3,26,0.675
3,26,1.149
3,26,0.049
3,26,0.469
3,26,0.15
3,26,0.47
3,26,0.973
3,26,0.656
3,26,0.297
3,26,1.158
3,26,0.037
3,26,0.439
3,26,0.613
3,27,0.03
3,27,0.366
3,27,0.177
3,27,0.411
3,27,0.067
3,27,0.607
3,27,0.033
3,27,0.048
3,27,1.174
3,27,0.32
3,27,0.054
3,27,0.42
3,27,1.275
3,27,0.057
3,27,0.108
3,27,0.058
3,27,0.068
3,27,0.085
3,27,0.17
3,27,0.4
3,27,0.045
3,28,0.072
3,28,1.33
3,28,0.637
3,28,1.177
3,28,0.818
3,28,0.792
3,28,0.177
3,28,0.036
3,28,0.102
3,28,0.38
3,28,0.024
3,28,0.452
3,28,0.042
3,28,0.29
3,28,0.04
3,28,0.046
3,28,0.058
3,28,0.048
3,28,0.42
3,28,0.05
3,28,0.53
3,28,0.102
3,28,0.092
3,28,0.07
3,29,0.333
3,29,0.393
3,29,0.614
3,29,0.324
3,29,0.407
3,29,0.677
3,29,0.1
3,29,0.025
3,29,0.242
3,29,0.528
3,29,0.023
3,29,0.324
3,29,0.686
3,29,0.08
3,29,0.683
3,29,0.044
3,29,0.339
3,29,0.301
3,29,0.425
3,29,0.048
3,29,0.855
3,29,0.887
3,29,0.038
3,30,0.013
3,30,0.657
3,30,0.612
3,30,0.379
3,30,0.044
3,30,0.536
3,30,0.369
3,30,0.426
3,30,0.042
3,30,0.545
3,30,0.549
3,30,0.12
3,30,0.02
3,30,0.068
3,30,0.401
3,30,1.411
3,30,1.005
3,30,0.064
3,30,0.069
3,30,0.017
3,30,0.008
4,1,1.16
4,1,1.692
4,1,0.764
4,1,1.235
4,1,0.74
4,1,0.898
4,1,0.932
4,1,1.283
4,1,1.283
4,1,1.279
4,1,1.278
4,1,1.024
4,1,0.012
4,1,1.22
4,1,1.121
4,1,0.563
4,1,1.519
4,1,1.219
4,1,1.398
4,1,0.941
4,1,0.014
4,2,0.959
4,2,1.533
4,2,1.273
4,2,0.944
4,2,0.814
4,2,0.901
4,2,1.003
4,2,0.103
4,2,1.059
4,2,0.047
4,2,0.77
4,2,1.106
4,2,0.884
4,2,1.022
4,2,0.677
4,2,0.769
4,2,0.853
4,2,1.581
4,2,1.106
4,2,0.799
4,2,0.056
4,2,0.461
4,3,1.299
4,3,1.271
4,3,1.121
4,3,1.005
4,3,1.382
4,3,0.936
4,3,0.678
4,3,1.177
4,3,0.624
4,3,0.378
4,3,1.003
4,3,0.349
4,3,0.667
4,3,0.612
4,3,1.532
4,3,1.042
4,3,0.83
4,3,0.878
4,4,1.551
4,4,0.686
4,4,1.184
4,4,0.842
4,4,0.885
4,4,0.758
4,4,0.134
4,4,0.619
4,4,0.811
4,4,0.612
4,4,1.123
4,4,0.736
4,4,0.742
4,4,1.075
4,4,1.297
4,4,1.507
4,4,1.218
4,4,0.761
4,4,0.627
4,4,1.163
4,4,0.103
4,5,0.54
4,5,0.323
4,5,0.519
4,5,0.899
4,5,0.929
4,5,1.778
4,5,0.783
4,5,0.719
4,5,0.387
4,5,0.566
4,5,1.074
4,5,1.037
4,5,0.9
4,5,1.327
4,5,0.009
4,5,0.924
4,5,1.53
4,5,0.855
4,5,0.616
4,6,0.661
4,6,0.79
4,6,0.191
4,6,1.217
4,6,0.865
4,6,0.154
4,6,0.955
4,6,0.391
4,6,0.894
4,6,0.17
4,6,0.438
4,6,0.615
4,6,0.11
4,6,1.159
4,6,0.785
4,6,0.48
4,6,0.204
4,6,0.02
4,6,0.793
4,6,1.183
4,6,0.962
4,6,1.333
4,6,0.062
4,6,0.548
4,7,0.058
4,7,0.771
4,7,1.22
4,7,0.445
4,7,0.021
4,7,1.277
4,7,0.806
4,7,0.818
4,7,0.056
4,7,0.564
4,7,1.191
4,7,1.072
4,7,0.94
4,7,0.494
4,7,0.38
4,7,1.192
4,7,1.479
4,7,0.263
4,7,0.065
4,7,0.033
4,7,0.916
4,7,0.631
4,7,0.595
4,7,0.313
4,7,0.903
4,8,0.62
4,8,1.041
4,8,0.495
4,8,0.048
4,8,0.8
4,8,1.196
4,8,0.666
4,8,1.252
4,8,0.906
4,8,0.747
4,8,1.125
4,8,0.732
4,8,1.369
4,8,1.538
4,8,1.007
4,8,0.896
4,8,0.551
4,8,0.486
4,8,0.701
4,8,0.723
4,8,0.06
4,8,0.204
4,8,0.427
4,8,0.419
4,9,0.762
4,9,0.079
4,9,0.377
4,9,1.181
4,9,0.2
4,9,0.345
4,9,0.316
4,9,0.913
4,9,0.226
4,9,0.455
4,9,0.431
4,9,0.068
4,9,0.447
4,9,0.859
4,9,0.047
4,9,0.368
4,9,0.083
4,9,0.028
4,9,0.435
4,9,0.054
4,9,0.255
4,9,0.109
4,9,1.122
4,9,0.483
4,9,0.576
4,9,0.494
4,9,0.703
4,10,0.369
4,10,0.298
4,10,0.888
4,10,0.187
4,10,1.025
4,10,1.146
4,10,0.923
4,10,0.662
4,10,0.624
4,10,0.075
4,10,0.836
4,10,0.919
4,10,0.652
4,10,0.888
4,10,0.029
4,10,0.525
4,10,0.599
4,10,0.976
4,10,0.344
4,10,0.69
4,10,0.393
4,10,0.435
4,10,0.986
4,11,0.041
4,11,0.31
4,11,0.524
4,11,1.188
4,11,0.348
4,11,0.98
4,11,0.372
4,11,0.668
4,11,0.038
4,11,0.088
4,11,0.132
4,11,0.017
4,11,0.107
4,11,0.247
4,11,0.511
4,11,1.25
4,11,0.021
4,11,0.052
4,11,0.828
4,11,0.076
4,11,0.508
4,11,1.063
4,11,0.075
4,11,0.033
4,11,0.874
4,12,0.787
4,12,0.06
4,12,0.666
4,12,0.508
4,12,0.227
4,12,0.049
4,12,0.21
4,12,1.115
4,12,0.513
4,12,0.173
4,12,0.34
4,12,0.841
4,12,0.955
4,12,0.628
4,12,0.169
4,12,0.726
4,12,0.735
4,12,0.975
4,12,0.027
4,12,0.496
4,12,1.293
4,12,0.665
4,12,0.59
4,13,0.604
4,13,0.257
4,13,0.051
4,13,0.039
4,13,0.263
4,13,0.106
4,13,0.487
4,13,0.486
4,13,0.321
4,13,0.94
4,13,0.92
4,13,0.721
4,13,0.865
4,13,0.751
4,13,1.098
4,13,0.393
4,13,0.532
4,13,0.463
4,13,0.042
4,13,0.427
4,13,0.856
4,13,0.56
4,13,0.053
4,13,0.841
4,13,0.995
4,13,0.585
4,13,0.594
4,13,0.973
4,13,0.041
4,14,0.08
4,14,0.623
4,14,0.6
4,14,0.35
4,14,1.596
4,14,0.031
4,14,0.61
4,14,0.668
4,14,0.686
4,14,0.49
4,14,0.327
4,14,0.076
4,14,0.064
4,14,0.043
4,14,0.81
4,14,0.509
4,14,0.739
4,15,0.082
4,15,0.933
4,15,0.71
4,15,0.383
4,15,0.929
4,15,0.772
4,15,0.088
4,15,0.76
4,15,0.679
4,15,0.503
4,15,0.939
4,15,0.597
4,15,0.84
4,15,0.035
4,15,0.526
4,15,0.703
4,15,0.581
4,15,0.44
4,15,0.341
4,16,0.014
4,16,0.346
4,16,1.421
4,16,0.016
4,16,0.354
4,16,0.489
4,16,0.026
4,16,0.366
4,16,0.088
4,16,1.363
4,16,0.029
4,16,0.027
4,16,0.743
4,16,0.041
4,16,0.363
4,16,0.104
4,16,0.089
4,16,0.038
4,16,0.469
4,16,0.698
4,16,0.079
4,16,0.949
4,16,1.23
4,16,0.363
4,17,0.037
4,17,1.247
4,17,0.569
4,17,1.136
4,17,0.295
4,17,0.47
4,17,0.887
4,17,0.872
4,17,0.496
4,17,1.224
4,17,0.064
4,17,1.047
4,17,0.766
4,17,0.946
4,17,0.663
4,17,1.168
4,17,0.83
4,17,0.08
4,17,0.25
4,17,0.095
4,17,0.082
4,17,0.86
4,17,0.041
4,17,0.039
4,17,0.893
4,17,0.323
4,18,0.992
4,18,1.145
4,18,1.084
4,18,0.932
4,18,0.027
4,18,0.628
4,18,0.54
4,18,1.284
4,18,1.106
4,18,0.95
4,18,0.82
4,18,1.109
4,18,0.391
4,18,0.899
4,18,0.08
4,18,0.745
4,18,0.042
4,18,0.643
4,18,0.476
4,18,0.446
4,18,0.946
4,18,1.025
4,18,0.46
4,18,0.86
4,18,0.101
4,18,1.037
4,18,0.034
4,19,0.066
4,19,0.717
4,19,1.067
4,19,0.864
4,19,0.527
4,19,0.657
4,19,1.123
4,19,0.065
4,19,1.202
4,19,0.044
4,19,0.458
4,19,0.377
4,19,1.294
4,19,0.062
4,19,0.406
4,19,0.166
4,19,0.926
4,19,0.226
4,19,0.91
4,19,0.054
4,19,0.429
4,19,1.16
4,19,0.285
4,19,0.06
4,20,0.044
4,20,1.257
4,20,0.596
4,20,0.007
4,20,0.241
4,20,0.032
4,20,0.021
4,20,0.067
4,20,1.47
4,20,0.004
4,20,1.25
4,20,0.859
4,20,1.074
4,20,1.309
4,20,0.014
4,20,0.062
4,20,0.711
4,20,0.708
4,20,0.651
4,20,0.552
4,20,0.361
4,20,0.006
4,20,0.515
4,20,0.049
4,20,0.028
4,21,1.035
4,21,0.954
4,21,1.332
4,21,0.507
4,21,0.172
4,21,0.451
4,21,0.058
4,21,0.361
4,21,0.02
4,21,0.759
4,21,0.463
4,21,0.028
4,21,0.471
4,21,0.558
4,21,0.964
4,21,0.036
4,21,0.373
4,21,0.029
4,21,0.562
4,21,0.043
4,21,0.035
4,21,0.038
4,21,0.66
4,21,0.111
4,21,0.02
4,21,0.051
4,21,0.083
4,22,0.055
4,22,1.098
4,22,0.862
4,22,0.055
4,22,0.866
4,22,0.639
4,22,0.02
4,22,0.61
4,22,1.393
4,22,0.058
4,22,0.132
4,22,0.242
4,22,1.131
4,22,1.431
4,22,0.039
4,22,0.099
4,22,1.23
4,22,0.037
4,22,0.649
4,22,0.044
4,23,0.03
4,23,0.05
4,23,0.076
4,23,0.435
4,23,0.818
4,23,0.622
4,23,0.414
4,23,0.409
4,23,0.311
4,23,1.082
4,23,0.92
4,23,0.035
4,23,1.054
4,23,0.61
4,23,0.754
4,23,0.29
4,23,0.591
4,23,0.824
4,23,0.636
4,23,0.191
4,23,0.19
4,24,1.103
4,24,0.409
4,24,0.045
4,24,0.038
4,24,0.689
4,24,0.692
4,24,0.081
4,24,0.781
4,24,0.692
4,24,0.088
4,24,0.341
4,24,0.978
4,24,0.396
4,24,0.602
4,24,0.599
4,24,0.03
4,24,0.118
4,24,0.926
4,24,0.566
4,24,0.028
4,24,1.384
4,25,0.778
4,25,0.137
4,25,0.039
4,25,0.98
4,25,0.247
4,25,1.341
4,25,0.404
4,25,0.411
4,25,0.84
4,25,0.243
4,25,0.627
4,25,0.808
4,25,0.063
4,25,0.054
4,25,0.436
4,25,0.678
4,25,0.035
4,25,0.039
4,25,0.079
4,25,1.193
4,25,0.109
4,26,0.587
4,26,0.619
4,26,0.113
4,26,0.163
4,26,1.085
4,26,0.636
4,26,0.093
4,26,0.05
4,26,0.448
4,26,1.188
4,26,0.756
4,26,1.085
4,26,0.572
4,26,0.551
4,26,0.611
4,26,0.412
4,26,1.188
4,27,1.18
4,27,0.623
4,27,0.923
4,27,0.68
4,27,0.052
4,27,0.142
4,27,0.524
4,27,0.502
4,27,0.91
4,27,0.461
4,27,1.415
4,27,0.358
4,27,0.166
4,27,0.092
4,27,1.313
4,27,0.654
4,27,0.6
4,28,0.08
4,28,0.645
4,28,0.785
4,28,0.048
4,28,0.073
4,28,0.913
4,28,0.506
4,28,0.311
4,28,0.43
4,28,0.084
4,28,0.055
4,28,0.034
4,28,0.331
4,28,0.391
4,28,0.054
4,28,0.634
4,28,0.644
4,28,0.077
4,28,0.12
4,28,0.941
4,28,0.073
4,28,0.766
4,29,0.302
4,29,1.367
4,29,0.032
4,29,0.037
4,29,0.047
4,29,0.062
4,29,0.006
4,29,0.788
4,29,0.048
4,29,1.017
4,29,1.075
4,29,0.48
4,29,0.514
4,29,0.189
4,29,0.633
4,29,0.026
4,29,1.008
4,29,1.416
4,29,0.562
4,29,0.066
4,29,0.251
4,29,1.481
4,29,0.829
4,29,0.352
4,29,0.267
4,30,0.076
4,30,0.963
4,30,0.094
4,30,0.106
4,30,0.034
4,30,0.504
4,30,1.051
4,30,1.498
4,30,0.028
4,30,0.229
4,30,0.109
4,30,0.38
4,30,0.022
4,30,0.529
4,30,1.445
4,30,0.56
4,30,1.218
4,30,0.571
4,30,0.045
4,30,0.083
4,30,0.459
4,30,0.684
4,30,0.04
