1,1,0.144,1.256
1,1,0.352,1.172
1,1,0.599,3.584
1,1,1.104,3.151
1,1,0.772,1.988
1,1,0.932,2.62
1,1,0.761,2.243
1,1,1.235,2.558
1,1,0.473,1.106
1,1,0.674,1.927
1,1,1.128,2.994
1,1,0.668,1.99
1,1,0.582,2.117
1,1,1.198,3.075
1,1,1.101,2.43
1,1,0.974,3.14
1,1,0.204,0.666
1,1,0.427,1.509
1,1,0.177,0.421
1,1,0.065,0.387
1,1,1.04,2.121
1,1,0.98,2.429
1,1,0.481,1.296
1,1,0.924,2.618
1,1,1,2.184
1,1,0.733,2.117
1,1,1.125,2.557
1,2,0.34,1.188
1,2,1.171,2.632
1,2,0.722,1.974
1,2,0.794,1.561
1,2,1.106,3.642
1,2,1.57,3.396
1,2,0.12,0.719
1,2,1.472,3.708
1,2,1.142,3.049
1,2,0.018,0.165
1,2,0.034,0.13
1,2,0.405,1.3
1,2,0.141,0.579
1,2,0.563,1.259
1,2,0.433,0.841
1,2,1.006,2.317
1,2,0.648,1.974
1,2,0.087,0.65
1,2,1.408,4.02
1,2,0.144,0.264
1,2,0.883,2.317
1,2,0.046,0.32
1,2,1.048,2.254
1,2,0.606,1.688
1,2,0.217,0.777
1,2,0.849,2.038
1,2,1.207,3.326
1,2,0.559,1.625
1,2,1.237,3.011
1,2,1.089,2.506
1,3,0.443,2.186
1,3,0.541,2.106
1,3,0.352,1.322
1,3,0.816,2.239
1,3,0.373,1.162
1,3,0.772,2.043
1,3,0.418,1.355
1,3,0.528,2.501
1,3,0.177,0.782
1,3,0.473,0.973
1,3,0.765,2.301
1,3,0.503,1.938
1,3,0.283,0.947
1,3,0.014,0.153
1,3,0.4,1.896
1,3,0.684,1.972
1,3,1.274,2.862
1,3,0.053,0.172
1,3,0.422,2.421
1,3,0.092,0.233
1,3,0.173,0.969
1,3,1.087,3.178
1,3,1.474,3.429
1,3,0.871,2.358
1,3,0.74,2.043
1,3,0.246,1.288
1,4,0.326,1.6
1,4,0.713,2.329
1,4,0.179,0.661
1,4,0.876,4.058
1,4,0.627,3.17
1,4,0.293,1.515
1,4,0.996,2.994
1,4,0.677,1.819
1,4,0.421,1.515
1,4,0.607,1.973
1,4,0.131,0.397
1,4,0.699,1.831
1,4,0.239,0.936
1,4,0.661,2.987
1,4,0.042,0.382
1,4,0.812,2.662
1,4,0.463,2.662
1,4,0.208,1.705
1,4,0.869,2.781
1,4,0.061,0.27
1,4,0.471,2.211
1,4,0.838,2.46
1,4,0.672,2.725
1,4,0.452,1.58
1,4,0.655,2.072
1,4,0.489,1.282
1,4,0.102,0.522
1,4,0.877,2.422
1,4,1.276,3.239
1,4,0.097,0.594
1,4,0.118,0.382
1,5,0.495,2.092
1,5,0.242,1.444
1,5,0.675,2.66
1,5,0.059,0.351
1,5,0.282,1.697
1,5,0.42,2.344
1,5,0.697,1.631
1,5,0.459,2.061
1,5,0.396,2.187
1,5,0.025,0.152
1,5,0.369,2.162
1,5,1.127,2.724
1,5,0.04,0.136
1,5,0.148,0.417
1,5,0.519,1.83
1,5,0.634,2.092
1,5,0.422,2.22
1,5,0.164,1.045
1,5,0.531,2.162
1,5,0.903,2.66
1,5,0.76,1.896
1,5,0.923,2.724
1,5,0.849,2.41
1,5,0.594,2.22
1,5,1.369,3.169
1,5,0.418,1.79
1,5,0.481,1.296
1,5,0.243,0.979
1,5,0.509,1.378
1,5,0.798,1.882
1,5,0.086,0.479
1,6,0.082,0.377
1,6,0.199,0.489
1,6,0.079,0.489
1,6,0.222,1.327
1,6,0.964,3.048
1,6,0.143,0.51
1,6,0.064,0.574
1,6,0.892,2.48
1,6,0.368,2.141
1,6,0.42,2.063
1,6,0.132,0.292
1,6,0.362,1.267
1,6,0.545,2.039
1,6,0.521,2.124
1,6,0.65,2.565
1,6,0.636,2.48
1,6,1.186,2.795
1,6,0.298,2.058
1,6,0.522,2.294
1,6,0.044,0.251
1,6,0.602,2.353
1,6,0.676,2.208
1,6,0.243,0.947
1,6,0.381,1.783
1,6,0.266,1.095
1,6,0.791,2.039
1,6,0.787,2.208
1,6,0.826,1.978
1,6,0.096,0.198
1,6,0.514,1.633
1,6,0.302,1.203
1,7,0.297,1.533
1,7,0.433,1.447
1,7,0.096,0.524
1,7,0.183,0.618
1,7,0.585,2.279
1,7,0.597,2.017
1,7,0.877,2.868
1,7,0.687,2.158
1,7,0.308,1.848
1,7,0.141,0.556
1,7,0.349,1.321
1,7,0.976,2.296
1,7,1.003,2.545
1,7,0.383,1.762
1,7,0.984,3.17
1,7,0.944,3.456
1,7,0.589,2.895
1,7,0.412,1.326
1,7,0.586,1.51
1,7,0.42,2.436
1,7,0.75,1.755
1,7,0.466,1.952
1,7,0.049,0.353
1,7,0.126,0.46
1,8,0.417,2.056
1,8,0.699,2.329
1,8,0.439,2.197
1,8,0.67,2.341
1,8,0.71,3.884
1,8,0.038,0.202
1,8,0.251,2.19
1,8,0.242,1.257
1,8,0.112,0.395
1,8,0.094,0.395
1,8,0.064,0.335
1,8,0.104,0.395
1,8,0.477,1.764
1,8,0.584,1.447
1,8,0.182,0.965
1,9,0.382,2.338
1,9,0.937,2.737
1,9,0.344,2.191
1,9,0.147,0.928
1,9,0.337,1.792
1,9,0.041,0.146
1,9,0.545,1.861
1,9,0.108,0.635
1,9,0.254,0.928
1,9,0.499,1.713
1,9,0.43,1.829
1,9,1.465,3.999
1,9,0.561,2.131
1,9,0.395,1.341
1,9,0.18,0.928
1,9,0.135,0.316
1,9,0.147,0.461
1,9,0.509,2.389
1,9,1.075,3.002
1,9,1.287,3.44
1,9,0.378,1.79
1,10,0.054,0.24
1,10,0.039,0.491
1,10,0.055,0.465
1,10,0.726,2.107
1,10,0.756,2.694
1,10,0.316,2.12
1,10,0.939,3.608
1,10,0.052,0.614
1,10,0.345,1.789
1,10,0.244,1.552
1,10,0.481,2.027
1,10,0.33,0.739
1,10,0.148,1.123
1,10,1.025,2.557
1,11,0.023,0.228
1,11,0.524,2.743
1,11,0.806,3.686
1,11,0.915,4.12
1,11,0.694,2.896
1,11,0.122,0.368
1,11,0.487,3.164
1,11,0.173,0.368
1,11,0.091,0.147
1,11,1.092,3.651
1,11,0.321,1.979
1,11,0.019,0.168
1,11,0.55,2.626
1,11,0.687,1.979
1,12,0.05,0.629
1,12,0.536,2.092
1,12,0.39,1.971
1,12,0.049,0.184
1,12,0.558,3.228
1,12,0.076,0.375
1,12,0.558,2.032
1,12,0.084,0.566
1,12,1.065,4.136
1,12,0.018,0.192
1,12,0.149,0.308
1,12,0.057,0.313
1,12,0.685,3.099
1,12,0.104,0.627
1,12,0.693,3.165
1,12,0.047,0.313
1,12,0.071,0.681
1,12,0.137,0.691
1,12,0.913,2.98
1,12,0.145,0.566
1,12,0.11,0.313
1,12,0.541,2.278
1,12,0.473,1.445
1,12,0.101,0.5
1,12,1.159,3.228
1,12,0.095,0.5
1,12,0.188,0.871
1,12,0.756,2.414
1,13,0.113,0.623
1,13,0.03,0.319
1,13,0.22,1.129
1,13,0.567,2.926
1,13,0.27,1.519
1,13,0.49,2.667
1,13,0.049,0.132
1,13,0.587,2.991
1,13,0.321,0.887
1,13,0.739,2.908
1,13,0.369,1.591
1,13,0.037,0.2
1,13,0.088,0.623
1,13,0.138,0.435
1,13,0.181,0.446
1,13,0.609,2.162
1,13,0.091,0.319
1,13,0.607,2.489
1,13,0.658,2.157
1,14,0.037,0.495
1,14,0.036,0.421
1,14,0.405,2.793
1,14,0.034,0.183
1,14,0.084,0.483
1,14,0.697,2.754
1,14,0.589,2.25
1,14,0.049,0.383
1,14,0.452,2.417
1,14,0.432,2.133
1,14,0.922,2.061
1,14,0.213,0.967
1,14,0.052,0.295
1,14,0.358,1.746
1,14,0.429,2.354
1,14,0.022,0.168
1,14,0.067,0.295
1,14,0.05,0.168
1,14,0.136,0.399
1,14,0.034,0.357
1,14,0.067,0.399
1,14,0.079,0.295
1,14,0.334,1.913
1,14,0.049,0.287
1,15,0.134,0.674
1,15,0.323,3.266
1,15,0.155,0.536
1,15,0.053,0.538
1,15,0.033,0.149
1,15,0.098,0.396
1,15,0.053,0.475
1,15,0.072,0.475
1,15,0.755,3.003
1,15,0.494,2.527
1,15,0.321,1.683
1,15,0.044,0.203
1,15,0.13,0.816
1,15,0.598,2.101
1,15,0.099,0.457
1,15,0.577,2.95
1,15,0.863,2.415
1,15,0.072,0.321
1,15,1.375,4.226
1,15,0.033,0.203
1,15,0.1,0.457
1,15,0.16,0.816
1,15,1.328,3.618
1,15,0.259,0.737
1,15,0.097,0.321
1,15,0.242,1.493
1,15,0.438,2.667
1,15,0.034,0.203
1,15,0.832,2.209
1,15,0.568,2.543
1,15,0.068,0.339
1,15,0.058,0.532
1,15,0.809,2.907
1,15,0.178,0.287
1,16,0.096,0.335
1,16,0.08,0.312
1,16,0.06,0.278
1,16,0.388,2.06
1,16,0.582,2.856
1,16,0.08,0.379
1,16,0.468,2.242
1,16,0.02,0.124
1,16,0.076,0.215
1,16,0.028,0.151
1,16,0.726,3.324
1,16,0.593,3.446
1,16,0.146,1.208
1,16,0.315,2.108
1,16,0.054,0.215
1,16,0.036,0.215
1,16,0.067,0.151
1,16,0.689,1.96
1,16,1.021,3.168
1,16,0.755,1.96
1,16,0.047,0.312
1,16,0.541,2.063
1,17,0.085,0.548
1,17,0.492,3.569
1,17,0.153,0.873
1,17,0.317,2.393
1,17,0.081,0.396
1,17,0.135,0.752
1,17,0.64,3.212
1,17,0.583,2.476
1,17,0.313,2.162
1,17,0.131,0.418
1,17,0.327,1.382
1,17,0.712,3.36
1,17,0.131,0.563
1,17,0.722,2.958
1,17,0.226,0.486
1,17,0.364,2.123
1,17,0.15,1.378
1,17,0.903,3.489
1,17,0.331,0.882
1,17,0.059,0.627
1,17,0.535,2.057
1,18,0.347,1.39
1,18,0.125,0.796
1,18,0.239,0.718
1,18,0.021,0.143
1,18,0.872,3.64
1,18,0.599,2.147
1,18,0.13,0.448
1,18,0.514,3.317
1,18,0.897,2.529
1,18,0.012,0.132
1,18,0.119,0.512
1,18,0.098,0.512
1,18,0.013,0.132
1,19,0.589,3.634
1,19,0.099,0.522
1,19,0.146,0.685
1,19,0.056,0.211
1,19,0.032,0.311
1,19,0.788,3.542
1,19,0.102,0.945
1,19,0.071,0.247
1,19,0.403,1.698
1,19,0.277,1.133
1,19,1.268,3.887
1,19,0.054,0.338
1,19,0.628,2.412
1,19,0.794,2.349
1,20,0.093,0.685
1,20,0.087,0.692
1,20,1.052,4.589
1,20,1.142,5.268
1,20,0.038,0.309
1,20,0.153,0.642
1,20,0.678,3.665
1,20,0.395,2.187
1,20,0.03,0.309
1,20,0.883,2.915
1,20,0.218,1.405
1,20,0.02,0.122
1,20,0.15,1.043
1,21,0.376,2.379
1,21,0.582,2.563
1,21,0.435,2.502
1,21,0.155,0.887
1,21,0.097,0.388
1,21,0.217,0.759
1,21,0.677,3.849
1,21,0.142,0.631
1,21,0.345,1.074
1,21,0.112,0.403
1,22,0.302,1.05
1,22,0.134,0.504
1,22,0.205,0.556
1,22,0.27,0.86
1,22,0.083,0.326
1,22,0.042,0.326
1,22,0.156,0.504
1,22,0.037,0.249
1,22,0.028,0.307
1,22,0.27,0.86
1,22,0.03,0.187
1,22,0.062,0.326
1,22,0.032,0.137
1,23,0.602,1.982
1,23,0.103,0.293
1,23,0.577,2.331
1,23,0.399,1.949
1,23,0.107,0.886
1,23,0.134,0.655
1,23,0.062,0.418
1,23,0.376,2.04
1,23,0.032,0.241
1,24,0.128,0.435
1,24,0.055,0.181
1,24,0.733,3.909
1,24,0.36,1.89
1,24,0.485,2.199
1,24,0.039,0.126
1,24,0.028,0.297
1,24,0.219,0.643
1,24,0.61,2.199
1,24,0.014,0.25
1,24,0.071,0.378
1,24,0.013,0.113
1,25,0.23,1.362
1,25,0.146,0.52
1,25,0.076,0.381
1,25,0.426,2.053
1,25,0.06,0.512
1,25,0.017,0.332
1,25,0.308,1.864
1,25,0.034,0.132
1,25,0.012,0.132
1,25,0.512,3.334
1,25,0.074,0.143
1,25,0.312,1.406
1,25,0.031,0.319
1,25,0.027,0.206
1,25,0.708,2.297
1,25,0.66,2.928
1,25,0.09,0.51
1,26,0.246,2.575
1,26,0.065,0.636
1,26,0.641,2.892
1,26,0.023,0.2
1,26,0.068,0.326
1,26,0.291,1.489
1,26,1.344,5.403
1,26,0.1,0.509
1,26,0.207,0.636
1,27,0.045,0.303
1,27,0.339,2.186
1,27,0.566,3.465
1,27,0.849,3.833
1,27,0.747,3.277
1,27,0.031,0.4
1,27,0.127,0.644
1,27,0.714,3.758
1,27,0.139,1.03
1,27,0.881,4.007
1,27,0.29,1.401
1,27,0.056,0.4
1,28,0.057,0.251
1,28,0.095,0.595
1,28,0.128,0.47
1,28,0.038,0.278
1,28,0.183,0.657
1,28,0.072,0.636
1,28,0.049,0.278
1,28,0.118,0.716
1,29,0.045,0.137
1,29,0.269,0.993
1,29,0.058,0.377
1,29,0.595,3.04
1,29,0.597,2.973
1,29,1.015,3.653
1,29,0.045,0.269
1,29,0.057,0.137
1,29,0.473,3.241
1,29,0.281,1.191
1,29,0.013,0.118
1,29,0.327,1.442
1,29,0.098,0.56
1,29,0.137,0.392
1,29,0.477,2.413
1,30,0.021,0.211
1,30,0.121,0.454
1,30,0.476,2.813
1,30,0.126,0.525
1,30,0.072,0.439
1,30,0.084,0.372
1,30,0.04,0.251
1,30,0.113,0.454
1,30,0.173,0.592
1,30,0.585,3.543
1,30,0.62,2.031
2,1,0.232,1.712
2,1,0.317,2.009
2,1,0.598,2.834
2,1,0.537,2.652
2,1,0.52,1.93
2,1,0.487,0.986
2,1,0.372,2.914
2,1,0.284,1.632
2,1,0.785,2.196
2,1,0.705,2.196
2,1,0.156,0.588
2,1,0.461,2.993
2,1,0.775,2.252
2,1,0.171,0.905
2,1,0.914,2.585
2,1,0.916,2.678
2,1,0.626,2.272
2,1,0.692,1.79
2,1,0.438,2.272
2,1,0.704,2.272
2,1,0.491,2.75
2,1,1.647,4.403
2,1,0.92,2.364
2,1,0.244,0.657
2,1,0.7,2.112
2,1,0.901,2.364
2,1,0.649,2.196
2,1,0.921,2.914
2,1,1.158,3.673
2,1,0.304,1.131
2,1,2.217,6.093
2,1,0.962,2.036
2,1,0.779,2.196
2,1,0.989,3.336
2,1,0.847,2.196
2,1,1.488,3.997
2,1,0.776,2.364
2,1,0.53,1.39
2,2,0.796,2
2,2,0.901,2.509
2,2,0.83,2.085
2,2,0.115,0.946
2,2,0.298,1.517
2,2,0.149,1.605
2,2,0.304,1.759
2,2,0.722,4.21
2,2,0.417,2.509
2,2,0.73,2.161
2,2,0.769,2.321
2,2,0.191,0.309
2,2,0.646,2.8
2,2,0.523,1.605
2,2,0.15,1.268
2,2,0.284,1.192
2,2,0.624,2.509
2,2,0.611,1.803
2,2,0.477,2.407
2,2,0.583,2.636
2,2,0.51,1.919
2,2,0.84,3.323
2,2,0.559,1.605
2,2,0.534,2.244
2,2,0.115,0.63
2,2,0.839,2.161
2,2,1.157,3.245
2,2,1.145,4.047
2,2,0.377,1.117
2,2,0.899,2.767
2,2,0.341,2.078
2,2,0.169,0.63
2,2,0.313,1.45
2,2,0.366,1.517
2,2,0.622,2.673
2,2,0.79,2
2,2,0.544,1.351
2,3,0.4,2.56
2,3,0.904,2.974
2,3,0.598,2.475
2,3,0.285,1.751
2,3,0.582,1.751
2,3,0.916,2.56
2,3,0.274,2.234
2,3,0.239,2.318
2,3,0.395,1.994
2,3,0.85,3.838
2,3,0.42,2.961
2,3,0.672,1.78
2,3,0.569,2.656
2,3,0.063,0.384
2,3,0.508,2.728
2,3,0.594,2.156
2,3,0.743,2.56
2,3,0.393,1.771
2,3,0.113,0.237
2,3,1.266,4.241
2,3,0.408,1.751
2,3,0.622,1.592
2,3,0.398,2.327
2,3,0.22,1.117
2,3,0.437,1.278
2,3,1.233,3.282
2,3,0.777,2.074
2,3,0.516,1.67
2,3,0.663,1.994
2,3,1.069,2.961
2,3,0.405,2.497
2,3,0.794,2.156
2,3,0.587,2.798
2,3,0.085,0.384
2,3,0.379,1.278
2,3,0.707,1.751
2,3,0.964,2.401
2,3,0.768,2.234
2,4,0.359,2.647
2,4,0.327,4.05
2,4,0.288,1.161
2,4,0.783,3.486
2,4,0.491,2.238
2,4,0.144,1.051
2,4,0.675,2.319
2,4,0.47,2.238
2,4,0.118,1.633
2,4,0.387,2.682
2,4,0.482,2.525
2,4,0.426,2.074
2,4,0.588,2.16
2,4,0.422,2.525
2,4,0.113,0.799
2,4,0.249,2.283
2,4,0.46,1.203
2,4,0.703,2.238
2,4,0.592,2.238
2,4,0.246,1.273
2,4,0.566,2.399
2,4,0.39,1.109
2,4,0.204,1.842
2,4,0.122,0.317
2,4,0.309,1.109
2,4,0.065,0.281
2,4,0.302,2.738
2,4,0.118,1.203
2,4,0.178,0.551
2,4,0.663,2.074
2,4,0.939,2.722
2,4,0.808,3.443
2,4,0.883,2.16
2,4,0.596,2.074
2,4,0.396,1.746
2,4,0.572,2.399
2,4,0.42,2.813
2,4,0.444,1.273
2,4,0.996,2.96
2,4,0.655,3.166
2,4,0.384,1.917
2,4,0.366,1.917
2,4,0.719,2.16
2,4,1.125,3.525
2,4,0.81,2.074
2,4,0.125,0.711
2,4,1.131,2.399
2,4,0.716,2.96
2,5,0.241,2.011
2,5,0.482,2.811
2,5,0.434,1.776
2,5,0.331,1.439
2,5,0.323,1.607
2,5,0.255,1.976
2,5,0.394,2.502
2,5,0.245,2.168
2,5,0.584,2.09
2,5,0.129,0.481
2,5,0.342,2.486
2,5,0.392,2.244
2,5,0.283,1.284
2,5,1.068,4.33
2,5,0.478,2.326
2,5,0.293,1.284
2,5,0.344,2.486
2,5,0.467,2.486
2,5,0.273,1.136
2,5,1.029,2.889
2,5,0.196,0.72
2,5,0.443,2.486
2,5,0.158,0.512
2,5,0.535,1.924
2,5,0.351,1.924
2,5,0.251,1.924
2,5,0.761,1.961
2,5,0.939,2.929
2,5,0.511,1.843
2,5,0.607,1.607
2,5,0.486,0.88
2,5,0.455,1.525
2,5,0.234,1.051
2,5,0.846,2.244
2,5,0.225,2.486
2,5,0.373,2.09
2,5,0.361,1.525
2,5,0.59,1.776
2,5,1.405,4.897
2,6,0.086,0.477
2,6,0.43,2.093
2,6,0.361,2.881
2,6,0.168,1.132
2,6,0.264,2.445
2,6,0.13,1.847
2,6,0.12,0.593
2,6,0.376,4.974
2,6,0.096,1.282
2,6,0.257,2.182
2,6,0.289,1.934
2,6,0.084,0.956
2,6,0.257,1.282
2,6,0.357,2.824
2,6,0.404,1.689
2,6,0.493,2.73
2,6,0.638,3.446
2,6,0.184,1.194
2,6,0.776,2.483
2,6,0.853,2.483
2,6,0.416,2.093
2,6,0.875,2.73
2,6,0.906,3.621
2,6,0.693,2.523
2,6,0.318,2.093
2,6,0.732,2.329
2,6,0.356,1.282
2,6,0.225,1.616
2,6,0.622,1.934
2,6,0.283,1.192
2,6,0.765,1.963
2,6,0.048,0.398
2,6,0.325,1.042
2,6,0.088,0.593
2,6,0.334,1.689
2,7,0.112,0.565
2,7,0.036,0.389
2,7,0.359,2.079
2,7,0.123,1.27
2,7,0.37,2.551
2,7,0.394,2.163
2,7,0.409,2.727
2,7,0.593,2.321
2,7,0.644,2.163
2,7,0.486,2.255
2,7,0.865,3.894
2,7,0.162,0.714
2,7,0.224,2.24
2,7,0.157,0.714
2,7,0.173,0.547
2,7,0.595,1.676
2,7,0.371,1.925
2,7,0.617,2.478
2,7,0.29,2.163
2,7,0.65,2.551
2,7,0.144,1.118
2,7,0.21,1.118
2,7,0.488,1.438
2,7,0.585,2.398
2,8,0.069,0.658
2,8,0.634,3.413
2,8,0.33,2.273
2,8,0.083,0.441
2,8,0.163,1.17
2,8,0.17,1.489
2,8,0.39,1.41
2,8,0.279,2.215
2,8,0.246,2.273
2,8,0.454,1.789
2,8,0.733,3.095
2,8,0.438,1.442
2,8,0.969,2.456
2,8,0.202,1.711
2,8,0.479,2.825
2,8,0.144,1.789
2,8,0.178,1.17
2,8,0.405,3.067
2,8,0.116,0.768
2,8,0.05,0.441
2,8,0.702,2.374
2,8,0.637,2.273
2,8,0.215,1.811
2,8,0.623,2.51
2,8,0.725,2.018
2,8,0.097,1.005
2,8,0.481,1.542
2,8,0.558,1.871
2,8,0.239,1.622
2,9,0.085,0.83
2,9,0.487,2.889
2,9,0.07,0.317
2,9,0.301,1.998
2,9,0.552,1.677
2,9,0.085,0.394
2,9,0.561,2.447
2,9,0.503,1.677
2,9,0.046,0.542
2,9,0.14,1.199
2,9,0.116,0.797
2,9,0.86,2.242
2,9,0.261,2.527
2,9,0.418,2.972
2,9,0.128,0.797
2,9,0.155,0.797
2,9,0.706,2.972
2,9,0.55,1.644
2,9,0.226,1.677
2,9,0.324,2.287
2,9,0.447,2.684
2,9,0.704,2.369
2,9,0.224,2.082
2,9,1.121,3.043
2,10,0.061,0.484
2,10,0.391,2.084
2,10,0.796,3.205
2,10,0.503,3.449
2,10,0.03,0.326
2,10,0.208,2.413
2,10,0.895,4.461
2,10,0.228,1.853
2,10,0.07,1.04
2,10,0.06,0.393
2,10,0.802,2.97
2,10,0.248,2.48
2,10,0.581,2.404
2,10,0.315,2.246
2,10,0.505,1.688
2,10,0.518,2.731
2,10,0.099,0.484
2,10,0.345,2.327
2,10,0.103,0.393
2,10,0.425,2.01
2,10,0.076,0.477
2,10,1.007,3.047
2,10,0.521,1.926
2,10,0.508,2.568
2,10,0.892,2.807
2,10,0.134,0.229
2,10,0.435,1.926
2,11,0.214,2.296
2,11,0.143,1.873
2,11,0.012,0.155
2,11,0.414,3.358
2,11,0.52,2.527
2,11,0.264,2.68
2,11,0.608,2.868
2,11,0.04,0.236
2,11,0.46,2.255
2,11,0.874,2.954
2,11,0.229,2.123
2,11,0.265,2.123
2,11,0.21,1.448
2,11,0.535,2.094
2,11,0.122,0.637
2,11,1.015,3.974
2,11,0.148,1.13
2,11,0.022,0.405
2,11,0.394,2.517
2,11,0.246,2.395
2,11,0.596,2.715
2,11,0.24,0.993
2,11,1.248,4.056
2,11,0.07,0.259
2,12,0.047,0.423
2,12,0.195,2.004
2,12,0.055,0.741
2,12,0.236,2.575
2,12,0.481,2.953
2,12,0.515,2.493
2,12,0.371,2.329
2,12,0.392,1.749
2,12,0.22,1.349
2,12,0.21,1.749
2,12,0.533,2.738
2,12,0.191,1.065
2,12,0.903,4.335
2,12,0.31,1.905
2,12,0.353,2.636
2,13,0.444,2.887
2,13,0.21,1.706
2,13,0.25,1.885
2,13,0.266,2.523
2,13,0.266,2.209
2,13,0.141,0.711
2,13,0.199,1.597
2,13,0.594,2.383
2,13,0.205,1.195
2,13,0.684,2.08
2,13,0.184,2.696
2,13,0.428,2.277
2,13,0.186,1.675
2,13,0.436,1.997
2,13,0.45,2.925
2,13,0.106,0.467
2,13,0.739,2.843
2,13,0.064,0.439
2,13,0.566,1.727
2,14,0.127,0.643
2,14,0.364,3.018
2,14,0.105,0.478
2,14,0.464,2.933
2,14,0.294,2.849
2,14,0.343,2.973
2,14,0.072,0.478
2,14,0.572,4.181
2,14,0.256,1.81
2,14,0.997,3.776
2,14,0.034,0.243
2,14,0.515,3.009
2,14,0.091,0.659
2,14,0.544,2.124
2,14,0.513,2.386
2,14,0.455,2.124
2,14,0.883,2.689
2,15,0.174,0.393
2,15,0.335,2.405
2,15,0.13,0.642
2,15,0.335,2.084
2,15,0.043,0.201
2,15,0.133,0.479
2,15,0.064,0.279
2,15,0.394,2.448
2,15,1.203,4.658
2,15,0.456,2.896
2,15,0.241,1.447
2,15,0.05,0.679
2,15,0.11,1.447
2,15,0.072,0.393
2,15,0.39,2.252
2,15,0.803,2.567
2,15,0.675,2.528
2,15,0.348,2.325
2,15,0.352,2.084
2,15,0.366,1.285
2,15,0.275,1.931
2,15,0.33,1.327
2,15,1.122,4.054
2,16,0.113,1.126
2,16,0.061,0.558
2,16,0.258,2.539
2,16,0.329,2.938
2,16,0.191,1.217
2,16,0.372,2.221
2,16,0.103,0.311
2,16,0.037,0.243
2,16,0.55,2.384
2,16,0.054,0.406
2,16,0.073,0.406
2,16,0.012,0.247
2,16,0.219,1.294
2,16,0.435,2.205
2,16,0.331,2.375
2,16,0.045,0.243
2,16,0.045,0.395
2,16,0.739,3.501
2,16,0.061,0.392
2,16,0.418,3.014
2,16,0.309,2.861
2,17,0.212,1.319
2,17,0.097,0.715
2,17,0.33,2.521
2,17,0.1,0.67
2,17,0.06,0.527
2,17,0.374,2.246
2,17,0.385,2.324
2,17,0.438,2.611
2,17,0.469,1.999
2,17,0.082,0.351
2,17,0.151,0.805
2,17,0.69,2.731
2,17,0.364,1.795
2,17,0.442,2.681
2,17,0.645,3.764
2,17,0.286,1.715
2,18,0.044,0.633
2,18,0.166,1.083
2,18,0.129,0.26
2,18,0.087,0.381
2,18,0.09,0.518
2,18,0.655,3.316
2,18,0.667,3.559
2,18,0.528,4.765
2,18,0.225,1.829
2,18,0.172,2.069
2,18,0.315,2.392
2,18,0.718,3.397
2,18,0.219,1.268
2,18,0.748,3.88
2,18,0.664,2.392
2,18,0.18,1.183
2,18,0.47,1.349
2,18,0.647,2.603
2,18,0.037,0.26
2,18,0.352,1.988
2,18,1.727,5.979
2,19,0.061,0.521
2,19,0.062,0.201
2,19,0.099,1.202
2,19,0.047,0.282
2,19,0.174,1.084
2,19,0.042,0.36
2,19,0.102,1.116
2,19,0.468,2.778
2,19,0.1,1.004
2,19,0.116,0.764
2,19,0.722,3.175
2,19,0.099,0.521
2,19,0.068,0.36
2,19,0.537,3.374
2,19,0.482,2.533
2,19,0.229,1.726
2,19,0.301,2.129
2,19,0.35,1.891
2,20,0.223,2.291
2,20,0.138,0.733
2,20,0.607,3.748
2,20,0.041,0.2
2,20,0.104,0.65
2,20,0.096,0.282
2,20,0.03,0.443
2,20,0.316,2.499
2,20,0.287,2.259
2,20,0.068,0.2
2,20,0.144,1.132
2,20,0.105,0.282
2,20,0.017,0.169
2,20,0.628,2.422
2,20,0.369,2.841
2,20,0.546,3.457
2,20,0.666,2.178
2,20,0.426,1.371
2,20,0.114,0.361
2,20,0.068,0.417
2,20,0.091,0.33
2,21,0.109,0.838
2,21,0.071,0.415
2,21,0.341,2.064
2,21,0.095,0.488
2,21,0.116,0.415
2,21,0.044,0.48
2,21,0.134,0.403
2,21,0.302,3.032
2,21,0.393,2.472
2,21,0.654,5.21
2,21,0.062,0.317
2,21,0.092,0.838
2,21,0.107,1.15
2,21,0.198,1.769
2,21,0.079,0.556
2,21,0.18,1.832
2,21,0.03,0.415
2,21,0.768,4.035
2,22,0.04,0.173
2,22,0.088,0.756
2,22,0.025,0.28
2,22,0.073,1.015
2,22,0.175,0.852
2,22,0.074,0.518
2,22,0.077,0.28
2,22,0.538,2.827
2,22,0.068,0.446
2,22,0.049,0.569
2,22,0.462,3.521
2,22,0.05,0.28
2,22,0.323,1.324
2,22,0.363,2.014
2,22,0.556,3.425
2,22,0.182,0.852
2,22,0.047,0.192
2,22,0.082,0.752
2,22,0.145,0.446
2,22,0.03,0.192
2,22,0.828,2.827
2,22,1.081,2.583
2,23,0.159,0.888
2,23,0.116,0.716
2,23,0.192,0.809
2,23,0.076,0.401
2,23,0.088,0.475
2,23,0.028,0.327
2,23,0.237,2.618
2,23,0.077,0.4
2,23,0.567,3.893
2,23,0.024,0.246
2,23,0.122,1.284
2,23,0.722,3.011
2,23,0.823,3.731
2,23,0.23,2.292
2,23,0.067,0.398
2,23,0.477,2.845
2,23,0.218,0.716
2,23,0.311,2.091
2,23,0.134,1.203
2,23,0.099,0.398
2,23,0.084,0.475
2,23,0.635,3.65
2,23,0.058,0.246
2,23,0.252,1.602
2,23,0.174,0.327
2,24,0.241,1.769
2,24,0.5,2.685
2,24,0.089,0.581
2,24,0.117,1.272
2,24,0.066,0.817
2,24,0.114,0.483
2,24,0.466,2.335
2,24,0.358,1.686
2,24,0.033,0.485
2,24,0.136,0.721
2,24,0.535,3.244
2,25,0.078,0.475
2,25,0.115,1.072
2,25,0.111,1.114
2,25,0.068,0.237
2,25,0.085,0.585
2,25,0.224,1.882
2,25,0.094,0.557
2,25,0.035,0.237
2,25,0.047,0.509
2,25,0.039,0.429
2,25,0.509,2.8
2,25,0.39,2.336
2,25,0.17,0.893
2,25,0.179,0.637
2,25,0.168,1.317
2,25,0.617,2.787
2,25,0.698,2.728
2,26,0.552,3.281
2,26,0.076,0.677
2,26,0.056,0.756
2,26,0.425,2.776
2,26,0.169,1.128
2,26,0.546,2.945
2,26,0.086,0.919
2,26,0.19,0.84
2,27,0.236,2.133
2,27,0.19,1.885
2,27,0.794,6.548
2,27,0.029,0.239
2,27,0.074,0.32
2,27,0.061,0.32
2,27,0.674,3.621
2,27,0.05,0.477
2,27,0.05,0.32
2,27,0.035,0.418
2,27,0.075,0.477
2,27,0.075,0.72
2,27,0.015,0.477
2,27,0.075,0.564
2,27,0.054,0.399
2,27,0.016,0.32
2,27,0.501,2.372
2,27,0.13,0.32
2,27,0.053,0.399
2,28,0.115,0.723
2,28,0.459,3.465
2,28,0.465,2.445
2,28,0.075,0.637
2,28,0.056,0.477
2,28,0.506,3.276
2,28,0.057,0.236
2,28,0.127,0.477
2,28,0.079,0.566
2,28,0.092,0.323
2,28,0.027,0.397
2,28,0.02,0.236
2,28,0.544,2.943
2,28,0.691,2.442
2,29,0.29,1.58
2,29,0.063,0.665
2,29,0.162,1.402
2,29,0.236,1.184
2,29,0.045,0.483
2,29,0.212,2.507
2,29,0.377,2.831
2,29,0.057,0.483
2,29,0.066,0.505
2,29,0.19,1.242
2,29,0.13,1.321
2,29,0.275,2.598
2,29,0.206,1.41
2,29,0.447,2.072
2,29,0.133,1.485
2,29,0.867,3.349
2,29,0.184,2.015
2,29,0.696,2.812
2,29,0.411,1.909
2,29,1.238,4.524
2,30,0.144,0.715
2,30,0.148,0.602
2,30,0.054,0.275
2,30,0.346,3.249
2,30,0.116,0.678
2,30,0.071,0.191
2,30,0.256,2.287
2,30,0.098,0.434
2,30,0.197,2.362
2,30,0.184,0.715
2,30,0.873,3.407
2,30,0.139,0.635
2,30,0.043,0.788
2,30,0.043,0.434
2,30,0.105,0.556
2,30,0.04,0.312
2,30,0.561,3.06
2,30,0.49,2.287
2,30,0.417,1.962
2,30,0.041,0.191
3,1,0.665,3.063
3,1,0.097,0.764
3,1,0.336,1.947
3,1,0.279,1.817
3,1,0.465,2.313
3,1,0.294,1.947
3,1,0.369,1.241
3,1,0.298,1.947
3,1,0.667,2.348
3,1,0.489,1.861
3,1,1.349,3.682
3,1,1.052,5.305
3,1,0.225,2.032
3,1,0.249,1.861
3,1,0.628,2.753
3,1,0.902,2.348
3,1,0.885,2.955
3,1,0.399,1.786
3,1,0.958,2.737
3,1,1.541,5.071
3,1,0.901,2.218
3,1,0.127,1.096
3,1,1.065,2.867
3,1,0.875,2.144
3,1,1.043,2.867
3,1,1.271,2.753
3,1,0.326,1.075
3,1,0.788,2.231
3,1,0.477,2.101
3,1,0.371,2.274
3,1,0.718,2.231
3,1,0.325,1.532
3,1,0.39,1.861
3,1,0.12,1.006
3,1,0.436,2.162
3,1,0.541,1.786
3,1,0.768,2.231
3,1,0.618,3.063
3,1,1.074,2.867
3,1,0.295,1.902
3,1,0.411,1.817
3,1,0.342,2.231
3,1,0.331,2.671
3,1,0.374,2.144
3,1,0.462,1.861
3,1,0.396,0.786
3,1,0.778,1.569
3,1,0.719,2.443
3,1,0.077,0.365
3,1,0.926,2.204
3,1,0.979,3.042
3,1,0.142,0.365
3,1,0.8,1.861
3,1,0.917,2.443
3,1,1.036,2.443
3,1,0.199,0.786
3,1,1.334,2.867
3,1,1.471,3.568
3,1,0.049,0.369
3,1,1.248,2.671
3,1,0.933,2.348
3,1,1.561,3.839
3,1,1.657,3.682
3,1,0.158,0.448
3,1,1.068,2.567
3,2,0.5,2.437
3,2,0.172,0.891
3,2,0.263,1.477
3,2,0.664,2.116
3,2,0.016,0.578
3,2,0.546,2.684
3,2,0.229,1.727
3,2,0.453,2.522
3,2,0.388,1.801
3,2,0.196,0.474
3,2,0.854,2.542
3,2,0.385,2.031
3,2,0.43,2.031
3,2,0.245,2.22
3,2,0.495,2.031
3,2,0.476,2.704
3,2,0.978,2.844
3,2,0.928,3.099
3,2,0.411,1.323
3,2,0.122,0.99
3,2,0.382,1.801
3,2,0.111,0.564
3,2,0.57,2.356
3,2,0.319,0.724
3,2,0.679,3.209
3,2,0.185,0.564
3,2,0.6,3.129
3,2,0.044,0.309
3,2,0.532,2.924
3,2,0.658,2.924
3,2,0.611,1.398
3,2,0.173,1.077
3,2,0.023,0.157
3,2,0.027,0.157
3,2,1.919,5.202
3,2,0.635,1.878
3,2,0.174,0.99
3,2,0.522,2.115
3,2,0.876,2.542
3,2,0.476,0.729
3,2,0.139,0.309
3,2,1.036,3.008
3,2,1.266,3.636
3,2,1.295,3.456
3,2,1.071,2.437
3,2,0.404,2.461
3,2,0.857,1.809
3,2,0.532,1.557
3,2,0.865,2.763
3,2,0.034,0.157
3,2,0.9,2.031
3,2,1.52,3.618
3,3,0.073,0.587
3,3,0.215,2.594
3,3,0.095,1.642
3,3,0.303,1.87
3,3,0.033,0.413
3,3,0.982,3.823
3,3,0.535,2.876
3,3,0.098,0.83
3,3,0.36,2.947
3,3,0.461,2.47
3,3,0.756,2.371
3,3,0.379,2.636
3,3,0.413,1.949
3,3,0.123,0.552
3,3,0.292,2.636
3,3,0.505,2.638
3,3,0.899,2.732
3,3,0.204,0.663
3,3,0.213,1.304
3,3,0.227,1.245
3,3,0.456,1.548
3,3,0.424,1.465
3,3,0.36,1.949
3,3,0.439,2.286
3,3,0.239,1.964
3,3,0.674,2.286
3,3,0.239,1.642
3,3,0.019,0.323
3,3,0.513,2.371
3,3,0.486,1.806
3,3,0.167,1.304
3,3,0.252,2.193
3,3,0.567,2.032
3,3,0.768,2.371
3,3,0.538,1.526
3,3,0.077,0.269
3,3,0.706,4.389
3,3,0.252,1.561
3,3,0.475,1.723
3,3,0.14,1.548
3,3,0.188,0.663
3,3,0.068,0.587
3,3,1.035,6.608
3,3,0.61,1.806
3,3,0.462,1.792
3,3,1.074,2.869
3,3,1.273,4.307
3,3,0.889,2.109
3,3,0.994,2.564
3,3,0.576,1.949
3,3,0.96,2.356
3,3,0.993,2.548
3,3,0.715,2.225
3,3,0.545,1.478
3,3,1.095,2.869
3,3,0.454,2.465
3,3,0.659,3.041
3,3,1.509,3.449
3,4,0.176,1.149
3,4,0.104,0.734
3,4,0.381,1.979
3,4,0.039,0.734
3,4,0.414,3.05
3,4,0.097,1.149
3,4,0.169,1.149
3,4,0.453,3.297
3,4,0.543,3.375
3,4,0.028,0.16
3,4,0.169,0.907
3,4,0.273,2.862
3,4,0.136,0.907
3,4,0.481,1.904
3,4,0.143,0.829
3,4,0.414,2.102
3,4,0.043,0.323
3,4,0.489,3.845
3,4,0.057,0.402
3,4,0.078,0.333
3,4,1.081,3.05
3,4,0.057,0.48
3,4,0.72,2.399
3,4,1.06,2.706
3,4,0.439,2.262
3,4,1.04,2.628
3,4,0.245,0.829
3,4,0.276,2.516
3,4,0.072,0.48
3,4,1.003,2.399
3,4,0.234,0.401
3,4,0.47,2.706
3,4,0.421,1.67
3,4,0.523,3.194
3,4,0.455,2.399
3,4,0.498,1.631
3,4,0.607,2.34
3,4,0.132,1.46
3,4,0.057,0.239
3,4,0.379,1.88
3,4,1.409,4.582
3,4,0.778,4.259
3,4,0.773,1.916
3,4,0.307,1.261
3,4,0.726,1.631
3,4,0.605,2.594
3,4,1.031,2.594
3,4,0.56,2.057
3,4,0.034,0.24
3,4,0.526,2.184
3,5,0.138,1.598
3,5,0.435,3.449
3,5,0.052,0.501
3,5,0.321,1.826
3,5,0.212,2.181
3,5,0.237,3.374
3,5,0.262,1.543
3,5,0.227,1.799
3,5,0.024,0.247
3,5,0.264,2.621
3,5,0.336,2.098
3,5,0.34,2.536
3,5,0.243,2.433
3,5,0.919,2.181
3,5,0.258,1.446
3,5,0.244,1.996
3,5,0.118,0.898
3,5,0.888,2.476
3,5,0.386,2.329
3,5,0.728,2.008
3,5,0.533,2.098
3,5,0.07,0.433
3,5,0.964,3.374
3,5,0.449,1.838
3,5,0.589,2.88
3,5,0.445,2.862
3,5,0.584,2.214
3,5,0.191,0.788
3,5,0.026,0.247
3,5,0.888,2.474
3,5,0.693,2.181
3,5,0.426,2.153
3,5,0.762,2.476
3,5,0.904,2.647
3,5,0.26,2.329
3,5,0.733,2.181
3,5,0.74,2.717
3,5,1.085,2.476
3,5,0.407,1.427
3,5,0.58,1.774
3,5,0.248,1.116
3,6,0.199,1.696
3,6,0.176,2.084
3,6,0.051,0.41
3,6,0.364,2.112
3,6,0.209,1.688
3,6,0.131,0.97
3,6,0.303,2.403
3,6,0.376,2.726
3,6,0.609,2.896
3,6,0.513,4.656
3,6,0.289,2.084
3,6,0.135,1.855
3,6,0.281,2.157
3,6,0.02,0.2
3,6,0.149,1.5
3,6,0.142,0.734
3,6,0.2,1.916
3,6,0.095,0.435
3,6,0.317,2.518
3,6,0.406,3.022
3,6,0.406,1.916
3,6,0.13,2.157
3,6,0.208,0.66
3,6,0.863,2.529
3,6,0.696,1.727
3,6,0.541,1.981
3,6,0.194,2.922
3,6,0.35,2.157
3,6,1.01,3.898
3,6,0.035,0.167
3,6,0.415,2.237
3,6,0.83,2.283
3,6,0.663,2.322
3,6,0.075,0.491
3,6,0.284,1.855
3,6,0.11,0.309
3,6,0.708,2.491
3,6,0.53,1.727
3,6,0.547,2.084
3,6,0.599,3.092
3,6,0.54,1.5
3,6,0.622,2.726
3,6,1.005,2.237
3,6,0.322,2.403
3,6,0.267,2.084
3,7,0.081,1.228
3,7,0.064,0.468
3,7,0.165,1.284
3,7,0.219,1.784
3,7,0.348,2.604
3,7,0.126,1.343
3,7,0.129,1.162
3,7,0.591,2.367
3,7,0.443,4.224
3,7,0.232,2.482
3,7,0.258,2.714
3,7,0.322,2.309
3,7,0.341,1.162
3,7,0.482,3.161
3,7,1.614,4.517
3,7,0.409,2.911
3,7,0.524,3.993
3,7,0.008,0.237
3,7,0.03,0.237
3,7,0.247,1.01
3,7,0.63,2.109
3,7,0.027,0.329
3,7,0.639,2.51
3,7,0.343,1.784
3,7,0.149,1.987
3,7,0.589,2.389
3,7,0.626,2.062
3,7,0.747,1.823
3,7,0.353,2.604
3,7,0.307,1.502
3,7,0.203,1.871
3,7,0.856,2.675
3,7,0.347,1.417
3,7,0.042,0.566
3,8,0.078,1.03
3,8,0.05,0.452
3,8,0.051,0.545
3,8,0.283,2.38
3,8,0.338,2.77
3,8,0.092,0.545
3,8,0.595,2.917
3,8,0.467,2.77
3,8,0.284,1.537
3,8,0.585,2.38
3,8,0.087,0.614
3,8,0.122,2.519
3,8,0.027,0.155
3,8,0.025,0.243
3,8,0.293,3.153
3,8,0.024,0.252
3,8,1.373,3.335
3,8,0.31,1.797
3,8,0.267,2.38
3,8,0.102,0.755
3,8,0.417,2.204
3,8,0.501,1.632
3,8,0.807,2.519
3,8,0.01,0.155
3,8,0.793,3
3,8,0.629,2.074
3,8,0.041,0.155
3,8,0.063,0.243
3,8,0.27,0.755
3,8,1.24,3.324
3,8,0.574,1.724
3,8,0.737,1.883
3,8,0.161,2.135
3,8,0.362,1.537
3,8,0.099,0.361
3,8,0.176,1.451
3,8,0.198,2.148
3,8,0.394,2.685
3,9,0.041,0.447
3,9,0.01,0.447
3,9,0.104,0.525
3,9,0.288,2.473
3,9,0.206,1.986
3,9,0.387,2.208
3,9,0.151,0.905
3,9,0.126,1.143
3,9,0.673,6.09
3,9,0.318,2.46
3,9,0.094,0.741
3,9,0.553,2.208
3,9,0.06,0.369
3,9,0.782,3.305
3,9,0.021,0.184
3,9,0.127,0.686
3,9,0.172,1.224
3,9,0.33,1.224
3,9,0.489,2.965
3,9,1.09,2.939
3,9,0.836,2.7
3,9,0.708,1.815
3,9,0.597,2.208
3,9,0.531,2.091
3,9,0.465,4.324
3,9,0.98,3.848
3,9,0.405,1.16
3,9,0.473,1.4
3,10,0.061,0.557
3,10,0.052,0.276
3,10,0.215,1.971
3,10,0.319,2.892
3,10,0.072,0.531
3,10,0.412,2.047
3,10,0.133,1.357
3,10,0.18,0.968
3,10,0.241,2.141
3,10,0.187,1.357
3,10,0.498,3.085
3,10,0.455,3.118
3,10,0.047,0.437
3,10,0.384,2.047
3,10,0.424,4.117
3,10,0.541,2.465
3,10,0.225,1.602
3,10,0.37,2.225
3,10,0.368,3.074
3,10,0.752,3.347
3,10,0.349,1.077
3,10,0.216,0.874
3,10,0.113,1.578
3,10,0.77,3.359
3,10,0.919,3.279
3,10,0.324,2.304
3,10,0.66,2.137
3,10,1.309,3.441
3,10,0.565,1.771
3,11,0.034,0.28
3,11,0.125,1.308
3,11,0.162,2.328
3,11,0.082,0.584
3,11,0.1,0.442
3,11,0.112,2.141
3,11,0.268,2.233
3,11,0.063,0.754
3,11,0.391,2.408
3,11,0.169,1.449
3,11,0.088,0.512
3,11,0.026,0.202
3,11,0.022,0.202
3,11,1.295,4.688
3,11,0.465,4.174
3,11,0.053,0.28
3,11,0.04,0.202
3,11,0.08,0.525
3,11,0.028,0.272
3,11,0.842,2.397
3,11,0.05,0.202
3,11,0.807,3.44
3,11,0.019,0.284
3,11,1.224,3.25
3,12,0.059,0.559
3,12,0.386,2.886
3,12,0.122,1.038
3,12,0.076,1.265
3,12,0.154,1.57
3,12,0.459,2.981
3,12,0.011,0.154
3,12,0.319,2.579
3,12,0.35,3.683
3,12,0.014,0.154
3,12,0.508,2.807
3,12,0.1,0.395
3,12,0.403,3.547
3,12,0.646,3.236
3,12,0.765,2.807
3,12,0.102,0.717
3,12,0.38,1.326
3,12,1.103,4.172
3,12,0.639,4.426
3,12,0.02,0.238
3,12,0.066,0.395
3,12,0.067,0.479
3,12,0.73,2.435
3,12,0.587,2.041
3,12,0.437,0.969
3,12,1.406,3.452
3,13,0.611,3.911
3,13,0.255,3.516
3,13,0.326,2.749
3,13,0.1,0.997
3,13,0.184,1.633
3,13,0.157,0.755
3,13,0.173,2.214
3,13,0.081,0.898
3,13,0.028,0.481
3,13,0.087,0.987
3,13,0.09,0.371
3,13,0.094,0.997
3,13,0.394,1.71
3,13,0.192,2.439
3,13,0.362,1.466
3,13,0.655,2.439
3,13,0.511,2.746
3,13,0.182,1.244
3,13,0.391,1.793
3,13,0.676,3.074
3,13,1.139,3.417
3,13,0.102,0.371
3,13,0.412,3.551
3,14,0.099,0.465
3,14,0.101,0.736
3,14,0.166,1.422
3,14,0.089,0.392
3,14,0.077,0.481
3,14,0.622,3.02
3,14,0.167,1.644
3,14,0.488,2.408
3,14,0.759,2.907
3,14,0.364,1.291
3,14,0.315,1.922
3,14,0.186,3.486
3,14,0.109,0.392
3,14,0.859,4.203
3,14,0.591,2.408
3,14,0.039,0.233
3,14,0.539,3.26
3,14,0.193,1.543
3,14,0.023,0.152
3,14,0.08,0.465
3,15,0.182,1.335
3,15,0.453,2.423
3,15,0.119,0.648
3,15,0.811,2.566
3,15,0.322,1.642
3,15,0.573,3.536
3,15,0.257,1.561
3,15,0.09,0.561
3,15,0.661,3.704
3,15,0.127,0.755
3,15,0.272,1.496
3,15,0.018,0.25
3,15,1.33,5.577
3,15,0.092,1.292
3,15,0.068,0.403
3,15,0.1,0.648
3,15,0.17,0.561
3,15,0.31,1.561
3,15,0.453,2.25
3,15,0.035,0.848
3,15,0.509,1.642
3,15,0.143,1.335
3,16,0.57,2.377
3,16,0.27,2.471
3,16,0.076,0.643
3,16,0.172,0.894
3,16,0.471,2.908
3,16,0.815,3.2
3,16,0.328,2.793
3,16,0.062,0.361
3,16,0.406,2.563
3,16,0.032,0.244
3,16,0.087,2.342
3,16,0.07,0.361
3,16,0.064,0.935
3,16,0.16,1.114
3,16,0.057,0.545
3,16,0.885,5.362
3,16,0.344,3.053
3,16,0.421,1.414
3,16,0.331,2.708
3,16,0.012,0.244
3,16,0.035,0.643
3,16,0.427,3.037
3,16,0.165,1.149
3,16,0.467,1.771
3,16,0.057,0.244
3,17,0.113,0.69
3,17,0.014,0.17
3,17,0.385,2.675
3,17,0.069,0.699
3,17,0.644,2.513
3,17,0.393,1.816
3,17,0.192,1.658
3,17,0.257,1.411
3,17,0.16,1.741
3,17,0.617,3.457
3,17,0.51,2.194
3,17,0.066,0.405
3,18,0.044,0.848
3,18,0.475,2.209
3,18,0.082,0.648
3,18,0.032,0.323
3,18,0.761,4.82
3,18,0.192,1.039
3,18,0.355,3.747
3,18,0.338,2.369
3,18,0.151,1.982
3,18,0.024,0.312
3,18,0.061,0.648
3,18,0.345,1.982
3,18,0.518,2.344
3,18,0.031,0.312
3,18,0.106,1.502
3,19,0.664,2.649
3,19,0.08,0.365
3,19,0.148,1.042
3,19,0.121,0.436
3,19,0.117,0.677
3,19,0.241,2.448
3,19,0.066,0.459
3,19,0.101,0.459
3,19,0.083,0.595
3,19,0.791,3.604
3,19,0.296,3.604
3,19,0.574,2.403
3,19,0.732,2.494
3,19,0.559,1.964
3,20,0.322,4.21
3,20,0.318,3.162
3,20,0.366,2.632
3,20,0.066,0.75
3,20,0.505,2.867
3,20,0.13,2.011
3,20,0.03,0.367
3,20,0.04,0.354
3,20,0.669,4.667
3,20,0.268,2.496
3,20,0.178,2.296
3,20,0.404,1.916
3,20,0.138,2.496
3,20,0.041,0.259
3,20,0.08,0.354
3,20,0.203,2.011
3,20,0.356,1.796
3,20,0.413,2.115
3,21,0.069,0.319
3,21,0.203,1.966
3,21,0.126,0.904
3,21,0.343,1.752
3,21,0.079,0.72
3,21,0.305,2.313
3,21,0.048,0.318
3,21,0.183,0.818
3,21,0.091,0.645
3,21,0.214,1.398
3,21,0.286,2.558
3,21,0.113,0.645
3,21,0.011,0.161
3,21,0.37,2.164
3,21,0.429,2.966
3,21,0.271,1.298
3,21,0.3,1.758
3,21,0.055,0.504
3,22,0.144,1.23
3,22,0.459,1.565
3,22,0.061,0.9
3,22,0.399,3.414
3,22,0.099,0.598
3,22,0.11,0.499
3,22,0.212,1.236
3,22,0.149,1.976
3,22,0.107,0.679
3,22,0.704,3.301
3,22,0.51,3.062
3,22,0.38,2.17
3,22,0.667,2.604
3,23,0.095,0.669
3,23,0.114,0.665
3,23,0.366,3.206
3,23,0.072,0.415
3,23,0.045,0.531
3,23,0.542,2.645
3,23,0.077,0.781
3,23,0.026,0.205
3,23,0.032,0.297
3,23,0.206,1.752
3,23,0.05,0.415
3,23,0.265,2.005
3,24,0.117,1.088
3,24,0.047,0.231
3,24,0.338,2.747
3,24,0.1,0.462
3,24,0.165,1.798
3,24,0.38,2.465
3,24,0.123,1.491
3,24,0.095,0.335
3,24,0.074,0.335
3,24,0.306,3.425
3,24,0.899,4.381
3,24,0.129,0.646
3,24,0.17,1.387
3,24,0.313,1.671
3,24,0.137,1.671
3,24,0.082,0.358
3,24,0.398,2.659
3,25,0.342,2.761
3,25,0.071,0.748
3,25,0.163,0.741
3,25,0.13,1.394
3,25,0.109,0.741
3,25,0.009,0.33
3,25,0.423,2.114
3,25,0.037,0.33
3,25,0.132,1.631
3,25,0.012,0.223
3,25,0.487,3.008
3,25,0.056,0.578
3,25,0.53,1.784
3,25,0.374,2.347
3,25,0.298,1.796
3,25,0.263,1.633
3,26,0.069,0.694
3,26,0.101,0.534
3,26,0.119,0.534
3,26,0.454,2.681
3,26,0.093,0.694
3,26,0.27,3.254
3,26,0.053,0.425
3,26,0.218,1.711
3,26,0.095,0.945
3,26,0.126,0.945
3,26,0.534,2.815
3,26,0.463,2.681
3,26,0.397,3.358
3,27,0.135,0.828
3,27,0.142,0.671
3,27,0.399,1.537
3,27,0.085,1.063
3,27,0.53,2.89
3,28,0.174,0.978
3,28,0.054,0.483
3,28,0.213,0.795
3,28,0.023,0.159
3,28,0.128,0.639
3,28,0.103,0.398
3,28,0.028,0.159
3,28,0.048,0.478
3,28,0.094,0.795
3,28,0.06,0.562
3,28,0.047,0.396
3,28,0.541,1.88
3,28,0.339,2.059
3,28,0.012,0.159
3,28,0.094,0.321
3,28,0.467,4.694
3,28,0.287,3.215
3,29,0.328,3.389
3,29,0.073,0.466
3,29,0.051,0.363
3,29,0.061,0.294
3,29,0.322,1.712
3,29,0.498,3.557
3,29,0.149,1.581
3,29,0.511,4.525
3,29,0.067,0.593
3,29,0.601,2.599
3,29,0.049,0.368
3,29,0.119,0.466
3,29,0.463,5.625
3,30,0.585,3.96
3,30,0.052,0.593
3,30,0.239,1.176
3,30,0.05,0.361
3,30,0.105,1.091
3,30,0.056,0.361
3,30,0.215,2.179
3,30,0.064,0.361
3,30,0.631,4.551
3,30,0.154,1.191
3,30,0.164,2.611
3,30,0.289,2.924
3,30,0.608,2.243
4,1,0.796,2.347
4,1,0.123,0.652
4,1,0.247,2.433
4,1,0.525,1.548
4,1,0.49,2.258
4,1,0.578,2.103
4,1,0.718,2.519
4,1,0.145,1.847
4,1,1.202,3.171
4,1,0.458,1.925
4,1,0.436,2.685
4,1,0.467,1.661
4,1,0.747,2.519
4,1,0.445,2.519
4,1,0.776,2.346
4,1,0.728,2.347
4,1,1.21,3.15
4,1,0.443,2.444
4,1,1.186,2.871
4,1,1.026,2.954
4,1,1.318,3.857
4,1,0.53,1.377
4,1,0.282,1.573
4,1,0.39,1.183
4,1,1.075,2.685
4,1,0.167,1.006
4,1,0.85,2.103
4,1,0.332,1.362
4,1,0.122,1.006
4,1,0.883,2.444
4,1,1.348,2.954
4,1,0.104,0.652
4,1,1.276,2.879
4,1,0.556,1.925
4,1,0.569,2.519
4,1,0.239,1.281
4,1,0.62,1.759
4,1,0.626,2.852
4,1,0.554,1.661
4,1,0.23,1.917
4,1,0.493,1.847
4,1,0.592,2.347
4,1,1.069,2.347
4,2,0.119,0.746
4,2,0.274,1.984
4,2,0.095,0.845
4,2,0.229,1.244
4,2,0.48,2.613
4,2,0.294,0.94
4,2,0.199,2.12
4,2,0.749,3.961
4,2,0.999,3.018
4,2,0.117,0.833
4,2,0.648,3.09
4,2,0.887,4.172
4,2,0.516,2.384
4,2,0.48,1.578
4,2,0.15,1.031
4,2,0.358,2.21
4,2,0.324,2.427
4,2,0.194,1.127
4,2,0.129,0.549
4,2,0.292,0.655
4,2,0.387,2.294
4,2,0.63,1.777
4,2,0.064,0.591
4,2,0.578,1.652
4,2,0.334,2.181
4,2,0.908,2.477
4,2,0.651,2.018
4,2,0.648,2.291
4,2,0.628,2.384
4,2,0.899,2.317
4,2,0.187,1.167
4,2,0.647,2.576
4,2,1.361,3.371
4,2,0.46,1.891
4,2,1.049,3.09
4,2,0.45,1.031
4,2,0.417,1.984
4,2,0.656,1.777
4,2,0.944,2.477
4,3,0.172,1.209
4,3,0.047,0.579
4,3,0.106,0.835
4,3,0.468,2.786
4,3,0.33,2.367
4,3,0.497,4.164
4,3,0.155,1.318
4,3,0.299,1.1
4,3,0.295,2.586
4,3,0.07,1.26
4,3,0.495,2.586
4,3,0.234,1.522
4,3,0.389,1.1
4,3,0.471,2.271
4,3,0.22,2.262
4,3,0.084,0.47
4,3,0.098,1.312
4,3,0.484,2.271
4,3,0.29,2.154
4,3,0.261,1.1
4,3,0.248,1.846
4,3,0.518,3.538
4,3,0.088,0.367
4,3,0.46,2.904
4,3,0.37,3.333
4,3,0.765,2.467
4,3,0.535,3.013
4,3,0.678,3.017
4,3,0.49,2.271
4,3,0.128,1.838
4,3,0.855,2.258
4,3,0.505,2.682
4,3,0.583,2.682
4,3,1.247,3.116
4,3,0.474,1.955
4,3,0.063,0.997
4,3,0.502,3.636
4,3,0.999,2.904
4,3,1.032,2.786
4,3,0.841,3.435
4,3,0.049,0.739
4,3,0.469,1.312
4,3,0.6,1.762
4,3,0.271,1.75
4,3,0.495,1.838
4,3,0.453,2.586
4,3,0.344,3.333
4,3,0.582,2.38
4,3,0.082,0.579
4,3,0.686,2.154
4,3,0.583,1.838
4,3,0.857,2.271
4,3,0.586,3.068
4,3,0.258,1.318
4,3,0.685,2.786
4,4,0.123,0.959
4,4,1.005,4.464
4,4,0.365,3.211
4,4,0.119,1.554
4,4,0.649,4.089
4,4,0.193,1.158
4,4,0.86,3.42
4,4,0.351,3.214
4,4,0.251,1.661
4,4,0.786,3.324
4,4,0.186,1.335
4,4,1.007,3.008
4,4,0.633,1.864
4,4,0.323,1.642
4,4,0.739,2.157
4,4,0.169,1.049
4,4,1.375,6.508
4,4,0.308,1.758
4,4,0.015,0.192
4,4,0.259,1.864
4,4,0.489,2.14
4,4,0.136,1.554
4,4,0.858,2.57
4,4,0.142,1.159
4,4,0.478,1.938
4,4,0.91,2.262
4,4,0.415,3.432
4,4,0.613,1.554
4,4,0.137,0.632
4,4,1.045,2.66
4,4,0.356,2.157
4,4,0.774,2.372
4,4,0.921,2.57
4,4,0.601,3.794
4,4,0.151,0.959
4,4,0.455,2.262
4,5,0.411,2.042
4,5,0.234,1.64
4,5,0.076,0.352
4,5,0.151,0.631
4,5,0.597,3.598
4,5,0.456,2.159
4,5,0.311,3.233
4,5,0.043,0.352
4,5,0.111,0.53
4,5,0.629,3.316
4,5,0.17,2.823
4,5,0.242,1.62
4,5,0.056,0.385
4,5,0.097,0.504
4,5,0.241,1.725
4,5,0.774,2.262
4,5,0.645,4.069
4,5,0.302,2.036
4,5,0.546,3.503
4,5,0.785,2.782
4,5,0.927,3.503
4,5,0.219,1.749
4,5,0.308,2.496
4,5,0.407,2.123
4,5,0.44,2.347
4,5,0.031,0.233
4,5,0.426,2.432
4,5,0.401,2.356
4,5,0.341,2.577
4,5,0.339,2.262
4,5,0.302,2.262
4,5,1.3,4.494
4,5,0.822,2.356
4,5,0.663,1.749
4,5,0.101,1.621
4,5,0.15,1.536
4,5,0.066,1.198
4,5,1.068,2.782
4,5,0.994,2.262
4,5,0.689,2.577
4,5,0.395,1.853
4,6,0.211,1.262
4,6,0.477,3.644
4,6,0.168,1.188
4,6,0.369,1.763
4,6,0.614,3.814
4,6,0.161,1.1
4,6,0.237,1.205
4,6,0.155,1.64
4,6,0.233,1.993
4,6,0.554,3.056
4,6,0.862,3.161
4,6,0.17,0.919
4,6,0.303,1.662
4,6,0.289,1.763
4,6,0.418,4.596
4,6,0.206,0.919
4,6,0.536,2.476
4,6,0.288,1.188
4,6,0.517,2.975
4,6,0.492,1.687
4,6,0.096,1.065
4,6,0.854,2.73
4,6,0.367,2.203
4,6,0.326,2.161
4,6,0.225,1.293
4,6,0.377,2.87
4,6,0.097,0.331
4,6,0.099,0.517
4,6,0.173,1.188
4,6,1.911,4.809
4,6,0.096,1.065
4,6,0.599,2.308
4,6,0.326,1.763
4,7,0.304,2.209
4,7,0.069,1.264
4,7,0.18,1.111
4,7,0.089,0.49
4,7,0.201,2.132
4,7,0.592,6.423
4,7,0.139,1.284
4,7,0.688,2.957
4,7,0.28,1.52
4,7,0.691,3.067
4,7,0.348,1.819
4,7,0.277,2.11
4,7,0.574,2.823
4,7,0.528,2.219
4,7,0.283,2.617
4,7,0.376,2.219
4,7,0.433,2.798
4,7,0.24,1.264
4,7,1.365,3.82
4,7,0.491,2.132
4,7,0.331,2.823
4,7,0.31,2.12
4,7,0.188,1.182
4,7,0.892,4.043
4,7,0.086,0.513
4,7,0.121,1.841
4,7,0.324,1.94
4,7,0.716,2.128
4,7,0.833,2.482
4,7,0.097,0.755
4,7,0.406,2.319
4,7,0.629,3.467
4,7,0.165,1.117
4,7,0.239,1.841
4,7,0.097,0.591
4,8,0.246,1.817
4,8,0.287,1.929
4,8,0.248,1.941
4,8,0.145,1.929
4,8,0.029,0.204
4,8,0.467,3.851
4,8,0.288,1.817
4,8,0.058,0.731
4,8,0.029,0.527
4,8,0.294,1.929
4,8,0.093,0.731
4,8,0.409,1.488
4,8,0.435,2.692
4,8,0.028,0.204
4,8,0.041,0.31
4,8,0.444,2.682
4,8,0.654,2.793
4,8,0.116,1.076
4,8,0.085,0.416
4,8,0.941,3.314
4,8,0.457,2.997
4,8,1.284,4.436
4,8,0.307,0.958
4,8,0.386,1.725
4,8,0.313,1.488
4,8,0.481,2.479
4,8,0.503,2.344
4,9,0.262,4.507
4,9,0.35,2.27
4,9,0.123,0.735
4,9,0.064,0.529
4,9,0.125,0.841
4,9,0.458,3.254
4,9,0.252,1.811
4,9,0.949,3.459
4,9,0.099,0.529
4,9,0.244,3.024
4,9,0.078,0.315
4,9,0.074,0.304
4,9,0.357,3.019
4,9,1.706,6.698
4,9,0.321,2.819
4,9,1.12,3.781
4,9,0.408,3.011
4,9,0.523,3.433
4,9,0.163,1.698
4,9,0.299,2.602
4,9,0.152,0.735
4,9,0.263,1.749
4,9,0.672,3.985
4,9,0.174,1.139
4,9,0.386,2.476
4,9,0.089,0.52
4,9,0.629,2.464
4,9,0.06,0.409
4,9,0.226,1.944
4,9,0.078,0.426
4,9,0.281,1.942
4,9,0.248,2.055
4,9,0.647,2.819
4,9,0.242,1.792
4,10,0.315,2.679
4,10,0.267,2.575
4,10,0.27,2.101
4,10,0.027,0.204
4,10,0.265,1.37
4,10,0.094,0.402
4,10,0.243,2.159
4,10,0.291,3.089
4,10,0.32,2.57
4,10,0.147,0.856
4,10,0.339,2.144
4,10,0.084,0.94
4,10,0.154,1.582
4,10,0.376,2.468
4,10,0.127,0.608
4,10,0.096,0.94
4,10,0.53,2.575
4,10,0.082,1.273
4,10,0.374,2.891
4,10,0.623,2.363
4,10,0.038,0.198
4,10,0.311,1.58
4,10,0.026,0.198
4,10,0.207,1.58
4,10,0.398,1.483
4,10,0.345,2.159
4,10,0.346,1.58
4,10,0.342,1.166
4,10,0.187,1.58
4,10,0.112,1.166
4,10,0.443,1.475
4,10,0.782,3.224
4,10,0.347,2.458
4,11,0.325,2.499
4,11,0.237,1.157
4,11,0.377,2.989
4,11,0.284,1.758
4,11,0.063,0.95
4,11,0.513,4.9
4,11,0.29,1.179
4,11,0.432,2.278
4,11,0.619,4.369
4,11,0.693,3.03
4,11,0.368,1.649
4,11,0.844,3.524
4,11,0.876,3.448
4,11,0.575,3.439
4,11,0.323,3.813
4,11,0.083,0.536
4,11,0.737,3.03
4,11,0.022,0.641
4,11,0.528,2.795
4,11,0.621,3.046
4,11,0.664,2.949
4,11,0.163,0.769
4,11,0.18,1.414
4,11,0.025,0.332
4,12,0.094,0.838
4,12,0.092,1.112
4,12,0.064,0.728
4,12,0.07,0.633
4,12,0.202,2.643
4,12,0.549,3.005
4,12,0.379,2.072
4,12,0.129,0.833
4,12,0.328,2.361
4,12,0.776,2.985
4,12,0.284,2.48
4,12,0.142,0.738
4,12,0.254,2.356
4,12,0.623,2.581
4,12,0.318,2.243
4,12,0.287,1.544
4,12,0.072,0.941
4,12,0.083,0.541
4,12,0.606,3.086
4,12,0.25,1.669
4,12,0.534,3.322
4,12,0.313,1.933
4,13,0.207,0.884
4,13,0.053,0.601
4,13,0.503,5.195
4,13,0.109,0.462
4,13,0.034,0.21
4,13,0.222,1.648
4,13,0.018,0.235
4,13,0.077,0.535
4,13,0.077,0.884
4,13,0.229,1.807
4,13,0.153,0.998
4,13,0.346,2.374
4,13,0.88,3.43
4,13,0.869,2.886
4,13,0.178,1.142
4,13,0.688,3.86
4,13,1.039,4.165
4,13,0.035,0.349
4,13,0.133,0.998
4,13,0.147,1.281
4,13,0.193,1.193
4,13,0.328,1.498
4,14,0.176,1.493
4,14,0.235,1.321
4,14,0.123,1.506
4,14,0.226,2.198
4,14,0.052,0.324
4,14,0.625,4.097
4,14,0.119,0.794
4,14,0.684,3.276
4,14,0.033,0.247
4,14,0.517,3.398
4,14,0.079,1.064
4,14,0.347,2.869
4,14,0.063,0.501
4,14,0.434,2.709
4,14,0.773,3.926
4,14,0.408,3.107
4,14,0.549,2.586
4,14,0.478,2.198
4,14,0.019,0.224
4,14,0.045,0.324
4,14,0.084,0.324
4,14,0.13,0.589
4,14,0.05,0.601
4,14,0.046,0.324
4,14,0.16,0.699
4,14,0.427,2.685
4,14,0.401,2.198
4,14,0.612,2.856
4,14,0.568,2.685
4,14,0.097,0.501
4,15,0.095,0.648
4,15,0.172,0.988
4,15,0.032,0.316
4,15,0.07,0.633
4,15,0.721,3.417
4,15,0.114,0.648
4,15,0.488,3.236
4,15,0.19,0.988
4,15,0.122,0.648
4,15,0.102,0.903
4,15,1.302,4.782
4,15,0.266,2.438
4,15,0.074,0.397
4,15,0.662,3.258
4,15,0.174,0.563
4,15,0.055,0.633
4,15,0.031,0.608
4,15,0.136,0.563
4,15,0.044,0.734
4,15,0.185,1.324
4,15,0.009,0.199
4,15,0.338,3.654
4,15,0.34,1.683
4,15,0.158,0.802
4,15,0.938,3.334
4,15,0.097,0.316
4,15,0.026,0.223
4,15,0.069,0.397
4,16,0.278,1.441
4,16,0.099,0.727
4,16,0.064,0.639
4,16,0.153,1.258
4,16,0.083,0.647
4,16,0.173,1.155
4,16,0.667,3.586
4,16,0.047,0.559
4,16,0.48,3.072
4,16,0.536,2.87
4,16,0.878,2.67
4,16,0.774,3.671
4,16,0.085,0.978
4,16,0.276,2.174
4,16,0.579,2.958
4,16,0.495,2.456
4,16,0.041,0.471
4,16,0.402,1.867
4,16,0.306,2.702
4,16,0.191,1.161
4,16,0.794,3.583
4,16,0.12,0.559
4,17,0.077,0.311
4,17,0.089,0.359
4,17,0.056,0.477
4,17,0.069,0.311
4,17,0.053,0.393
4,17,0.239,2.898
4,17,0.414,1.321
4,17,0.3,1.775
4,17,0.113,0.704
4,17,0.229,1.96
4,17,0.597,2.898
4,17,0.371,2.142
4,17,0.993,3.571
4,17,0.324,2.815
4,17,0.286,1.217
4,17,0.257,1.704
4,17,0.09,0.919
4,17,0.171,1.217
4,17,0.149,0.793
4,18,0.106,0.444
4,18,0.797,4.862
4,18,0.131,0.766
4,18,0.341,2.565
4,18,0.171,1.405
4,18,0.043,0.958
4,18,0.091,0.424
4,18,0.78,5.491
4,18,0.146,0.766
4,18,0.108,0.334
4,18,0.114,0.766
4,18,0.693,3.124
4,18,0.262,1.722
4,18,0.312,3.236
4,18,0.113,0.766
4,18,0.516,2.228
4,18,0.141,0.998
4,18,0.255,1.508
4,19,0.264,2.915
4,19,0.103,0.329
4,19,0.544,4.119
4,19,0.077,0.329
4,19,0.071,0.728
4,19,0.419,1.825
4,19,0.239,1.167
4,19,0.521,3.818
4,19,0.447,2.99
4,19,0.136,1.468
4,19,0.021,0.213
4,19,0.379,3.393
4,19,0.166,1.261
4,19,1.312,5.076
4,19,0.436,2.722
4,19,0.277,1.574
4,19,0.671,3.305
4,19,0.149,0.634
4,19,0.041,0.213
4,19,0.683,4.007
4,19,0.134,0.902
4,19,1.203,2.722
4,19,0.048,0.419
4,20,0.166,1.785
4,20,0.328,2.815
4,20,0.055,0.263
4,20,0.195,2.408
4,20,0.345,2.207
4,20,0.464,1.576
4,20,0.114,1.071
4,20,0.562,2.922
4,20,0.249,1.996
4,20,0.103,1.071
4,20,0.033,0.25
4,20,0.146,2.265
4,20,0.056,0.355
4,21,0.152,0.611
4,21,0.246,2.218
4,21,0.077,0.611
4,21,0.058,0.765
4,21,0.1,0.611
4,21,0.077,0.401
4,21,0.394,2.344
4,21,0.341,2.641
4,21,0.107,0.611
4,21,0.116,1.132
4,21,0.656,3.605
4,21,0.956,3.204
4,21,0.061,0.3
4,21,0.02,0.196
4,21,0.136,0.876
4,21,0.061,0.3
4,21,0.385,2.84
4,21,0.092,0.401
4,21,0.617,2.522
4,22,0.099,0.593
4,22,0.014,0.217
4,22,0.052,0.499
4,22,0.075,0.901
4,22,0.536,3.108
4,22,0.384,3.21
4,22,0.135,0.696
4,22,0.481,3.108
4,22,0.1,0.901
4,22,0.122,0.593
4,22,0.007,0.217
4,22,0.059,0.333
4,22,0.853,4.657
4,22,0.182,0.889
4,22,0.078,0.593
4,22,0.344,1.706
4,22,0.168,1.379
4,22,0.484,2.331
4,22,0.398,3.289
4,22,0.47,1.902
4,22,0.718,3.478
4,22,0.324,2.709
4,22,0.07,0.499
4,23,0.057,0.392
4,23,0.369,2.118
4,23,1.225,4.549
4,23,0.091,0.708
4,23,0.086,0.61
4,23,0.435,2.581
4,23,0.609,4.889
4,23,0.013,0.243
4,23,0.024,0.221
4,23,0.096,0.61
4,23,0.077,0.392
4,23,0.283,2.302
4,23,0.09,0.819
4,23,0.227,1.336
4,23,0.359,2.697
4,23,0.136,0.708
4,23,0.063,0.708
4,23,0.043,0.503
4,23,0.29,2.604
4,23,0.584,3.794
4,24,0.118,1.004
4,24,0.12,0.463
4,24,0.22,1.504
4,24,0.236,2.369
4,24,0.337,2.71
4,24,0.023,0.311
4,24,0.02,0.206
4,24,0.08,0.696
4,24,0.313,2.037
4,24,0.053,0.631
4,24,0.114,0.592
4,24,0.172,1.109
4,24,1.024,4.033
4,24,0.665,5.114
4,25,0.191,1.107
4,25,0.054,0.476
4,25,0.089,0.382
4,25,0.012,0.305
4,25,0.279,2.281
4,25,0.012,0.299
4,25,0.139,0.742
4,25,0.23,1.201
4,25,0.025,0.299
4,25,0.093,1.201
4,25,0.204,1.107
4,25,0.367,2.002
4,25,0.03,0.299
4,25,0.084,0.581
4,25,0.063,0.382
4,25,0.176,1.201
4,26,0.08,0.294
4,26,0.171,2.732
4,26,0.07,0.402
4,26,0.143,0.845
4,26,0.065,0.402
4,26,0.163,1.197
4,26,0.195,1.106
4,26,0.526,2.732
4,26,0.704,3.477
4,26,0.294,1.993
4,26,0.207,1.63
4,26,0.248,1.301
4,26,0.302,3.156
4,26,0.061,0.402
4,27,0.088,0.569
4,27,0.023,0.289
4,27,0.145,2.147
4,27,0.258,3.13
4,27,0.091,0.466
4,27,0.053,0.374
4,27,0.268,2.555
4,27,0.473,3.544
4,27,0.177,0.772
4,27,0.145,1.704
4,27,0.028,0.186
4,27,0.242,2.555
4,27,0.551,4.984
4,27,0.092,0.666
4,28,0.042,0.248
4,28,0.148,1.354
4,28,0.429,2.805
4,28,0.094,0.678
4,28,0.497,4.391
4,28,0.117,0.339
4,28,0.296,1.853
4,28,0.037,0.248
4,28,0.483,2.347
4,29,0.035,0.319
4,29,0.045,0.212
4,29,0.075,0.588
4,29,0.276,2.577
4,29,0.318,1.512
4,29,0.014,0.216
4,29,0.018,0.216
4,29,0.054,0.319
4,29,0.728,3.632
4,29,0.051,0.588
4,29,0.04,0.319
4,30,0.196,1.895
4,30,0.04,0.33
4,30,0.247,2.506
4,30,0.097,0.654
4,30,0.009,0.232
4,30,0.725,3.926
4,30,0.181,0.527
4,30,0.398,3.327
4,30,0.306,3.629
4,30,0.093,0.629
4,30,0.04,0.3
5,1,1.168,3.602
5,1,0.156,0.472
5,1,0.32,2.262
5,1,0.647,2.626
5,1,1.23,3.193
5,1,0.559,2.868
5,1,0.185,0.734
5,1,0.293,1.27
5,1,0.318,2.123
5,1,0.432,3.193
5,1,0.564,3.355
5,1,0.465,2.262
5,1,0.104,0.545
5,1,1.763,4.272
5,1,0.212,0.347
5,1,0.292,2.678
5,1,0.834,2.108
5,1,0.777,2.626
5,1,0.503,1.816
5,1,0.37,2.388
5,1,1.71,5.2
5,1,0.454,1.412
5,1,0.246,0.734
5,1,0.661,2.868
5,1,0.491,1.925
5,1,0.611,3.727
5,1,0.336,0.756
5,1,1.24,4.01
5,1,0.977,2.46
5,1,0.462,2.626
5,1,0.072,0.472
5,1,2.25,6.646
5,1,0.192,0.683
5,1,0.547,2.121
5,1,0.573,2.039
5,1,0.228,1.188
5,1,0.708,2.349
5,1,0.456,1.925
5,1,0.131,0.48
5,1,0.457,2.626
5,1,0.5,3.553
5,1,1.009,2.744
5,1,0.73,2.914
5,1,1.308,2.995
5,1,1.135,3.939
5,1,0.709,4.733
5,1,0.855,2.306
5,1,0.211,0.829
5,1,1.177,2.868
5,1,1.818,4.664
5,1,0.937,2.184
5,1,0.695,2.578
5,1,1.273,2.83
5,1,0.693,2.83
5,1,0.461,2.017
5,1,0.911,2.674
5,1,0.335,1.957
5,1,1.202,3.44
5,2,0.303,2.437
5,2,0.074,0.455
5,2,0.124,0.799
5,2,0.293,1.214
5,2,0.377,2.919
5,2,0.564,2.093
5,2,0.517,2.793
5,2,0.116,0.919
5,2,0.241,0.56
5,2,0.556,1.843
5,2,0.031,0.227
5,2,0.279,1.927
5,2,0.069,0.461
5,2,0.994,4.385
5,2,0.655,2.846
5,2,0.751,2.263
5,2,1.193,2.997
5,2,0.493,1.295
5,2,0.18,0.799
5,2,0.112,0.649
5,2,0.522,2.572
5,2,0.069,0.586
5,2,0.101,1.512
5,2,0.251,1.155
5,2,0.894,2.417
5,2,0.941,2.997
5,2,0.809,2.437
5,2,0.039,0.461
5,2,0.354,1.59
5,2,0.353,3.395
5,2,0.974,2.692
5,2,0.496,1.675
5,2,0.592,1.843
5,2,0.1,0.645
5,2,0.899,2.417
5,2,0.616,1.933
5,2,0.086,0.52
5,2,0.876,2.178
5,2,0.912,2.093
5,2,0.361,2.499
5,2,0.493,1.59
5,2,1.376,4.468
5,2,1.061,2.437
5,2,1.106,2.6
5,2,0.364,2.178
5,2,0.185,1.007
5,2,0.56,1.997
5,2,0.888,2.754
5,2,0.493,3.163
5,2,0.535,2
5,2,1.462,3.634
5,2,0.258,1.785
5,2,0.61,2.843
5,2,0.56,2.67
5,2,0.586,1.444
5,3,0.482,2.654
5,3,0.052,0.673
5,3,0.106,0.993
5,3,0.146,1.228
5,3,0.149,0.427
5,3,0.144,1.274
5,3,0.444,2.377
5,3,0.483,1.535
5,3,0.871,2.578
5,3,0.681,2.266
5,3,0.485,1.91
5,3,0.924,5.183
5,3,0.465,2.605
5,3,0.765,2.068
5,3,0.747,2.068
5,3,0.464,1.343
5,3,0.142,0.673
5,3,0.37,1.474
5,3,0.449,1.391
5,3,0.188,1.683
5,3,0.448,1.639
5,3,0.11,0.917
5,3,0.414,2.231
5,3,0.04,0.182
5,3,0.736,2.068
5,3,0.047,0.628
5,3,1.077,3.573
5,3,0.063,0.673
5,3,0.211,0.939
5,3,0.484,2.559
5,3,0.538,3.032
5,3,0.023,0.245
5,3,0.738,2.151
5,3,0.383,2.433
5,3,0.342,1.589
5,3,0.517,1.683
5,3,0.249,1.228
5,3,0.659,2.578
5,3,0.206,1.798
5,3,1.126,2.86
5,3,0.366,1.832
5,3,0.667,1.864
5,3,0.986,3.176
5,3,0.341,2.559
5,3,0.195,1.343
5,3,0.746,2.86
5,3,0.389,1.749
5,3,0.76,1.864
5,3,1.265,3.671
5,3,0.771,2.396
5,3,0.488,1.474
5,3,1.149,2.912
5,3,0.758,3.181
5,3,1.059,2.975
5,3,0.07,0.386
5,3,0.919,2.377
5,4,0.367,2.509
5,4,0.528,2.425
5,4,0.24,2.061
5,4,0.651,1.703
5,4,0.024,0.145
5,4,0.287,2.888
5,4,0.587,2.812
5,4,0.17,1.178
5,4,0.098,0.652
5,4,0.062,0.576
5,4,0.603,2.812
5,4,0.509,3.201
5,4,0.363,2.751
5,4,0.928,2.425
5,4,0.307,1.851
5,4,0.855,3.058
5,4,0.54,1.985
5,4,0.301,2.124
5,4,0.148,0.576
5,4,0.619,3.135
5,4,0.472,2.815
5,4,0.22,1.542
5,4,1.068,3.787
5,4,0.471,2.227
5,4,0.174,1.011
5,4,0.572,2.966
5,4,0.925,2.212
5,4,0.288,2.501
5,4,0.499,1.848
5,4,1.303,4.075
5,4,0.207,0.868
5,4,0.246,1.19
5,4,0.273,1.772
5,4,0.782,2.212
5,4,0.223,1.851
5,4,0.184,0.935
5,4,0.214,0.935
5,4,0.509,2.277
5,4,0.881,2.814
5,4,0.085,0.359
5,4,0.596,3.787
5,4,0.152,0.738
5,4,0.015,0.301
5,4,0.965,3.114
5,4,1.007,2.34
5,4,0.293,1.985
5,4,0.907,3.999
5,4,0.558,2.416
5,4,0.847,2.273
5,4,0.01,0.136
5,4,0.532,1.917
5,4,0.308,2.34
5,4,0.866,2.812
5,4,0.086,0.473
5,4,0.434,1.985
5,4,1.068,3.285
5,4,0.804,3.451
5,4,0.624,1.985
5,4,0.294,1.708
5,4,0.568,2.592
5,4,1.24,3.135
5,5,0.975,3.128
5,5,0.145,0.921
5,5,0.079,0.921
5,5,0.613,1.974
5,5,0.121,0.721
5,5,0.859,2.589
5,5,0.326,1.803
5,5,0.413,1.774
5,5,0.678,2.307
5,5,0.227,1.152
5,5,0.497,2.357
5,5,0.529,3.051
5,5,0.445,3.378
5,5,0.775,2.7
5,5,0.536,2.506
5,5,0.31,1.603
5,5,1.156,3.462
5,5,0.099,1.036
5,5,0.391,2.225
5,5,0.449,1.404
5,5,0.479,2.152
5,5,0.675,2.506
5,5,0.207,1.692
5,5,0.157,0.643
5,5,0.095,0.663
5,5,0.457,2.621
5,5,0.704,2.506
5,5,0.202,0.418
5,5,0.29,2.421
5,5,1.56,3.861
5,5,0.411,3.207
5,5,0.533,2.965
5,5,0.039,0.336
5,5,0.669,2.056
5,5,0.188,1.71
5,5,0.524,2.457
5,5,0.049,0.264
5,5,0.296,2.025
5,5,0.572,1.719
5,5,0.56,2.621
5,5,0.268,2.12
5,5,0.651,1.651
5,5,0.376,1.366
5,5,0.845,3.632
5,5,0.606,2.457
5,5,0.045,0.418
5,5,0.603,1.603
5,5,0.964,3.178
5,5,0.456,1.692
5,5,0.922,2.621
5,5,0.076,0.418
5,6,0.677,2.662
5,6,0.068,0.666
5,6,0.32,2.83
5,6,0.393,3.652
5,6,0.38,2.17
5,6,0.836,3.005
5,6,0.205,1.575
5,6,0.673,3.249
5,6,0.055,1.074
5,6,0.231,1.493
5,6,0.152,1.405
5,6,0.355,1.405
5,6,0.622,2.338
5,6,0.446,1.757
5,6,0.409,2.414
5,6,0.47,2.164
5,6,0.17,0.587
5,6,0.737,2.335
5,6,1.401,4.155
5,6,0.127,1.008
5,6,0.228,1.74
5,6,0.04,0.244
5,6,0.976,3.746
5,6,0.464,3
5,6,0.079,0.418
5,6,0.372,1.983
5,6,1.093,3.656
5,6,0.103,0.513
5,6,1.4,4.408
5,6,0.397,2.335
5,6,0.588,1.829
5,6,0.394,1.743
5,6,0.287,1.922
5,6,0.125,0.51
5,6,0.699,1.999
5,6,1.042,3.404
5,6,0.055,0.418
5,6,0.705,2.5
5,6,1.064,3.168
5,6,0.57,3.911
5,6,0.396,2.158
5,6,0.618,2.5
5,6,0.677,3.006
5,6,0.173,1.743
5,6,0.703,2.414
5,6,0.69,2.247
5,6,0.234,1.164
5,6,0.92,3.318
5,6,0.908,2.414
5,6,0.438,2.335
5,6,0.081,0.755
5,6,0.022,0.264
5,6,0.981,3.089
5,6,0.667,2.667
5,7,0.326,2.243
5,7,0.622,2.148
5,7,0.357,2.565
5,7,0.389,2.565
5,7,0.329,2.4
5,7,0.718,2.86
5,7,0.128,0.758
5,7,0.679,2.312
5,7,0.733,3.199
5,7,0.446,1.427
5,7,0.298,1.162
5,7,0.785,2.962
5,7,0.03,0.357
5,7,0.466,4.243
5,7,0.418,2.962
5,7,0.121,0.672
5,7,0.016,0.229
5,7,0.709,3.108
5,7,0.162,1.598
5,7,0.666,2.707
5,7,0.754,2.707
5,7,0.443,2.164
5,7,0.179,1.345
5,7,0.269,1.519
5,7,0.039,0.357
5,7,0.338,1.844
5,7,0.023,0.164
5,7,0.303,2.644
5,7,0.32,1.769
5,7,0.252,2.084
5,7,0.677,2.487
5,7,0.812,2.565
5,7,0.025,0.164
5,7,0.967,3.108
5,7,0.217,1.872
5,7,0.596,2.565
5,7,0.867,2.605
5,8,0.098,0.714
5,8,0.442,1.99
5,8,0.618,3.042
5,8,1.043,3.898
5,8,0.198,0.997
5,8,0.314,2.247
5,8,0.637,2.785
5,8,0.4,2.306
5,8,0.334,1.857
5,8,0.594,1.875
5,8,0.132,1.581
5,8,0.583,2.383
5,8,0.438,1.786
5,8,0.87,3.123
5,8,0.302,2.072
5,8,0.311,2.766
5,8,0.51,2.785
5,8,0.467,2.247
5,8,0.441,4.465
5,8,0.156,0.718
5,8,0.036,0.396
5,8,0.66,2.532
5,8,0.452,3.367
5,8,0.208,0.795
5,8,0.423,2.627
5,8,0.517,2.532
5,8,0.845,2.072
5,8,0.407,1.906
5,8,0.641,2.63
5,8,1.251,3.769
5,8,0.362,3.004
5,8,0.043,0.831
5,8,0.396,2.532
5,8,0.075,0.394
5,8,0.045,0.745
5,8,0.06,0.915
5,8,0.519,1.581
5,8,1.012,2.785
5,8,0.092,0.997
5,8,1.246,3.259
5,8,0.625,2.868
5,8,0.19,1.334
5,8,0.938,4.162
5,8,0.618,2.164
5,8,0.948,2.322
5,9,0.169,1.955
5,9,0.101,0.505
5,9,0.456,2.049
5,9,0.564,2.267
5,9,0.404,2.195
5,9,0.131,0.446
5,9,0.372,2.267
5,9,0.085,0.341
5,9,1.238,4.239
5,9,0.095,0.66
5,9,0.216,1.528
5,9,0.391,2.117
5,9,0.941,3.274
5,9,0.607,2.516
5,9,0.175,1.088
5,9,0.837,2.267
5,9,0.13,1.528
5,9,0.183,0.841
5,9,0.532,2.036
5,9,0.368,3.274
5,9,0.767,5.001
5,9,0.269,2.376
5,9,0.722,2.13
5,9,0.327,2.448
5,9,0.776,4.407
5,9,0.414,2.298
5,9,0.559,2.195
5,9,0.146,1.355
5,9,0.266,1.519
5,9,0.073,0.446
5,9,0.078,1.528
5,9,0.429,1.626
5,9,0.422,2.036
5,9,0.369,2.036
5,9,0.033,0.262
5,9,0.37,0.895
5,9,0.897,2.617
5,9,0.059,0.262
5,9,0.103,0.341
5,9,0.889,2.711
5,10,0.567,2.545
5,10,0.098,0.697
5,10,0.489,3.375
5,10,0.014,0.285
5,10,0.182,0.823
5,10,0.287,2.625
5,10,0.011,0.285
5,10,0.273,2.786
5,10,0.507,2.545
5,10,0.123,1.075
5,10,0.118,0.852
5,10,0.205,2.455
5,10,0.631,3.21
5,10,0.023,0.436
5,10,0.057,0.403
5,10,0.329,1.862
5,10,0.007,0.285
5,10,0.684,3.457
5,10,0.417,2.773
5,10,0.473,2.035
5,10,0.601,1.948
5,10,0.586,2.971
5,10,0.446,1.577
5,10,0.315,2.871
5,10,0.221,1.616
5,10,0.52,1.862
5,10,0.561,1.948
5,10,0.452,2.871
5,10,0.75,2.971
5,10,0.781,2.958
5,10,0.06,0.516
5,10,0.148,1.609
5,10,0.019,0.285
5,10,0.286,1.664
5,10,0.107,0.516
5,10,0.442,1.664
5,10,0.033,0.361
5,10,0.33,2.67
5,10,0.784,2.617
5,10,0.153,1.021
5,10,1.038,3.225
5,10,0.119,0.436
5,10,0.523,2.71
5,11,0.193,2.229
5,11,0.164,2.229
5,11,0.274,1.303
5,11,0.214,1.303
5,11,0.083,0.44
5,11,0.137,0.859
5,11,0.346,1.565
5,11,0.202,2.333
5,11,0.035,0.252
5,11,0.662,2.836
5,11,0.414,3.211
5,11,0.281,1.645
5,11,0.549,3.046
5,11,0.218,1.478
5,11,0.434,3.298
5,11,0.256,1.219
5,11,0.067,0.44
5,11,0.221,3.298
5,11,0.22,0.878
5,11,0.587,2.645
5,11,0.753,4.457
5,11,0.395,2.565
5,11,0.56,3.057
5,11,0.436,2.664
5,11,0.423,2.478
5,11,0.293,2.14
5,11,0.594,4.113
5,11,0.915,3.137
5,11,0.492,2.307
5,11,0.234,1.803
5,11,0.567,3.63
5,11,0.26,2.06
5,11,0.156,0.885
5,11,0.425,1.73
5,11,0.096,0.798
5,11,0.112,0.44
5,11,0.701,3.137
5,11,0.683,2.307
5,11,0.707,2.314
5,11,0.14,1.303
5,11,0.365,2.565
5,11,0.351,1.888
5,11,0.565,1.891
5,11,0.02,0.274
5,11,0.432,1.803
5,12,0.111,0.878
5,12,0.783,4.466
5,12,0.043,0.717
5,12,0.087,0.562
5,12,0.792,3.545
5,12,0.013,0.235
5,12,0.205,1.445
5,12,0.463,1.212
5,12,0.129,0.885
5,12,0.117,0.813
5,12,0.089,0.885
5,12,0.26,1.887
5,12,0.546,2.536
5,12,0.516,3.676
5,12,0.24,2.057
5,12,0.523,2.369
5,12,0.399,2.034
5,12,0.451,2.119
5,12,0.034,0.527
5,12,0.073,0.391
5,12,0.635,2.215
5,12,0.566,2.044
5,12,0.198,1.003
5,12,0.512,3.017
5,12,0.032,0.311
5,12,1.448,5.33
5,12,0.035,0.311
5,12,0.37,2.215
5,12,0.691,2.044
5,12,0.311,1.799
5,12,0.033,0.391
5,12,0.559,2.622
5,12,0.091,0.396
5,12,0.083,0.396
5,12,0.657,2.536
5,12,0.521,2.536
5,12,0.751,2.926
5,12,0.248,1.195
5,13,0.059,0.561
5,13,0.277,2.371
5,13,0.878,3.868
5,13,0.76,2.746
5,13,0.197,0.867
5,13,0.083,0.32
5,13,0.561,2.824
5,13,0.495,2.452
5,13,0.3,2.987
5,13,0.023,0.155
5,13,0.274,1.487
5,13,0.804,4.941
5,13,0.621,3.87
5,13,1.075,3.727
5,13,0.343,2.401
5,13,0.798,2.993
5,13,0.75,3.783
5,13,0.053,0.32
5,13,0.662,2.737
5,13,0.051,0.32
5,13,0.187,1.921
5,13,0.029,0.305
5,13,0.055,0.784
5,13,1.185,4.457
5,13,0.285,2.271
5,13,0.101,0.635
5,13,0.495,3.237
5,13,0.469,2.147
5,13,0.024,0.233
5,13,0.819,2.238
5,14,0.166,1.387
5,14,0.448,2.753
5,14,0.112,1.169
5,14,0.068,0.658
5,14,0.595,2.604
5,14,0.128,0.672
5,14,0.43,2.61
5,14,0.133,1.85
5,14,0.21,1.131
5,14,0.337,2.27
5,14,0.51,2.357
5,14,0.747,3.382
5,14,0.559,4.139
5,14,0.31,2.27
5,14,0.202,2.686
5,14,0.027,0.438
5,14,0.493,2.686
5,14,0.671,2.442
5,14,0.447,3.216
5,14,0.663,1.783
5,14,0.024,0.295
5,14,0.068,0.379
5,14,0.443,2.02
5,14,0.881,2.753
5,14,0.087,0.463
5,14,0.325,1.539
5,14,0.547,2.27
5,14,1.055,5.06
5,14,0.346,1.569
5,14,0.72,2.02
5,15,0.556,2.605
5,15,0.864,4.829
5,15,0.502,2.465
5,15,0.068,0.717
5,15,0.03,0.193
5,15,0.206,2.472
5,15,0.091,0.969
5,15,0.443,2.959
5,15,0.378,2.929
5,15,0.063,0.17
5,15,0.418,3.125
5,15,0.312,2.534
5,15,0.015,0.193
5,15,0.323,2.035
5,15,0.983,4.64
5,15,0.145,1.571
5,15,1.205,3.114
5,15,0.212,1.078
5,15,0.583,2.035
5,15,0.797,3.289
5,15,0.785,3.503
5,15,0.547,4.306
5,15,0.677,4.496
5,15,0.534,3.837
5,15,0.733,3.001
5,15,0.096,0.487
5,16,0.302,3.126
5,16,0.051,0.326
5,16,0.091,1.385
5,16,0.046,0.5
5,16,0.022,0.415
5,16,0.63,2.37
5,16,0.399,2.207
5,16,0.446,1.523
5,16,0.949,3.125
5,16,0.047,0.582
5,16,1.05,4.971
5,16,0.159,1.383
5,16,0.455,2.369
5,16,0.563,4.569
5,16,0.288,2.45
5,16,0.56,1.697
5,16,0.031,0.333
5,16,0.042,0.415
5,16,0.235,3.205
5,16,0.77,3.461
5,16,0.455,1.86
5,17,0.121,0.4
5,17,0.189,0.758
5,17,0.069,0.374
5,17,0.631,4.013
5,17,0.038,0.335
5,17,0.079,1.134
5,17,0.059,0.512
5,17,0.625,2.93
5,17,1.406,5.616
5,17,0.212,1.622
5,17,0.033,0.335
5,17,0.336,1.962
5,17,0.431,2.406
5,17,0.097,0.335
5,17,0.24,2.503
5,17,0.057,0.374
5,17,0.166,1.018
5,17,0.385,2.723
5,17,0.057,0.4
5,17,0.488,3.019
5,17,0.093,0.805
5,17,0.069,0.642
5,17,0.078,0.444
5,17,0.407,2.93
5,17,0.223,1.869
5,17,0.536,3.108
5,17,0.218,1.753
5,18,0.068,0.44
5,18,0.088,0.36
5,18,0.547,3.572
5,18,0.034,0.352
5,18,0.14,0.709
5,18,0.554,3.962
5,18,0.609,4.072
5,18,0.094,0.291
5,18,0.235,1.306
5,18,0.294,2.715
5,18,0.045,0.291
5,18,0.392,2.054
5,18,0.047,0.291
5,18,0.705,3.495
5,18,0.302,1.616
5,18,0.109,0.883
5,18,0.1,0.291
5,18,0.542,2.831
5,18,0.051,0.605
5,18,0.156,0.605
5,19,0.08,0.375
5,19,0.083,0.483
5,19,0.815,5.459
5,19,0.131,0.305
5,19,0.812,3.879
5,19,0.024,0.25
5,19,0.051,0.343
5,19,0.221,2.736
5,19,0.074,0.305
5,19,0.248,2.329
5,19,0.054,0.375
5,19,0.191,0.8
5,19,0.244,1.622
5,19,0.04,0.405
5,19,0.546,3.956
5,19,0.087,0.595
5,19,0.548,2.612
5,19,0.044,0.25
5,19,0.535,3.529
5,19,0.345,1.526
5,19,0.878,3.883
5,19,0.035,0.25
5,19,0.031,0.154
5,19,0.494,1.999
5,19,0.066,0.468
5,19,0.832,3.152
5,19,0.44,2.483
5,19,0.181,1.122
5,20,0.104,0.482
5,20,0.024,0.343
5,20,0.188,2.036
5,20,0.203,1.887
5,20,0.313,3.732
5,20,0.054,0.412
5,20,0.124,0.294
5,20,0.511,2.853
5,20,0.374,2.704
5,20,0.272,2.137
5,20,0.42,3.25
5,20,0.631,3.521
5,20,0.834,3.521
5,20,0.611,4.47
5,20,0.034,0.294
5,20,0.056,0.507
5,20,0.033,0.159
5,20,0.06,0.159
5,20,0.384,2.704
5,20,0.096,0.821
5,20,0.235,2.554
5,20,0.007,0.162
5,21,0.099,0.567
5,21,0.441,2.685
5,21,0.454,3.503
5,21,0.339,2.515
5,21,0.084,0.352
5,21,0.013,0.183
5,21,0.024,0.392
5,21,0.282,2.049
5,21,0.154,1.495
5,21,0.033,0.361
5,21,0.012,0.168
5,21,0.088,0.453
5,21,0.087,0.538
5,21,0.027,0.272
5,21,0.04,0.31
5,22,0.064,0.275
5,22,0.26,1.426
5,22,0.062,0.495
5,22,0.449,2.082
5,22,0.313,0.881
5,22,0.07,0.21
5,22,0.038,0.43
5,22,0.083,0.375
5,22,0.087,0.375
5,22,0.252,2.309
5,22,0.48,3.334
5,22,0.098,0.672
5,22,0.085,0.503
5,22,0.07,0.375
5,22,0.064,0.21
5,22,0.24,1.721
5,22,0.089,0.43
5,22,0.104,0.672
5,22,0.099,0.21
5,22,0.266,1.888
5,22,0.077,0.44
5,22,0.47,2.816
5,22,0.593,2.816
5,22,0.069,0.141
5,22,0.577,2.707
5,22,0.299,2.173
5,22,0.062,0.275
5,23,0.575,4.276
5,23,0.027,0.33
5,23,0.122,0.794
5,23,0.033,0.332
5,23,0.585,2.952
5,23,0.006,0.213
5,23,0.513,3.609
5,23,0.197,1.502
5,23,0.047,0.665
5,23,0.035,0.33
5,23,0.249,1.574
5,23,0.095,1.223
5,23,0.281,2.386
5,23,0.239,2.136
5,23,0.054,0.332
5,23,0.038,0.354
5,23,0.36,3.211
5,23,0.493,2.116
5,23,0.028,0.396
5,23,0.153,0.671
5,23,0.043,0.202
5,23,0.322,1.845
5,23,0.083,0.459
5,24,0.116,0.798
5,24,0.041,0.501
5,24,0.103,0.589
5,24,0.091,1.115
5,24,0.084,0.577
5,24,0.104,0.302
5,24,0.145,0.853
5,24,0.049,0.307
5,24,0.215,1.952
5,24,0.04,0.577
5,24,0.148,0.501
5,24,0.561,4.609
5,24,0.042,0.369
5,24,0.055,0.307
5,24,0.168,0.803
5,24,0.235,1.416
5,24,0.033,0.16
5,24,0.05,0.434
5,24,0.023,0.158
5,24,0.356,1.727
5,24,0.076,0.445
5,24,0.022,0.236
5,24,0.032,0.158
5,24,0.064,0.369
5,24,0.083,0.844
5,24,0.01,0.158
5,24,0.17,1.715
5,24,0.384,2.274
5,24,0.228,1.764
5,24,0.337,3.587
5,24,0.706,5.034
5,24,0.108,0.853
5,24,0.163,0.917
5,24,0.174,0.583
5,25,0.231,1.273
5,25,0.408,4.356
5,25,0.398,1.185
5,25,0.096,0.702
5,25,0.074,0.456
5,25,0.076,0.672
5,25,0.256,1.862
5,25,0.691,3.226
5,25,0.104,0.741
5,25,0.274,1.099
5,25,0.23,1.121
5,25,0.056,0.296
5,25,0.404,1.969
5,25,0.028,0.211
5,25,0.317,1.827
5,25,0.242,1.18
5,25,0.317,2.413
5,25,0.623,2.718
5,25,0.054,0.446
5,25,0.09,0.377
5,25,0.101,0.787
5,25,0.109,0.535
5,25,0.43,2.131
5,25,0.086,0.619
5,25,0.118,1.185
5,25,0.051,0.456
5,25,0.287,3.099
5,25,0.618,4.628
5,25,0.078,0.619
5,25,0.072,0.456
5,25,0.21,1.69
5,25,0.661,2.185
5,25,0.104,0.456
5,26,0.574,3.969
5,26,0.141,0.729
5,26,0.626,3.799
5,26,0.213,1.264
5,26,0.072,0.434
5,26,0.455,2.429
5,26,0.019,0.265
5,26,0.203,0.904
5,26,0.232,3.069
5,26,0.385,2.369
5,26,0.195,1.072
5,26,0.101,0.607
5,26,0.091,0.434
5,26,0.045,0.462
5,26,0.349,3.066
5,26,0.064,0.688
5,26,0.022,0.312
5,26,0.093,0.688
5,26,0.263,1.613
5,26,0.179,0.916
5,26,0.02,0.169
5,26,0.066,0.504
5,26,0.137,0.985
5,26,0.102,0.607
5,26,0.128,0.694
5,26,0.069,0.375
5,26,0.08,0.607
5,26,0.411,0.904
5,26,0.178,1.235
5,26,0.202,1.513
5,26,0.128,0.985
5,27,0.049,0.252
5,27,0.125,0.583
5,27,0.049,0.332
5,27,0.053,0.319
5,27,0.558,2.536
5,27,0.036,0.337
5,27,0.028,0.165
5,27,0.035,0.407
5,27,0.038,0.416
5,27,0.335,1.621
5,27,0.066,0.668
5,27,0.017,0.165
5,27,0.085,0.755
5,27,0.188,0.753
5,27,0.092,0.658
5,27,0.141,0.583
5,27,0.943,3.839
5,27,0.153,1.621
5,27,0.03,0.4
5,27,0.199,1.13
5,27,0.291,2.138
5,27,0.106,0.504
5,27,0.056,0.319
5,28,0.537,2.508
5,28,0.571,5.164
5,28,0.116,0.726
5,28,0.075,0.391
5,28,0.052,0.169
5,28,0.075,0.798
5,28,0.04,0.56
5,28,0.045,0.391
5,28,0.115,1.441
5,28,0.105,0.391
5,28,0.588,3.013
5,28,0.032,0.475
5,28,0.585,4.358
5,28,0.294,2.065
5,28,0.71,4.306
5,28,0.026,0.337
5,28,0.412,1.376
5,28,0.16,0.801
5,28,0.103,0.56
5,28,0.23,2.616
5,28,0.234,1.606
5,29,0.227,2.542
5,29,0.037,0.357
5,29,0.35,2.71
5,29,0.047,0.346
5,29,0.031,0.326
5,29,0.081,0.807
5,29,0.615,3.821
5,29,0.151,1.066
5,29,0.087,0.807
5,29,0.135,0.466
5,29,0.021,0.28
5,29,0.577,4.518
5,29,0.129,0.799
5,29,0.134,0.725
5,29,0.515,1.88
5,29,0.083,0.959
5,29,0.094,1.278
5,29,0.213,1.172
5,29,0.018,0.195
5,29,0.853,5.656
5,29,0.015,0.272
5,29,0.045,0.521
5,29,0.078,0.439
5,30,0.177,1.535
5,30,0.111,0.647
5,30,0.687,3.991
5,30,0.041,0.332
5,30,0.063,0.576
5,30,0.943,6.424
5,30,0.043,0.378
5,30,0.128,0.899
5,30,0.055,0.441
5,30,0.169,0.126
5,30,0.315,1.533
5,30,0.051,0.189
5,30,0.477,2.9
5,30,0.899,3.803
5,30,0.201,1.031
