1,1,1.29,3.173
1,1,1.606,4.618
1,1,0.995,2.854
1,1,1.098,2.925
1,1,1.414,3.574
1,1,0.821,2.725
1,1,0.623,2.131
1,1,1.615,3.574
1,1,0.631,1.995
1,1,1.121,3.857
1,1,1.71,3.937
1,1,1.091,3.173
1,1,0.704,2.296
1,1,1.42,3.733
1,1,1.289,3.45
1,1,0.229,0.841
1,1,1.541,4.095
1,1,1.064,2.932
1,1,0.769,2.129
1,1,0.913,2.296
1,1,1.307,3.411
1,1,1.124,3.332
1,1,0.555,1.126
1,1,1.419,3.813
1,1,0.664,1.808
1,1,1.86,4.419
1,1,1.61,4.419
1,1,1.283,4.269
1,1,1.01,2.933
1,1,0.635,1.286
1,1,0.733,2.129
1,1,1.025,2.611
1,1,0.991,2.611
1,1,0.829,2.488
1,1,0.655,1.995
1,1,0.749,1.969
1,1,1.993,5.421
1,1,1.016,3.173
1,1,0.736,2.689
1,1,1.153,3.332
1,1,1.896,5.942
1,1,0.153,0.724
1,1,0.922,2.296
1,1,2.132,5.26
1,1,0.775,2.408
1,1,1.173,3.655
1,1,0.94,2.367
1,1,0.707,2.296
1,1,1.771,4.13
1,1,1.063,2.531
1,1,0.333,1.078
1,1,0.906,2.768
1,1,1.083,3.332
1,1,0.506,1.526
1,1,1.747,4.016
1,1,1.072,3.537
1,1,1.065,2.932
1,1,1.311,3.494
1,1,0.554,1.367
1,1,0.692,2.21
1,1,0.538,1.569
1,1,1.517,3.655
1,1,1.899,5.182
1,1,1.313,3.012
1,1,0.877,2.808
1,1,0.739,2.611
1,2,1.689,4.564
1,2,0.908,3.13
1,2,0.937,2.63
1,2,0.83,2.396
1,2,1.661,4.083
1,2,1.715,4.284
1,2,0.818,2.167
1,2,1.446,4.268
1,2,0.406,1.068
1,2,1.173,3.076
1,2,0.493,1.884
1,2,0.344,1.253
1,2,1.048,3.518
1,2,1.683,3.887
1,2,1.552,3.518
1,2,0.892,2.396
1,2,0.713,2.416
1,2,1.332,3.277
1,2,1.211,3.397
1,2,0.454,1.068
1,2,0.774,2.487
1,2,0.525,1.269
1,2,1.131,3.197
1,2,1.007,2.752
1,2,1.683,4.042
1,2,1.331,3.451
1,2,1.062,3.769
1,2,1.812,4.735
1,2,0.927,2.323
1,2,0.614,2.275
1,2,1.276,3.435
1,2,1.18,2.92
1,2,0.022,0.145
1,2,1.507,3.887
1,2,0.634,2.074
1,2,0.667,2.074
1,2,0.23,0.844
1,2,1.018,2.679
1,2,0.636,2.116
1,2,0.408,1.001
1,2,0.609,2.81
1,2,0.571,1.552
1,2,1.228,3.116
1,2,2.327,6.775
1,2,0.763,2.487
1,2,1.421,3.559
1,2,1.222,2.679
1,2,1.546,3.637
1,2,1.279,3.197
1,2,0.804,2.116
1,2,0.366,1.224
1,2,1.395,3.236
1,2,0.585,1.632
1,2,1.067,2.679
1,2,0.969,2.196
1,2,1.776,4.083
1,3,1.426,3.693
1,3,0.836,2.771
1,3,0.991,2.135
1,3,1.047,2.897
1,3,0.834,2.609
1,3,0.527,1.367
1,3,0.147,0.762
1,3,1.199,3.491
1,3,1.42,3.449
1,3,0.528,1.408
1,3,0.59,2.249
1,3,0.436,1.325
1,3,0.897,2.057
1,3,0.023,0.082
1,3,0.533,1.884
1,3,1.21,2.85
1,3,0.87,1.926
1,3,1.002,3.224
1,3,2.133,5.301
1,3,0.907,2.771
1,3,0.772,3.302
1,3,1.115,2.897
1,3,1.036,2.057
1,3,0.015,0.12
1,3,0.54,1.727
1,3,2.011,5.14
1,3,1.515,3.932
1,3,1.418,3.814
1,3,1.1,3.133
1,3,0.303,1.363
1,3,1.897,4.899
1,3,1.327,3.091
1,3,0.81,2.651
1,3,0.688,2.612
1,3,0.522,1.725
1,3,0.534,1.802
1,3,0.729,2.547
1,3,1.468,4.134
1,3,0.574,1.888
1,3,0.856,2.409
1,3,0.802,2.331
1,3,0.727,1.936
1,3,1.079,2.361
1,3,0.905,2.469
1,3,1.902,4.615
1,3,0.016,0.12
1,3,1.016,2.573
1,3,1.574,4.575
1,3,0.747,2.409
1,3,0.639,2.772
1,3,1.152,3.302
1,3,0.597,2.327
1,3,1.369,3.344
1,3,1.285,3.571
1,3,0.934,2.053
1,3,1.177,3.41
1,3,0.61,1.969
1,3,2.019,5.022
1,3,1.182,2.85
1,3,1.322,3.302
1,3,1.193,2.897
1,3,0.007,0.12
1,3,0.216,0.799
1,3,1.672,3.813
1,3,0.713,2.053
1,4,0.957,2.605
1,4,2.004,4.658
1,4,0.585,2.283
1,4,1.451,3.895
1,4,0.984,2.929
1,4,0.425,2.048
1,4,1.29,3.459
1,4,1.017,3.363
1,4,0.806,2.527
1,4,0.954,2.365
1,4,1.252,3.333
1,4,1.11,2.776
1,4,1.043,2.929
1,4,0.02,0.119
1,4,0.032,0.157
1,4,0.013,0.119
1,4,0.907,3.088
1,4,0.949,2.202
1,4,1.358,3.21
1,4,1.139,3.938
1,4,0.855,2.45
1,4,1.502,3.936
1,4,0.894,2.73
1,4,1.248,3.411
1,4,1.057,3.33
1,4,0.016,0.157
1,4,0.436,1.565
1,4,0.013,0.157
1,4,1.068,2.57
1,4,0.891,2.854
1,4,0.631,2.605
1,4,1.156,3.21
1,4,1.506,3.976
1,4,0.291,0.962
1,4,1.59,3.895
1,4,0.722,1.804
1,4,0.026,0.157
1,4,0.917,2.129
1,4,0.485,2.129
1,4,0.575,1.805
1,4,1.245,3.088
1,4,0.54,1.565
1,4,0.889,2.608
1,4,0.254,1.277
1,4,1.069,2.648
1,4,0.658,1.805
1,4,1.305,3.21
1,5,0.529,1.918
1,5,0.411,1.485
1,5,0.937,3.12
1,5,0.337,1.161
1,5,0.072,0.403
1,5,0.962,2.851
1,5,0.635,2.062
1,5,0.437,1.643
1,5,0.561,1.805
1,5,1.455,4.051
1,5,0.732,2.64
1,5,0.024,0.102
1,5,0.585,2.287
1,5,0.442,1.765
1,5,0.479,1.765
1,5,0.533,1.971
1,5,0.816,3.011
1,5,0.507,1.602
1,5,0.709,2.488
1,5,0.822,2.596
1,5,1.297,3.251
1,5,0.518,1.805
1,5,0.864,2.969
1,5,0.015,0.119
1,5,1.264,4.013
1,5,0.849,3.365
1,5,0.715,2.004
1,5,1.142,2.81
1,5,0.835,3.086
1,5,0.97,2.847
1,5,0.595,2.223
1,5,0.962,2.488
1,5,1.116,3.365
1,5,0.566,2.223
1,5,1.049,2.326
1,5,0.547,1.643
1,5,0.762,2.529
1,5,0.66,2.611
1,5,0.395,1.97
1,5,0.888,2.791
1,5,1.719,4.575
1,5,1.315,3.12
1,5,0.717,2.004
1,5,1.213,3.452
1,5,0.537,1.845
1,5,0.964,2.408
1,5,0.991,2.851
1,5,1.093,2.969
1,5,0.016,0.119
1,5,0.373,1.49
1,5,1.242,3.053
1,5,1.124,3.12
1,5,1.446,4.013
1,5,1.31,3.452
1,5,1.019,2.682
1,5,0.555,1.926
1,5,0.321,1.168
1,5,0,0.102
1,5,0.295,1.362
1,6,0.019,0.153
1,6,0.62,2.567
1,6,0.525,1.88
1,6,0.59,1.973
1,6,0.656,3.04
1,6,0.608,1.645
1,6,0.217,1.082
1,6,0.833,2.567
1,6,0.32,1.445
1,6,0.5,1.973
1,6,0.724,2.52
1,6,1.215,3.44
1,6,1.557,4.214
1,6,1.068,2.935
1,6,0.47,2.17
1,6,0.869,2.85
1,6,0.557,1.367
1,6,1.234,3.372
1,6,0.49,1.973
1,6,0.022,0.153
1,6,1.78,4.373
1,6,0.587,1.555
1,6,1.252,3.693
1,6,0.806,2.689
1,6,0.813,3.291
1,6,1.204,3.088
1,6,0.58,1.766
1,6,0.718,2.647
1,6,0.018,0.197
1,6,1.44,4.214
1,6,0.517,1.973
1,6,0.441,1.846
1,6,0.467,1.686
1,6,1.084,3.049
1,6,1.869,4.775
1,6,0.683,1.885
1,6,0.419,2.053
1,6,0.763,2.367
1,6,0.497,1.645
1,6,1.065,2.567
1,6,1.023,3.291
1,6,0.731,2.966
1,6,1.027,2.966
1,6,1.138,3.129
1,6,0.752,2.728
1,6,0.783,2.767
1,6,1.407,3.282
1,6,1.576,3.571
1,6,0.816,2.407
1,6,1.052,2.728
1,6,0.496,1.689
1,6,1.417,3.491
1,6,0.888,2.367
1,6,1.221,3.25
1,6,1.144,3.088
1,6,0.366,1.171
1,6,0.818,2.721
1,6,0.43,1.316
1,6,0.423,1.727
1,7,0.591,2.171
1,7,0.461,1.809
1,7,0.587,2.41
1,7,0.363,1.529
1,7,0.362,1.454
1,7,0.954,3.256
1,7,1.133,3.817
1,7,0.018,0.123
1,7,0.177,0.925
1,7,0.383,1.166
1,7,0.631,1.711
1,7,1.271,3.894
1,7,1.022,2.826
1,7,0.661,2.403
1,7,0.042,0.241
1,7,1.093,2.973
1,7,0.634,2.169
1,7,0.878,3.211
1,7,1.08,2.327
1,7,0.657,1.405
1,7,0.699,2.327
1,7,0.906,2.327
1,7,0.175,0.844
1,7,0.478,2.127
1,7,0.859,2.457
1,7,0.806,2.933
1,7,0.598,2.327
1,7,0.463,1.367
1,7,1.497,3.559
1,7,0.029,0.123
1,7,1.094,2.934
1,7,0.816,2.866
1,7,0.037,0.123
1,7,0.018,0.123
1,7,0.019,0.083
1,7,1.5,3.689
1,7,0.866,1.969
1,7,2.158,5.182
1,7,0.605,1.886
1,7,0.399,2.005
1,7,0.872,2.129
1,7,0.942,2.611
1,7,1.319,3.453
1,7,0.488,2.247
1,7,1.404,3.817
1,7,0.938,2.826
1,7,0.924,3.132
1,7,0.407,1.735
1,7,0.925,2.248
1,7,0.69,1.886
1,7,0.041,0.241
1,7,1.23,3.518
1,7,0.956,2.57
1,7,0.904,2.457
1,7,0.963,2.69
1,7,0.366,1.57
1,7,0.757,2.248
1,8,0.249,1.002
1,8,0.045,0.121
1,8,0.645,2.465
1,8,1.138,3.855
1,8,0.859,2.266
1,8,0.771,2.65
1,8,1.058,2.572
1,8,0.761,2.091
1,8,0.01,0.093
1,8,0.211,1.001
1,8,1.018,2.946
1,8,1.213,3.669
1,8,0.98,2.189
1,8,0.838,2.062
1,8,1.042,2.774
1,8,1.353,4.257
1,8,0.39,1.614
1,8,0.413,1.81
1,8,1.204,2.986
1,8,1.022,2.802
1,8,0.01,0.16
1,8,0.65,1.9
1,8,0.775,2.189
1,8,0.461,1.768
1,8,0.01,0.093
1,8,0.211,0.657
1,8,0.472,1.889
1,8,0.025,0.121
1,8,1.078,3.431
1,8,0.49,1.693
1,8,0.878,2.819
1,8,0.936,3.053
1,8,1.017,2.611
1,8,0.075,0.574
1,8,0.666,2.216
1,8,0.63,2.132
1,8,0.543,1.581
1,8,2.066,5.436
1,8,0.303,1.463
1,8,0.841,2.505
1,8,1.217,3.107
1,8,0.574,2.049
1,8,0.412,1.649
1,8,0.831,2.491
1,8,0.799,1.943
1,8,1.13,3.855
1,8,0.735,2.266
1,8,1.23,3.35
1,8,0.966,3.061
1,8,0.241,1.1
1,8,0.553,1.624
1,8,0.767,2.544
1,8,0.028,0.201
1,8,1.268,3.35
1,8,1.396,4.144
1,8,0.918,2.409
1,8,0.007,0.093
1,9,0.791,2.375
1,9,0.547,2.69
1,9,1.027,3.454
1,9,0.012,0.125
1,9,0.209,1.447
1,9,0.511,1.415
1,9,0.817,3.691
1,9,0.01,0.122
1,9,0.535,3.417
1,9,0.589,2.606
1,9,0.385,1.491
1,9,1.403,3.739
1,9,0.728,2.135
1,9,1.008,2.834
1,9,0.776,3.858
1,9,0.557,1.657
1,9,0.193,0.603
1,9,0.764,3.201
1,9,1.226,4.531
1,9,0.013,0.125
1,9,0.025,0.235
1,9,0.625,2.375
1,9,0.422,1.731
1,9,0.006,0.125
1,9,0.576,2.082
1,9,0.038,0.195
1,9,0.594,2.213
1,9,0.019,0.125
1,9,0.726,1.93
1,9,0.439,2.049
1,9,0.012,0.125
1,9,0.533,1.491
1,9,1.044,3.498
1,9,1.25,3.212
1,9,0.734,2.082
1,9,0.343,1.573
1,9,0.01,0.195
1,9,0.408,1.456
1,9,0.663,2.082
1,9,0.417,1.571
1,9,1.118,4.661
1,9,1.321,3.769
1,9,0.049,0.243
1,9,1.052,2.904
1,9,0.684,2.152
1,9,1.005,3.016
1,9,0.841,2.493
1,9,0.8,1.878
1,9,1.247,3.298
1,9,0.746,2.204
1,9,1.118,3.443
1,9,1.684,4.302
1,9,0.948,2.606
1,9,0.831,2.328
1,10,0.499,1.892
1,10,1.289,3.179
1,10,0.624,2.735
1,10,0.59,2.378
1,10,0.349,1.088
1,10,0.454,1.854
1,10,0.377,1.699
1,10,0.069,0.287
1,10,0.629,2.818
1,10,0.02,0.16
1,10,0.262,1.685
1,10,0.237,1.041
1,10,1.024,3.37
1,10,0.918,2.617
1,10,1.032,3.937
1,10,0.79,2.57
1,10,0.233,1.059
1,10,0.93,2.617
1,10,0.056,0.47
1,10,1.091,3.531
1,10,0.435,1.653
1,10,0.614,2.378
1,10,0.507,2.004
1,10,0.057,0.236
1,10,0.665,1.854
1,10,0.011,0.084
1,10,0.299,1.323
1,10,0.397,1.811
1,10,0.879,2.617
1,10,0.29,1.175
1,10,0.875,2.977
1,10,1.127,3.456
1,10,0.597,2.336
1,10,0.908,3.168
1,10,0.355,1.644
1,10,0.748,2.056
1,10,0.656,2.058
1,10,0.542,2.532
1,10,0.446,1.411
1,10,1.179,3.138
1,10,0.497,1.523
1,10,0.024,0.202
1,10,1.077,3.138
1,10,0.553,1.854
1,10,0.704,2.216
1,10,0.849,2.77
1,10,0.128,0.759
1,10,0.072,0.287
1,10,0.736,2.772
1,10,0.711,2.448
1,11,0.028,0.161
1,11,0.497,1.447
1,11,0.664,1.605
1,11,1.162,3.735
1,11,0.725,2.768
1,11,0.414,1.605
1,11,0.956,3.21
1,11,0.573,2.37
1,11,0.866,3.332
1,11,0.455,1.605
1,11,0.499,2.011
1,11,0.786,2.65
1,11,0.479,2.089
1,11,1.052,3.816
1,11,0.13,0.32
1,11,0.774,2.863
1,11,0.523,1.925
1,11,0.994,2.731
1,11,0.403,1.848
1,11,0.011,0.16
1,11,0.29,1.082
1,11,1.531,4.858
1,11,1.186,3.171
1,11,0.009,0.161
1,11,0.513,2.007
1,11,0.736,2.167
1,11,0.715,2.285
1,11,0.044,0.241
1,11,0.257,1.525
1,11,0.576,2.007
1,11,0.711,2.729
1,11,0.317,2.089
1,11,1.033,3.489
1,11,0.376,1.925
1,11,1.498,3.735
1,11,0.439,2.089
1,11,0.188,0.72
1,11,0.018,0.161
1,11,0.227,1.447
1,11,0.543,2.492
1,11,0.586,1.725
1,11,0.767,3.206
1,11,0.627,2.089
1,11,1.306,3.452
1,11,1.334,3.935
1,11,0.542,1.925
1,12,0.457,1.926
1,12,0.007,0.154
1,12,1.017,2.696
1,12,0.898,2.531
1,12,0.18,0.643
1,12,1.059,3.495
1,12,0.373,2.49
1,12,0.008,0.121
1,12,0.592,2.294
1,12,0.444,2.33
1,12,0.289,1.847
1,12,0.873,2.771
1,12,0.013,0.121
1,12,1.145,3.495
1,12,0.398,1.526
1,12,0.936,3.575
1,12,0.799,3.212
1,12,0.306,1.967
1,12,1.034,2.7
1,12,0.028,0.203
1,12,0.858,3.338
1,12,0.203,0.688
1,12,0.626,2.652
1,12,0.641,2.369
1,12,0.393,1.929
1,12,1.019,3.332
1,12,0.781,3.052
1,12,0.945,3.052
1,12,0.025,0.282
1,12,0.128,1.375
1,12,1.229,3.332
1,12,0.032,0.121
1,12,0.921,3.257
1,12,0.538,1.759
1,12,0.599,2.133
1,12,0.515,1.888
1,12,0.584,2.971
1,12,0.027,0.121
1,12,0.895,2.85
1,12,0.529,1.607
1,12,0.011,0.121
1,12,0.065,0.284
1,12,0.508,2.33
1,12,0.364,1.526
1,12,0.008,0.121
1,13,0.682,1.97
1,13,0.816,2.564
1,13,0.348,1.531
1,13,0.527,3.077
1,13,0.773,2.731
1,13,0.687,3.171
1,13,0.254,1.766
1,13,0.262,1.206
1,13,0.225,0.886
1,13,1.103,3.171
1,13,0.543,2.246
1,13,0.549,2.564
1,13,0.453,2.006
1,13,0.552,2.564
1,13,0.4,1.672
1,13,0.793,2.088
1,13,0.01,0.159
1,13,0.946,4.094
1,13,0.561,2.731
1,13,0.616,2.644
1,13,1.009,3.156
1,13,0.404,1.641
1,13,0.341,1.152
1,13,0.55,2.931
1,13,0.866,3.492
1,13,0.662,2.56
1,13,0.861,3.411
1,13,0.36,1.847
1,13,0.373,2.654
1,13,0.047,0.239
1,13,0.474,1.404
1,13,0.486,2.731
1,13,0.43,1.284
1,13,0.865,3.077
1,13,0.803,3.574
1,13,0.761,2.564
1,13,0.923,3.574
1,13,1.138,3.492
1,13,0.793,2.637
1,13,0.617,2.246
1,13,0.435,1.847
1,13,1.316,3.808
1,13,0.915,2.654
1,13,0.032,0.239
1,13,0.72,2.246
1,13,0.885,3.808
1,13,0.604,2.168
1,13,1.175,3.732
1,13,0.327,1.615
1,13,0.016,0.159
1,14,0.513,2.248
1,14,0.286,1.968
1,14,0.769,3.331
1,14,0.082,0.444
1,14,0.45,2.37
1,14,0.07,0.324
1,14,0.353,1.447
1,14,0.441,2.33
1,14,0.206,0.686
1,14,0.402,2.128
1,14,0.672,2.61
1,14,0.887,4.177
1,14,0.443,1.658
1,14,1.147,4.336
1,14,0.439,1.568
1,14,0.913,3.171
1,14,0.641,2.61
1,14,0.023,0.159
1,14,0.329,1.773
1,14,0.576,3.089
1,14,0.742,3.007
1,14,0.059,0.402
1,14,0.528,2.692
1,14,0.665,2.692
1,14,0.829,4.177
1,14,0.181,1.409
1,14,0.808,2.444
1,14,0.807,3.637
1,14,0.321,1.573
1,14,0.555,1.809
1,14,0.254,1.126
1,14,0.537,2.692
1,14,0.867,3.412
1,14,0.851,2.765
1,14,0.771,2.852
1,14,0.03,0.237
1,14,0.256,1.114
1,14,0.483,2.25
1,14,0.65,2.05
1,14,0.194,1.568
1,14,1.556,3.975
1,15,0.826,2.813
1,15,0.343,1.928
1,15,0.305,1.377
1,15,0.545,2.488
1,15,0.441,2.076
1,15,0.368,1.753
1,15,0.537,1.928
1,15,0.452,1.675
1,15,0.384,1.798
1,15,0.406,1.846
1,15,0.641,2.349
1,15,0.016,0.166
1,15,0.489,2.091
1,15,0.524,2.091
1,15,0.966,2.654
1,15,0.469,1.313
1,15,0.405,2.091
1,15,0.03,0.32
1,15,0.566,2.732
1,15,0.31,1.771
1,15,0.637,2.603
1,15,0.064,0.483
1,15,0.027,0.32
1,15,0.52,1.997
1,15,0.009,0.166
1,15,0.592,2.443
1,15,0.234,1.915
1,15,0.387,2.091
1,15,1.267,3.936
1,15,0.473,2.443
1,15,0.924,2.732
1,15,0.01,0.166
1,15,0.68,2.17
1,15,0.821,3.291
1,15,0.077,0.566
1,15,0.566,2.17
1,15,0.039,0.166
1,15,0.87,2.568
1,15,0.896,2.89
1,15,0.693,1.928
1,15,0.416,2.17
1,15,0.46,1.201
1,15,0.751,2.443
1,16,0.628,2.978
1,16,0.272,1.761
1,16,0.259,2.046
1,16,0.605,2.13
1,16,0.276,1.69
1,16,0.78,2.393
1,16,0.41,2.814
1,16,0.252,1.324
1,16,0.256,1.6
1,16,0.176,0.924
1,16,0.397,1.926
1,16,0.261,1.369
1,16,0.564,1.907
1,16,0.36,2.478
1,16,1.094,3.636
1,16,0.823,3.113
1,16,0.04,0.143
1,16,0.995,2.713
1,16,0.022,0.143
1,16,1.254,4.085
1,16,0.033,0.143
1,16,0.553,2.552
1,16,0.015,0.222
1,16,0.007,0.164
1,16,0.745,3.036
1,16,0.584,2.27
1,16,0.046,0.222
1,16,0.457,1.267
1,16,0.922,3.113
1,17,0.566,2.691
1,17,0.294,2.494
1,17,0.634,1.886
1,17,0.329,1.809
1,17,0.837,2.998
1,17,0.333,2.209
1,17,0.393,1.247
1,17,0.472,1.969
1,17,0.386,1.405
1,17,0.402,2.008
1,17,0.653,2.73
1,17,0.63,3.531
1,17,1.111,3.334
1,17,0.679,3.173
1,17,0.532,2.595
1,17,0.286,1.561
1,17,0.316,1.57
1,17,0.306,1.969
1,17,0.433,2.209
1,17,0.126,0.406
1,17,0.397,1.566
1,17,1.413,4.337
1,17,0.184,0.927
1,17,0.728,2.285
1,17,0.102,0.562
1,18,0.461,2.528
1,18,0.874,2.765
1,18,0.189,0.763
1,18,0.273,1.383
1,18,0.082,0.318
1,18,0.409,2.683
1,18,0.602,2.175
1,18,0.596,2.368
1,18,0.868,3.416
1,18,0.851,3.131
1,18,0.509,2.086
1,18,0.207,1.804
1,18,0.408,2.168
1,18,0.328,1.366
1,18,0.126,0.4
1,18,0.102,1.246
1,18,0.712,4.072
1,18,0.332,1.366
1,18,0.523,2.086
1,18,0.43,3.655
1,18,1.198,3.491
1,18,0.124,0.604
1,18,0.679,2.973
1,18,0.641,3.13
1,18,0.889,3.333
1,18,0.035,0.24
1,18,0.018,0.165
1,18,0.021,0.158
1,18,0.566,2.168
1,18,0.033,0.158
1,18,0.354,1.525
1,18,0.053,0.238
1,18,0.96,3.209
1,18,0.519,2.329
1,18,0.041,0.158
1,18,0.033,0.158
1,18,0.186,1.383
1,18,0.07,0.318
1,18,0.603,2.973
1,19,0.345,1.684
1,19,0.362,1.765
1,19,0.025,0.16
1,19,0.489,2.086
1,19,0.752,2.41
1,19,0.948,2.609
1,19,0.376,1.846
1,19,0.278,1.964
1,19,0.784,3.854
1,19,0.511,2.529
1,19,1.19,3.613
1,19,0.581,2.609
1,19,0.161,0.601
1,19,0.021,0.16
1,19,0.332,1.326
1,19,0.862,2.854
1,19,0.481,1.684
1,19,0.134,0.68
1,19,0.038,0.16
1,19,1.029,4.015
1,19,0.844,3.47
1,19,0.854,3.47
1,19,0.535,1.846
1,19,0.521,2.697
1,19,0.669,2.774
1,19,0.018,0.16
1,19,0.845,2.697
1,19,0.483,2.41
1,19,0.557,2.086
1,19,0.054,0.319
1,19,0.835,2.697
1,19,0.678,2.929
1,19,1.231,3.692
1,19,1.055,2.697
1,19,0.057,0.444
1,20,0.377,1.809
1,20,0.362,2.45
1,20,0.348,2.607
1,20,0.059,0.433
1,20,0.478,2.607
1,20,0.505,2.251
1,20,0.356,1.162
1,20,0.07,0.354
1,20,0.038,0.228
1,20,0.625,2.29
1,20,0.843,3.131
1,20,0.504,2.411
1,20,0.012,0.127
1,20,0.394,1.76
1,20,0.51,2.765
1,20,0.195,0.928
1,20,0.896,2.445
1,20,0.693,2.765
1,20,0.78,3.65
1,20,0.586,2.445
1,20,0.716,3.287
1,20,0.499,2.364
1,20,0.391,1.519
1,20,0.811,3.339
1,20,0.738,1.878
1,20,1.399,4.536
1,20,0.77,2.777
1,20,1.157,4.051
1,20,0.037,0.127
1,20,0.259,0.889
1,20,0.417,2.364
1,20,0.544,2.445
1,20,0.927,3.131
1,20,0.639,2.533
1,20,0.059,0.243
1,21,0.485,3.293
1,21,0.665,2.659
1,21,0.194,1.086
1,21,0.197,1.002
1,21,0.516,2.047
1,21,0.012,0.155
1,21,0.407,2.128
1,21,0.415,2.373
1,21,0.382,1.978
1,21,0.378,1.968
1,21,0.123,0.48
1,21,0.525,2.373
1,21,0.609,3.894
1,21,0.527,2.651
1,21,0.452,2.651
1,21,0.008,0.155
1,21,0.595,1.889
1,21,0.804,2.891
1,21,0.754,3.138
1,21,0.56,2.449
1,21,0.01,0.155
1,21,0.574,2.128
1,21,0.882,2.449
1,21,0.028,0.155
1,21,0.768,3.734
1,21,0.432,2.047
1,21,0.029,0.155
1,21,0.017,0.155
1,21,0.527,1.889
1,21,0.396,2.825
1,21,0.562,2.449
1,21,0.023,0.155
1,21,1.225,3.058
1,21,0.019,0.155
1,21,0.062,0.282
1,21,1.261,3.993
1,21,0.54,2.047
1,21,0.045,0.282
1,21,0.123,0.683
1,22,0.298,2.053
1,22,0.45,3.314
1,22,0.115,0.503
1,22,0.583,2.053
1,22,0.537,2.21
1,22,0.606,3.153
1,22,0.045,0.341
1,22,0.033,0.341
1,22,0.441,1.909
1,22,0.628,2.775
1,22,0.59,2.473
1,22,0.347,2.07
1,22,0.292,1.491
1,22,0.351,2.152
1,22,0.698,3.243
1,22,0.338,1.268
1,22,0.35,2.241
1,22,0.034,0.204
1,22,0.349,1.572
1,22,0.058,0.204
1,22,1.015,3.72
1,22,0.408,2.053
1,22,0.678,1.835
1,22,0.064,0.285
1,22,0.144,0.661
1,22,0.565,2.152
1,22,0.368,2.07
1,22,1.501,4.513
1,22,0.298,1.653
1,22,0.029,0.204
1,22,0.298,1.404
1,22,0.66,1.835
1,22,0.639,2.537
1,22,0.571,2.713
1,22,0.377,1.732
1,22,0.279,1.349
1,23,0.776,3.492
1,23,0.95,3.815
1,23,0.38,2.044
1,23,0.585,2.531
1,23,0.063,0.249
1,23,0.418,2.371
1,23,0.029,0.161
1,23,0.378,1.573
1,23,0.457,3.254
1,23,0.791,3.335
1,23,0.278,1.399
1,23,0.387,1.805
1,23,0.027,0.161
1,23,0.862,2.686
1,23,0.226,1.727
1,23,0.158,1.399
1,23,0.49,2.609
1,23,0.694,2.609
1,23,0.231,1.009
1,23,0.954,2.609
1,23,0.577,2.686
1,23,0.133,0.484
1,23,0.012,0.161
1,23,0.601,3.254
1,23,0.69,2.853
1,23,0.022,0.161
1,23,0.629,3.254
1,23,0.028,0.161
1,23,0.328,2.29
1,23,1.019,2.609
1,23,0.306,1.249
1,23,0.038,0.329
1,23,0.278,2.291
1,23,0.71,2.525
1,23,0.329,1.561
1,23,0.018,0.161
1,23,0.03,0.161
1,23,0.014,0.161
1,23,0.028,0.161
1,23,0.927,2.609
1,23,0.033,0.249
1,24,0.909,3.456
1,24,0.023,0.16
1,24,0.615,2.652
1,24,0.795,2.735
1,24,0.458,2.374
1,24,0.017,0.16
1,24,0.057,0.241
1,24,0.667,2.652
1,24,0.011,0.16
1,24,1.175,3.853
1,24,0.293,1.568
1,24,0.337,1.466
1,24,0.383,2.291
1,24,0.343,2.28
1,24,0.269,1.606
1,24,0.373,2.169
1,24,0.952,2.813
1,24,0.365,1.523
1,24,0.713,3.294
1,24,0.328,2.012
1,24,0.016,0.16
1,24,0.841,2.735
1,24,0.461,2.28
1,24,0.674,2.531
1,24,0.022,0.16
1,24,0.483,2.451
1,24,0.676,2.735
1,24,0.801,2.901
1,24,0.277,1.372
1,24,0.031,0.16
1,25,0.044,0.239
1,25,0.774,2.486
1,25,0.473,2.087
1,25,0.012,0.158
1,25,0.031,0.239
1,25,0.758,2.532
1,25,0.795,2.567
1,25,0.58,2.181
1,25,0.213,1.928
1,25,0.471,2.726
1,25,0.668,3.492
1,25,0.603,3.815
1,25,0.024,0.32
1,25,0.728,2.668
1,25,0.818,2.928
1,25,0.214,1.692
1,25,0.467,2.715
1,25,0.204,1.625
1,25,0.516,2.08
1,25,0.018,0.158
1,25,0.033,0.239
1,25,0.016,0.158
1,25,0.693,3.251
1,25,0.567,3.015
1,25,0.984,2.93
1,25,0.926,3.165
1,25,0.403,2.007
1,25,0.959,2.843
1,25,0.241,1.204
1,25,0.675,2.847
1,26,0.509,3.529
1,26,0.059,0.244
1,26,0.304,1.545
1,26,0.436,3.141
1,26,0.432,2.49
1,26,0.558,3.212
1,26,0.008,0.156
1,26,0.365,3.019
1,26,0.259,1.288
1,26,0.404,2.089
1,26,0.072,0.968
1,26,0.811,3.379
1,26,0.282,1.767
1,26,0.592,2.244
1,26,0.675,2.569
1,26,0.744,3.452
1,26,0.032,0.244
1,26,0.559,2.457
1,26,0.019,0.156
1,26,0.556,2.569
1,26,0.524,2.008
1,26,0.447,1.61
1,26,0.343,1.6
1,26,0.767,3.696
1,26,0.017,0.156
1,26,0.467,2.089
1,26,0.075,0.291
1,26,0.018,0.23
1,26,0.975,3.849
1,26,1.128,4.535
1,26,0.544,2.571
1,26,0.013,0.132
1,26,0.839,2.812
1,26,0.422,1.61
1,26,0.214,1.108
1,26,0.435,2.416
1,26,0.464,2.008
1,26,0.593,2.33
1,27,0.069,0.478
1,27,0.483,2.167
1,27,0.178,1.682
1,27,0.019,0.158
1,27,0.446,2.245
1,27,0.295,2.119
1,27,0.46,2.765
1,27,0.06,0.634
1,27,0.287,1.55
1,27,0.857,3.489
1,27,0.027,0.158
1,27,0.189,1.208
1,27,0.745,2.012
1,27,0.574,3.012
1,27,0.205,1.639
1,27,0.8,3.009
1,27,0.328,2.245
1,27,0.678,3.332
1,27,0.094,0.32
1,27,0.176,1.47
1,27,0.555,2.167
1,27,0.724,3.413
1,27,0.413,2.406
1,27,0.353,1.543
1,27,0.459,1.847
1,27,0.469,2.167
1,27,0.065,0.239
1,27,0.059,0.32
1,27,0.414,1.608
1,27,0.038,0.239
1,27,0.031,0.401
1,27,0.283,1.55
1,27,0.578,1.94
1,28,0.022,0.154
1,28,0.002,0.31
1,28,0.541,2.039
1,28,0.24,1.846
1,28,0.465,2.838
1,28,0.542,2.838
1,28,0.845,3.153
1,28,0.866,3.519
1,28,0.045,0.265
1,28,1.119,3.201
1,28,0.666,3.451
1,28,0.627,3.153
1,28,0.625,2.688
1,28,0.19,1.525
1,28,0.71,2.928
1,28,0.706,3.08
1,28,0.353,2.01
1,28,0.493,2.44
1,28,0.88,3.011
1,28,0.648,3.153
1,28,0.04,0.284
1,28,0.101,0.597
1,28,0.529,2.769
1,28,0.468,2.022
1,28,0.512,3.06
1,28,0.984,3.439
1,28,0.539,2.522
1,28,0.513,2.275
1,28,0.219,1.129
1,28,0.378,2.251
1,28,0.043,0.22
1,28,0.751,2.598
1,28,0.671,3.577
1,28,0.853,2.679
1,28,0.409,1.602
1,28,0.719,2.129
1,28,0.052,0.154
1,28,0.019,0.154
1,29,0.696,3.54
1,29,0.018,0.135
1,29,0.419,2.404
1,29,0.33,1.459
1,29,0.549,2.332
1,29,0.533,2.497
1,29,0.382,1.879
1,29,0.516,2.282
1,29,0.018,0.21
1,29,0.562,2.891
1,29,0.065,0.286
1,29,0.672,2.44
1,29,0.54,3.642
1,29,0.062,0.286
1,29,0.521,2.834
1,29,0.302,1.856
1,29,0.686,3.333
1,29,0.013,0.135
1,29,0.591,2.879
1,29,0.734,2.879
1,29,0.639,3.101
1,29,0.39,2.014
1,29,0.893,2.801
1,29,0.6,2.417
1,29,0.037,0.475
1,29,0.008,0.21
1,29,1.018,3.121
1,29,0.533,1.801
1,29,0.045,0.208
1,29,0.387,1.957
1,29,0.831,2.962
1,29,0.025,0.135
1,30,0.249,3.177
1,30,0.339,2.006
1,30,0.282,2.365
1,30,0.475,2.41
1,30,0.253,2.437
1,30,0.601,2.146
1,30,0.65,3.204
1,30,0.157,0.76
1,30,0.583,2.919
1,30,0.597,3.329
1,30,0.013,0.24
1,30,0.581,2.695
1,30,0.597,2.695
1,30,0.614,3.013
1,30,0.371,1.244
1,30,0.544,2.542
1,30,0.845,3.175
1,30,0.05,0.32
1,30,0.728,2.695
1,30,0.498,2.365
1,30,0.355,1.688
1,30,0.482,2.487
1,30,0.949,4.577
1,30,0.573,2.856
1,30,0.445,1.995
1,30,0.053,0.237
2,1,1.21,3.227
2,1,0.85,2.367
2,1,0.637,1.299
2,1,0.494,1.159
2,1,1.601,3.914
2,1,1.407,3.061
2,1,1.208,3.14
2,1,0.424,1.879
2,1,1.005,2.724
2,1,0.504,1.011
2,1,0.663,2.786
2,1,0.49,0.988
2,1,0.866,2.611
2,1,0.587,1.707
2,1,0.943,2.809
2,1,1.1,2.426
2,1,1.238,3.019
2,1,0.586,1.299
2,1,2.117,5.018
2,1,0.334,0.526
2,1,0.267,0.692
2,1,0.981,2.611
2,1,0.832,2.067
2,1,1.11,2.653
2,1,0.688,2.249
2,1,0.451,1.015
2,1,1.268,3.061
2,1,0.461,2.067
2,1,1.029,3.225
2,1,0.214,0.527
2,1,0.697,2.611
2,1,1.452,3.747
2,1,1.108,2.809
2,1,1.277,3.086
2,1,1.605,3.356
2,1,1.015,2.426
2,1,1.404,3.601
2,1,0.709,1.8
2,1,0.919,2.704
2,1,0.722,2.563
2,1,1.938,4.647
2,1,0.902,2.906
2,1,0.993,2.26
2,1,1.656,4.245
2,1,0.867,2.253
2,1,0.77,1.885
2,1,1.589,3.227
2,1,0.577,1.522
2,1,1.046,3.225
2,1,0.029,0.167
2,1,1.23,2.877
2,1,0.803,2.168
2,1,1.223,3.019
2,2,0.77,2.165
2,2,0.992,2.331
2,2,0.804,2.79
2,2,0.465,1.2
2,2,1.71,4.067
2,2,0.767,1.433
2,2,1.019,3.05
2,2,0.766,2.558
2,2,0.345,2.381
2,2,1.109,2.877
2,2,1.142,2.722
2,2,0.828,2.254
2,2,1.207,3.05
2,2,1.084,2.641
2,2,0.751,2.157
2,2,0.795,2.641
2,2,2.316,5.356
2,2,0.386,1.749
2,2,0.419,0.782
2,2,0.876,2.811
2,2,1.029,2.79
2,2,0.882,2.722
2,2,1.117,2.641
2,2,0.463,1.118
2,2,0.971,2.165
2,2,1.025,2.393
2,2,2.094,4.575
2,2,0.041,0.243
2,2,1.191,3.05
2,2,0.481,1.598
2,2,0.961,2.79
2,2,0.319,1.041
2,2,0.638,2.381
2,2,0.289,1.346
2,2,0.06,0.478
2,2,0.646,1.672
2,2,0.235,1.429
2,2,0.898,2.554
2,3,0.628,1.886
2,3,0.652,2.069
2,3,0.457,1.226
2,3,0.457,1.798
2,3,1.457,3.21
2,3,0.068,0.319
2,3,1.07,2.672
2,3,0.639,2.288
2,3,1.054,2.873
2,3,0.526,1.362
2,3,0.57,3.441
2,3,0.99,2.308
2,3,0.12,0.486
2,3,1.601,3.928
2,3,1.343,3.326
2,3,1.051,3.084
2,3,0.429,1.822
2,3,0.489,1.502
2,3,1.408,3.441
2,3,0.06,0.176
2,3,0.911,3.441
2,3,0.661,4.139
2,3,0.406,1.914
2,3,0.685,1.876
2,3,0.65,2.389
2,3,1.294,3.034
2,3,0.71,2.274
2,3,1.022,1.981
2,3,0.809,4.373
2,3,1.109,2.874
2,3,0.369,1.303
2,3,0.388,1.215
2,3,0.419,1.215
2,3,1.516,3.353
2,3,0.609,1.303
2,3,0.041,0.176
2,3,0.968,2.477
2,3,1.605,3.207
2,3,0.721,1.617
2,3,1.268,3.326
2,3,0.685,1.63
2,3,1.405,3.21
2,3,1.326,2.961
2,3,0.738,2.057
2,3,0.642,2.584
2,3,1.19,3.153
2,4,0.57,4.328
2,4,0.776,1.997
2,4,0.049,0.155
2,4,1.581,4.001
2,4,0.273,1.016
2,4,0.222,1.401
2,4,0.658,2.034
2,4,0.761,1.804
2,4,0.387,1.669
2,4,0.885,3.029
2,4,0.874,2.205
2,4,0.554,2.045
2,4,0.331,1.414
2,4,0.577,1.453
2,4,0.995,3.269
2,4,0.543,1.67
2,4,1.355,3.525
2,4,0.641,1.804
2,4,0.779,2.519
2,4,0.967,3.591
2,4,1.405,3.761
2,4,0.745,1.758
2,4,1.686,3.591
2,4,0.633,1.966
2,4,0.04,0.146
2,4,0.264,0.922
2,4,0.982,3.019
2,4,0.017,0.114
2,4,0.55,2.126
2,4,0.688,2.686
2,4,1.33,3.672
2,4,1.269,3.518
2,4,1.926,4.408
2,4,0.014,0.155
2,4,1.108,2.603
2,4,1.247,3.099
2,4,0.691,2.29
2,4,1.105,3.019
2,4,0.521,1.758
2,4,0.659,1.519
2,4,1.311,3.34
2,4,0.97,2.692
2,4,1.666,3.761
2,4,0.601,2.373
2,4,1.341,3.18
2,4,1.413,3.513
2,4,0.57,1.877
2,4,1.468,3.761
2,4,1.006,2.775
2,4,0.168,0.73
2,4,0.888,2.189
2,5,0.541,2.05
2,5,1.2,3.238
2,5,0.521,2.217
2,5,0.235,1.471
2,5,0.249,1.651
2,5,0.01,0.163
2,5,0.2,1.202
2,5,0.564,1.556
2,5,0.016,0.138
2,5,0.501,1.64
2,5,0.883,2.449
2,5,0.905,2.443
2,5,1.783,4.583
2,5,0.647,2.028
2,5,0.009,0.154
2,5,0.238,0.405
2,5,0.726,2.686
2,5,0.609,1.972
2,5,0.104,0.625
2,5,0.643,1.955
2,5,0.213,1.014
2,5,0.203,0.542
2,5,1.736,4.332
2,5,0.639,2.05
2,5,0.101,0.637
2,5,0.345,1.318
2,5,1.381,3.923
2,5,1.053,2.276
2,5,1.126,2.836
2,5,0.353,1.898
2,5,0.461,2.594
2,5,0.347,2.591
2,5,1.037,2.918
2,5,0.878,1.651
2,5,0.791,2.525
2,5,1.239,3.321
2,5,0.267,1.253
2,5,1.835,4.948
2,5,0.701,2.05
2,5,0.43,1.569
2,5,0.18,1.335
2,5,0.728,2.508
2,5,0.722,2.686
2,6,0.098,0.322
2,6,0.774,2.725
2,6,0.248,1.505
2,6,0.525,2.199
2,6,0.558,2.199
2,6,1.313,3.474
2,6,0.366,1.951
2,6,0.63,2.079
2,6,0.763,2.043
2,6,0.777,1.87
2,6,0.642,1.552
2,6,0.233,1.8
2,6,1.35,3.078
2,6,1.193,3.541
2,6,0.387,1.467
2,6,0.72,2.954
2,6,0.055,0.243
2,6,0.638,2.561
2,6,0.67,2.405
2,6,0.526,2.069
2,6,0.607,1.803
2,6,0.216,1.591
2,6,0.284,1.734
2,6,1.011,3.446
2,6,0.318,1.648
2,6,1.199,3.817
2,6,0.916,3.039
2,6,0.388,2.199
2,6,0.388,1.136
2,6,0.268,1.301
2,6,1.147,3.039
2,6,1.061,2.375
2,6,0.455,1.827
2,6,0.256,1.734
2,6,1.401,3.541
2,6,0.826,2.569
2,6,1.395,3.467
2,6,1.01,2.309
2,6,1.015,3.137
2,6,1.152,3.293
2,6,0.719,2.969
2,6,1.217,3.785
2,6,0.093,0.493
2,6,1.538,3.541
2,6,0.452,1.87
2,6,0.374,1.552
2,6,1.369,3.474
2,6,1.117,2.561
2,6,0.448,2.129
2,6,0.62,1.87
2,6,1.418,3.379
2,6,0.063,0.484
2,6,0.047,0.664
2,6,0.848,2.199
2,7,0.75,2.715
2,7,0.398,2.049
2,7,1.244,3.187
2,7,0.609,2.414
2,7,1.15,3.326
2,7,1.215,3.837
2,7,0.7,2.552
2,7,0.474,1.744
2,7,0.5,1.744
2,7,0.128,0.532
2,7,0.568,3.024
2,7,0.788,2.795
2,7,1.563,3.647
2,7,0.138,0.523
2,7,0.642,1.778
2,7,0.783,2.393
2,7,0.934,2.544
2,7,1.267,4.161
2,7,0.81,2.453
2,7,1.069,3.452
2,7,0.452,1.46
2,7,0.77,2.491
2,7,0.718,3.148
2,7,0.504,1.628
2,7,0.595,1.842
2,7,0.444,2.003
2,7,1.096,2.447
2,7,0.825,3.137
2,7,0.918,2.491
2,7,0.04,0.286
2,7,0.023,0.286
2,7,1.01,3.736
2,7,0.699,2.316
2,7,0.604,1.295
2,7,0.431,0.785
2,7,0.363,1.842
2,7,0.465,1.564
2,7,1.556,3.778
2,7,0.564,1.437
2,7,1.314,3.826
2,7,1.311,3.228
2,7,1.979,4.763
2,7,0.585,1.295
2,7,0.081,0.514
2,7,0.127,0.78
2,7,1.254,3.054
2,7,0.659,1.343
2,7,1.153,3.228
2,7,0.866,2.872
2,7,0.6,1.378
2,7,1.19,3.899
2,7,0.999,2.552
2,7,1.1,3.228
2,7,0.22,1
2,7,1.757,4.298
2,7,1.12,3.075
2,7,0.678,1.628
2,7,0.975,3.228
2,7,0.406,1.611
2,7,0.235,2.049
2,7,0.853,2.325
2,8,1.079,4.152
2,8,0.565,3.312
2,8,1.038,3.228
2,8,0.48,1.072
2,8,0.588,2.083
2,8,0.927,2.425
2,8,1.052,2.721
2,8,0.238,0.412
2,8,1.034,3.227
2,8,0.429,2.246
2,8,0.688,2.057
2,8,0.686,2.63
2,8,0.503,1.943
2,8,0.227,1.3
2,8,0.67,1.7
2,8,1.645,4.606
2,8,0.745,2.866
2,8,1.278,3.478
2,8,0.161,1.448
2,8,0.021,0.158
2,8,0.289,0.503
2,8,0.652,2.115
2,8,0.143,1.605
2,8,0.854,3.312
2,8,0.894,2.532
2,8,0.569,1.955
2,8,0.526,1.825
2,8,0.047,0.412
2,8,0.683,2.904
2,8,0.208,0.312
2,8,0.362,1.955
2,8,0.698,1.435
2,8,0.287,1.11
2,8,1.001,2.858
2,8,0.436,1.7
2,8,0.555,2.783
2,8,0.702,1.955
2,8,0.59,2.012
2,8,0.67,1.955
2,8,0.429,1.522
2,8,0.707,3.395
2,8,0.754,2.342
2,8,0.22,1.742
2,8,0.61,2.342
2,8,0.392,1.7
2,8,0.034,0.526
2,8,0.047,0.158
2,8,0.368,1.86
2,8,0.617,2.057
2,8,1.114,3.782
2,8,0.022,0.163
2,8,0.408,2.038
2,8,1.057,2.789
2,8,0.666,1.825
2,8,0.501,2.097
2,8,0.48,1.217
2,8,0.612,2.001
2,8,1.002,3.144
2,8,0.865,2.904
2,9,0.699,3.2
2,9,0.843,2.481
2,9,0.202,0.914
2,9,0.907,2.084
2,9,0.397,1.613
2,9,0.058,0.486
2,9,0.623,2
2,9,0.088,0.486
2,9,0.592,2.001
2,9,0.052,0.242
2,9,0.932,2.99
2,9,0.285,1.146
2,9,0.685,2.901
2,9,0.468,2.499
2,9,0.378,1.842
2,9,0.021,0.474
2,9,0.316,2.01
2,9,0.355,2.33
2,9,0.007,0.166
2,9,0.823,2.414
2,9,0.801,3.904
2,9,0.219,1.118
2,9,0.837,2.97
2,9,0.098,0.242
2,9,0.65,2.499
2,9,0.708,2.33
2,9,1.075,3.686
2,9,0.201,1.278
2,9,0.903,3.975
2,9,0.683,1.919
2,9,0.517,1.598
2,9,1.19,4.536
2,9,1.097,2.82
2,9,1.357,3.281
2,9,0.648,2.816
2,9,1.297,3.281
2,9,0.706,2.661
2,9,0.858,3.121
2,9,1.305,4.052
2,9,0.028,0.166
2,9,0.016,0.166
2,9,0.262,0.96
2,9,1.13,3.121
2,9,1.111,3.037
2,9,0.007,0.166
2,9,0.016,0.166
2,9,0.385,1.679
2,9,0.575,2.077
2,9,0.429,2.084
2,10,1.027,3.386
2,10,0.906,4.105
2,10,0.304,2.02
2,10,1.207,3.619
2,10,0.019,0.162
2,10,0.477,2.299
2,10,0.15,0.637
2,10,0.254,1.217
2,10,0.474,1.693
2,10,0.556,2.642
2,10,0.078,0.556
2,10,1.116,2.995
2,10,0.09,0.477
2,10,1.168,3.625
2,10,0.032,0.162
2,10,0.351,2.121
2,10,0.143,1.537
2,10,0.702,3.862
2,10,0.481,1.457
2,10,0.552,3.004
2,10,0.58,2.137
2,10,0.352,2.534
2,10,0.745,2.453
2,10,0.27,2.121
2,10,0.018,0.162
2,10,0.077,0.317
2,10,0.04,0.401
2,10,0.428,2.63
2,10,0.928,2.63
2,10,0.147,1.053
2,10,0.418,1.537
2,10,0.586,2.551
2,10,0.56,2.202
2,10,1.128,3.941
2,10,0.577,2.121
2,10,0.664,2.121
2,10,1.281,4.184
2,10,0.045,0.317
2,10,0.599,2.02
2,10,0.867,3.149
2,10,0.698,2.63
2,10,0.109,1.285
2,10,0.02,0.162
2,10,0.898,2.721
2,10,1.258,3.388
2,10,0.424,2.225
2,10,0.015,0.396
2,10,0.035,0.162
2,10,0.139,0.556
2,10,0.924,2.901
2,10,0.339,1.537
2,10,0.505,2.121
2,10,0.471,1.968
2,11,0.939,2.84
2,11,0.205,1.185
2,11,1.27,3.717
2,11,0.146,0.861
2,11,0.024,0.239
2,11,0.472,2.321
2,11,0.341,1.168
2,11,0.626,2.414
2,11,0.849,2.922
2,11,1.081,5.139
2,11,1.033,3.839
2,11,0.511,2.562
2,11,0.526,2.121
2,11,0.354,1.96
2,11,0.366,1.553
2,11,0.538,3.343
2,11,0.231,0.873
2,11,0.808,2.248
2,11,0.782,2.341
2,11,1.314,3.343
2,11,0.057,0.45
2,11,1.323,4.626
2,11,0.375,1.502
2,11,0.468,2.655
2,11,0.567,2.653
2,11,0.141,0.695
2,11,0.33,1.431
2,11,0.297,1.96
2,11,0.566,2.484
2,11,0.452,1.899
2,11,0.569,2.017
2,11,0.295,1.261
2,11,0.955,2.865
2,11,0.016,0.169
2,11,0.348,2.15
2,11,0.909,3.313
2,11,0.293,1.553
2,11,1.202,3.461
2,11,0.831,3.016
2,11,0.363,1.431
2,11,0.271,1.644
2,11,0.713,2.248
2,11,0.491,2.248
2,11,0.016,0.169
2,11,0.906,3.189
2,11,0.255,1.271
2,11,0.241,0.967
2,11,0.607,2.032
2,11,0.476,1.876
2,11,0.974,3.436
2,11,0.579,1.806
2,11,0.52,2.414
2,11,1.036,3.003
2,11,0.785,2.484
2,12,0.44,1.293
2,12,0.052,0.241
2,12,0.364,1.906
2,12,0.02,0.158
2,12,0.483,2.45
2,12,0.659,2.45
2,12,0.23,0.98
2,12,0.352,2.756
2,12,0.034,0.158
2,12,0.017,0.158
2,12,0.517,2.652
2,12,0.014,0.158
2,12,0.157,2.023
2,12,0.511,1.855
2,12,0.37,2.094
2,12,0.287,1.861
2,12,0.501,2.162
2,12,0.349,2.137
2,12,0.738,3.008
2,12,0.62,2.023
2,12,0.538,3.019
2,12,0.323,1.945
2,12,0.769,2.66
2,12,0.3,1.947
2,12,0.645,2.091
2,12,1.139,3.497
2,12,1.644,4.879
2,12,0.285,0.974
2,12,0.829,2.45
2,12,0.024,0.158
2,12,0.292,1.787
2,12,0.458,2.57
2,12,0.616,2.66
2,12,0.839,2.394
2,12,0.552,2.23
2,12,0.75,2.293
2,12,1.08,3.912
2,12,0.014,0.158
2,12,0.355,0.73
2,12,0.047,0.807
2,12,0.579,1.865
2,12,0.687,1.945
2,12,0.412,1.963
2,12,0.146,0.326
2,12,0.546,1.789
2,12,0.796,2.871
2,12,0.021,0.158
2,12,0.401,1.963
2,12,0.67,2.154
2,13,0.037,0.23
2,13,0.068,0.625
2,13,0.289,1.902
2,13,0.426,1.902
2,13,0.49,2.254
2,13,0.048,0.463
2,13,0.622,2.149
2,13,0.009,0.23
2,13,0.829,2.254
2,13,0.358,1.738
2,13,0.416,1.548
2,13,0.258,0.949
2,13,0.218,0.945
2,13,0.392,2.271
2,13,0.395,1.738
2,13,0.611,3.258
2,13,0.852,3.272
2,13,0.823,3.149
2,13,0.556,1.665
2,13,0.528,2.363
2,13,0.367,2.151
2,13,0.772,2.386
2,13,0.411,1.785
2,13,0.182,1.06
2,13,0.908,2.667
2,13,0.35,1.781
2,13,0.618,2.896
2,13,0.975,4.23
2,13,0.464,1.902
2,13,0.705,2.137
2,13,0.553,2.894
2,13,0.675,2.137
2,13,0.411,1.781
2,13,0.943,3.149
2,13,0.013,0.376
2,13,0.398,2.137
2,13,0.883,3.587
2,13,0.797,2.724
2,13,0.364,2.137
2,13,0.07,0.346
2,13,0.054,0.237
2,13,0.597,1.064
2,14,0.17,1.838
2,14,0.295,1.494
2,14,0.552,3.258
2,14,0.613,2.407
2,14,0.298,2.366
2,14,1.319,3.521
2,14,0.275,1.587
2,14,0.321,1.501
2,14,0.828,2.332
2,14,0.459,2.706
2,14,0.183,1.138
2,14,0.619,2.942
2,14,0.538,2.369
2,14,0.333,1.823
2,14,0.316,1.494
2,14,0.527,2.332
2,14,1.417,4.371
2,14,0.468,2.407
2,14,0.207,1.215
2,14,0.699,2.381
2,14,0.713,1.585
2,14,1.333,3.613
2,14,1.017,2.581
2,14,0.645,2.253
2,14,1.251,4.042
2,14,0.595,2.033
2,14,0.014,0.2
2,14,0.259,1.833
2,14,0.253,1.703
2,14,0.096,0.684
2,14,0.056,0.329
2,14,0.227,0.571
2,14,0.941,3.022
2,14,0.806,2.253
2,14,0.016,0.2
2,14,0.591,2.407
2,14,0.019,0.222
2,14,0.545,3.022
2,14,0.373,2.092
2,14,0.546,2.332
2,14,0.624,2.815
2,14,0.67,2.253
2,15,0.033,0.165
2,15,0.465,2.501
2,15,0.438,3.052
2,15,0.391,1.988
2,15,0.677,1.746
2,15,0.265,2.006
2,15,0.417,2.072
2,15,0.679,2.561
2,15,0.318,1.927
2,15,0.56,2.419
2,15,0.014,0.252
2,15,0.294,1.927
2,15,0.047,0.38
2,15,0.029,0.165
2,15,0.026,0.165
2,15,0.623,2.336
2,15,0.014,0.165
2,15,0.619,2.561
2,15,0.452,2.116
2,15,0.447,1.585
2,15,0.555,2.807
2,15,0.681,2.703
2,15,1.172,4.017
2,15,0.032,0.165
2,15,0.054,0.252
2,15,0.956,3.052
2,15,0.711,2.561
2,15,0.784,2.721
2,15,0.753,2.243
2,15,0.486,1.583
2,15,0.241,1.03
2,15,0.02,0.252
2,15,0.529,2.867
2,15,0.38,2.078
2,15,0.023,0.165
2,15,0.017,0.165
2,15,0.793,3.282
2,15,0.559,2.116
2,15,0.029,0.252
2,15,0.89,2.968
2,15,0.018,0.165
2,15,0.029,0.252
2,15,0.75,3.876
2,15,0.014,0.165
2,15,0.423,1.988
2,15,0.011,0.258
2,15,0.027,0.154
2,15,0.866,2.807
2,15,0.548,1.508
2,15,0.388,2.116
2,15,1.2,3.402
2,15,0.53,2.406
2,16,0.47,1.854
2,16,0.423,2.569
2,16,0.05,0.317
2,16,0.507,2.184
2,16,0.897,2.886
2,16,0.791,2.886
2,16,0.416,2.127
2,16,0.03,0.155
2,16,0.695,2.268
2,16,0.448,2.098
2,16,0.495,2.766
2,16,0.401,1.696
2,16,0.225,0.884
2,16,0.121,0.964
2,16,0.632,2.888
2,16,0.433,1.944
2,16,0.095,0.732
2,16,0.093,0.563
2,16,0.536,2.099
2,16,0.041,0.481
2,16,0.47,2.116
2,16,0.54,2.432
2,16,0.015,0.158
2,16,0.291,1.054
2,16,0.833,3.05
2,16,0.743,3.051
2,16,0.103,0.389
2,16,1.053,2.855
2,16,0.703,2.804
2,16,0.782,2.453
2,16,0.699,2.116
2,16,1.356,4.131
2,16,0.102,0.802
2,16,0.428,1.703
2,16,0.644,2.212
2,16,0.96,3.338
2,16,0.011,0.155
2,17,0.181,1.653
2,17,0.338,1.823
2,17,0.482,2.419
2,17,0.325,1.491
2,17,0.316,1.696
2,17,0.716,2.583
2,17,0.278,1.936
2,17,0.102,0.755
2,17,0.133,1.24
2,17,0.57,3.002
2,17,0.381,2.407
2,17,0.978,2.947
2,17,0.349,1.1
2,17,0.814,3.827
2,17,0.403,1.55
2,17,0.835,2.501
2,17,0.891,3.808
2,17,0.358,2.242
2,17,0.619,2.717
2,17,0.315,1.716
2,17,0.755,3.002
2,17,0.665,2.501
2,17,0.687,3.002
2,17,0.306,1.727
2,17,0.482,1.732
2,17,0.593,1.839
2,17,0.047,0.538
2,17,0.664,2.788
2,17,0.045,0.244
2,17,0.495,2.02
2,18,0.538,2.506
2,18,0.192,1.609
2,18,0.29,1.249
2,18,0.146,1.563
2,18,0.639,2.136
2,18,0.017,0.281
2,18,0.38,2.896
2,18,0.474,1.865
2,18,0.152,0.604
2,18,0.944,2.906
2,18,0.061,0.547
2,18,0.589,2.972
2,18,0.559,1.695
2,18,0.417,2.215
2,18,0.606,2.345
2,18,0.386,2.097
2,18,0.181,2.011
2,18,0.221,0.929
2,18,0.615,2.135
2,18,0.181,1.729
2,18,0.393,2.18
2,18,0.404,1.497
2,18,0.969,2.82
2,18,0.785,3.223
2,18,0.683,2.496
2,18,1.625,3.801
2,18,0.078,0.442
2,18,0.484,1.986
2,18,0.644,2.18
2,18,0.81,3.144
2,18,0.512,0.92
2,18,1.736,4.67
2,18,0.036,0.442
2,18,0.77,3.292
2,18,0.815,2.577
2,19,0.351,2.206
2,19,0.413,2.68
2,19,0.109,0.523
2,19,0.628,2.366
2,19,0.679,2.126
2,19,0.458,4.35
2,19,0.792,2.461
2,19,0.317,1.651
2,19,0.79,3.04
2,19,0.218,2.027
2,19,0.016,0.2
2,19,0.8,2.831
2,19,0.426,1.516
2,19,0.92,3.679
2,19,1.979,4.58
2,19,0.056,0.2
2,19,0.048,0.274
2,19,0.887,2.55
2,19,0.834,2.951
2,19,0.584,2.461
2,19,1.243,4.133
2,19,0.435,1.922
2,19,0.374,2.097
2,19,0.289,0.925
2,19,0.541,2.05
2,19,0.077,0.444
2,19,0.106,0.444
2,19,0.538,2.062
2,19,0.545,3.373
2,19,0.396,1.253
2,19,0.596,2.75
2,19,1.062,3.51
2,19,0.078,0.603
2,19,0.028,0.2
2,19,0.03,0.2
2,19,1.088,3.672
2,19,0.534,2.15
2,20,0.021,0.161
2,20,0.381,2.743
2,20,0.584,1.957
2,20,0.278,1.244
2,20,0.154,1.177
2,20,1.187,3.85
2,20,0.442,1.817
2,20,1.05,3.617
2,20,0.493,2.664
2,20,0.428,2.104
2,20,0.703,2.646
2,20,0.3,1.637
2,20,0.091,0.705
2,20,1.049,3.84
2,20,0.272,2.624
2,20,0.035,0.234
2,20,0.663,2.358
2,20,0.803,3.064
2,20,0.086,0.536
2,20,0.375,2.289
2,20,0.447,1.902
2,20,1.482,4.569
2,20,0.053,0.443
2,20,0.902,3.043
2,20,0.413,1.478
2,20,0.046,0.234
2,20,0.231,0.937
2,20,0.039,0.161
2,20,0.952,4.086
2,20,0.544,1.742
2,20,0.009,0.159
2,20,0.725,2.799
2,20,0.853,2.886
2,20,1.041,3.534
2,21,0.438,1.535
2,21,0.014,0.152
2,21,0.468,2.371
2,21,0.012,0.152
2,21,0.165,1.228
2,21,0.675,2.689
2,21,0.391,1.881
2,21,0.123,0.979
2,21,0.709,1.881
2,21,0.519,1.675
2,21,0.838,3.014
2,21,0.448,2.416
2,21,0.088,0.321
2,21,0.023,0.152
2,21,0.179,1.14
2,21,0.516,2.122
2,21,0.461,1.446
2,21,0.444,1.699
2,21,0.031,0.152
2,21,0.599,2.24
2,21,0.459,1.771
2,21,0.06,0.321
2,21,0.048,0.334
2,21,1.094,3.755
2,21,0.76,2.934
2,21,0.188,0.81
2,21,0.999,3.086
2,21,0.606,2.368
2,22,0.06,0.923
2,22,0.894,2.719
2,22,0.533,2.086
2,22,0.698,3.129
2,22,0.239,1.293
2,22,0.075,0.308
2,22,0.089,0.58
2,22,0.078,0.906
2,22,0.038,0.16
2,22,0.396,2.205
2,22,0.584,1.98
2,22,0.882,2.786
2,22,0.503,1.845
2,22,0.073,0.482
2,22,0.187,1.503
2,22,0.225,0.752
2,22,0.663,2.606
2,22,0.022,0.16
2,22,1.338,3.73
2,22,0.52,1.845
2,22,0.354,1.403
2,22,0.039,0.16
2,22,0.336,2.047
2,22,0.463,2.606
2,22,0.024,0.16
2,22,0.127,0.647
2,22,0.55,2.2
2,22,0.107,0.647
2,22,0.474,2.142
2,22,0.097,0.308
2,23,0.182,2.075
2,23,0.016,0.228
2,23,1.056,3.587
2,23,0.511,3.746
2,23,0.045,0.228
2,23,1.05,3.732
2,23,0.429,1.748
2,23,0.606,1.968
2,23,0.027,0.228
2,23,0.044,0.228
2,23,0.452,2.999
2,23,0.691,3.571
2,23,0.599,2.38
2,23,0.361,1.886
2,23,0.04,0.228
2,23,0.685,2.938
2,23,0.549,2.369
2,23,0.019,0.236
2,23,0.054,0.228
2,23,0.295,2.196
2,23,0.717,2.938
2,23,0.757,2.999
2,23,0.942,2.681
2,23,0.055,0.228
2,23,0.045,0.228
2,23,0.423,2.36
2,23,0.063,0.228
2,23,0.705,2.765
2,23,0.269,1.025
2,23,0.393,1.959
2,23,0.05,0.228
2,23,0.032,0.38
2,23,0.619,1.981
2,24,0.128,1.464
2,24,0.097,0.648
2,24,0.106,0.558
2,24,0.804,2.648
2,24,0.793,2.413
2,24,0.993,4.222
2,24,0.449,2.81
2,24,0.347,2.283
2,24,0.572,2.436
2,24,0.428,1.56
2,24,0.721,3.33
2,24,0.014,0.153
2,24,0.463,2.229
2,24,0.702,2.012
2,24,0.527,2.436
2,24,0.542,1.715
2,24,0.513,1.892
2,24,0.04,0.483
2,24,0.096,0.484
2,24,0.525,1.849
2,24,1.031,3.22
2,24,0.096,0.319
2,24,0.048,0.558
2,24,0.74,2.209
2,24,0.881,4.389
2,24,1.396,4.148
2,24,0.077,0.529
2,24,0.065,0.383
2,24,0.785,2.73
2,24,0.716,3.214
2,24,0.056,0.393
2,25,0.58,4.174
2,25,0.68,3.151
2,25,0.91,3.815
2,25,0.987,3.931
2,25,0.439,2.19
2,25,0.43,2.11
2,25,0.218,1.613
2,25,0.848,2.981
2,25,0.704,4.285
2,25,0.886,3.151
2,25,0.267,1.937
2,25,0.013,0.161
2,25,0.047,0.244
2,25,0.626,2.804
2,25,0.455,2.337
2,25,0.634,2.27
2,25,0.862,2.184
2,25,0.037,0.163
2,25,0.021,0.244
2,25,1.128,4.775
2,25,0.703,1.63
2,25,1.269,4.174
2,25,0.473,1.469
2,25,0.032,0.163
2,25,0.34,1.702
2,25,0.027,0.163
2,25,0.653,2.417
2,25,0.063,0.559
2,25,0.469,2.681
2,25,0.028,0.244
2,25,0.595,2.676
2,25,0.801,3.469
2,25,0.411,2.595
2,25,0.051,0.244
2,25,1.323,4.385
2,25,0.541,4.054
2,25,0.522,2.681
2,25,0.571,2.672
2,25,0.387,1.296
2,25,0.027,0.244
2,25,0.007,0.163
2,25,0.026,0.163
2,25,0.079,0.319
2,25,0.074,0.482
2,25,0.306,1.613
2,26,0.039,0.233
2,26,0.264,2.299
2,26,1.36,3.976
2,26,0.682,3.804
2,26,0.902,4.817
2,26,0.798,3.564
2,26,0.014,0.148
2,26,1.011,3.064
2,26,0.703,3.24
2,26,0.858,3.138
2,26,0.687,3.252
2,26,0.025,0.16
2,26,0.439,1.9
2,26,0.455,2.286
2,26,0.253,2.447
2,26,0.671,3.133
2,26,0.72,2.955
2,26,0.081,0.233
2,26,0.687,2.532
2,26,0.354,1.975
2,26,0.045,0.252
2,26,0.039,0.16
2,26,0.045,0.16
2,26,1.017,3.704
2,26,0.869,2.638
2,26,1.189,3.976
2,26,0.01,0.16
2,26,0.064,0.321
2,26,0.03,0.16
2,26,0.294,1.476
2,26,0.069,0.393
2,26,0.374,1.766
2,26,0.661,1.965
2,26,0.015,0.16
2,26,1.027,3.133
2,26,0.797,2.128
2,26,0.618,2.044
2,26,0.093,0.497
2,26,0.893,3.24
2,27,0.032,0.483
2,27,0.23,2.764
2,27,0.565,2.764
2,27,0.082,0.312
2,27,0.998,3.884
2,27,0.008,0.163
2,27,0.017,0.163
2,27,0.636,2.764
2,27,0.322,2.011
2,27,0.255,2.329
2,27,0.501,1.421
2,27,0.036,0.232
2,27,0.219,1.504
2,27,0.041,0.232
2,27,0.493,2.875
2,27,0.417,1.869
2,27,0.924,3.667
2,27,0.261,1.109
2,27,0.343,1.793
2,27,0.062,0.312
2,27,0.501,2.452
2,27,0.102,0.632
2,27,0.382,2.602
2,27,0.507,2.174
2,27,0.058,0.625
2,27,0.347,2.355
2,27,0.011,0.163
2,27,1.474,4.295
2,27,0.635,2.486
2,27,0.558,2.115
2,27,1.109,3.293
2,27,0.572,2.764
2,27,0.624,2.764
2,27,0.114,0.932
2,27,0.407,1.75
2,28,0.022,0.323
2,28,1.176,3.405
2,28,0.036,0.242
2,28,0.34,2.776
2,28,0.641,2.541
2,28,0.78,2.939
2,28,0.469,2.129
2,28,0.017,0.326
2,28,0.026,0.161
2,28,0.032,0.242
2,28,0.023,0.161
2,28,0.051,0.493
2,28,0.007,0.161
2,28,0.719,2.541
2,28,0.151,0.578
2,28,0.684,3.659
2,28,0.624,2.059
2,28,0.529,2.211
2,28,0.61,2.523
2,28,0.035,0.242
2,28,0.038,0.242
2,28,0.059,0.323
2,28,1.056,3.446
2,28,0.289,1.474
2,28,0.882,3.446
2,28,0.064,0.242
2,28,0.531,2.371
2,28,0.791,2.123
2,28,0.13,1.061
2,28,0.03,0.161
2,28,0.649,1.967
2,28,0.066,0.323
2,28,0.47,1.639
2,28,0.027,0.161
2,28,0.577,3.247
2,28,0.598,2.05
2,28,0.944,3.56
2,28,0.563,2.453
2,28,0.08,0.242
2,28,0.078,0.323
2,28,0.023,0.161
2,28,0.773,3.107
2,28,0.09,0.493
2,28,0.031,0.242
2,29,0.954,3.723
2,29,1.105,4.053
2,29,0.507,2.394
2,29,0.394,1.299
2,29,0.01,0.217
2,29,0.398,3.854
2,29,0.547,2.142
2,29,0.142,1.001
2,29,0.48,2.637
2,29,0.01,0.217
2,29,0.495,2.216
2,29,0.812,3.842
2,29,0.52,3.422
2,29,1.365,3.621
2,29,0.531,3.612
2,29,0.012,0.217
2,29,0.053,0.243
2,29,0.733,2.142
2,29,0.491,2.424
2,29,0.749,2.736
2,29,0.651,2.736
2,29,0.425,1.872
2,29,0.094,0.337
2,29,0.062,0.243
2,29,0.83,2.637
2,29,0.641,2.142
2,29,0.937,2.736
2,29,0.018,0.243
2,29,0.012,0.366
2,29,0.021,0.243
2,29,0.097,0.849
2,29,0.392,1.913
2,29,0.058,0.363
2,29,0.359,1.306
2,30,0.896,1.947
2,30,0.262,1.947
2,30,0.419,1.902
2,30,0.236,2.07
2,30,0.438,1.586
2,30,0.8,4.338
2,30,0.413,2.832
2,30,0.772,3.351
2,30,0.829,3.012
2,30,0.213,1.212
2,30,0.421,3.102
2,30,0.052,0.739
2,30,0.792,2.566
2,30,0.271,2.148
2,30,1.008,3.474
2,30,0.38,2.177
2,30,0.518,2.212
2,30,0.557,2.655
2,30,0.028,0.243
2,30,0.555,1.82
2,30,0.049,0.246
2,30,0.999,3.43
2,30,0.268,1.233
2,30,0.038,0.246
2,30,0.435,2.039
2,30,0.057,0.363
2,30,0.43,0.728
2,30,0.383,2.444
2,30,0.782,2.533
2,30,0.313,1.587
2,30,0.041,0.246
2,30,0.865,3.637
2,30,0.097,0.246
2,30,0.136,1.462
2,30,1.265,4.516
2,30,0.08,0.363
3,1,1.002,2.482
3,1,0.918,2.331
3,1,0.756,2.205
3,1,0.517,1.262
3,1,0.565,1.179
3,1,0.539,1.918
3,1,1.311,3.174
3,1,0.769,1.802
3,1,0.596,1.762
3,1,0.44,1.743
3,1,1.054,2.793
3,1,0.957,2.246
3,1,1.176,2.831
3,1,0.579,1.238
3,1,1.838,4.177
3,1,0.734,2.206
3,1,0.883,1.472
3,1,0.85,2.126
3,1,1.273,3.214
3,1,1.704,3.551
3,1,0.448,1.262
3,1,0.612,1.303
3,1,1.416,3.846
3,1,1.533,3.17
3,1,0.966,2.371
3,1,0.899,2.202
3,1,1.323,2.794
3,1,1.033,2.522
3,1,1.356,3.424
3,1,1.517,3.426
3,1,0.035,0.209
3,1,0.812,2.205
3,1,0.697,1.918
3,1,1.574,3.506
3,1,1.193,2.584
3,1,0.242,1.052
3,1,1.049,2.798
3,1,1.556,3.255
3,1,0.892,2.076
3,2,1.206,2.75
3,2,0.314,1.257
3,2,0.267,1.138
3,2,1.357,2.875
3,2,0.592,2.616
3,2,1.511,3.208
3,2,1.409,3.547
3,2,0.715,1.806
3,2,1.196,2.75
3,2,1.209,2.875
3,2,0.675,1.763
3,2,0.433,0.968
3,2,0.724,1.596
3,2,1.444,3.041
3,2,1.506,3.463
3,2,0.657,1.089
3,2,1.262,2.665
3,2,1.316,2.875
3,2,1.165,2.121
3,2,0.072,0.207
3,2,1.546,3.38
3,2,1.421,3.633
3,2,1.541,3.547
3,2,0.202,0.377
3,2,1.193,2.708
3,2,1.376,3.128
3,2,1.441,3.085
3,2,1.305,3.253
3,2,1.36,3.499
3,2,1.959,4.661
3,2,0.94,2.085
3,2,1.685,3.674
3,2,0.754,2.164
3,2,0.914,2.16
3,2,0.483,1.678
3,2,0.549,1.299
3,3,1.442,3.483
3,3,0.603,1.931
3,3,0.873,1.974
3,3,1.102,2.184
3,3,0.606,1.427
3,3,0.643,2.098
3,3,1.458,3.527
3,3,1.953,3.611
3,3,1.381,2.98
3,3,1.266,2.645
3,3,0.434,1.419
3,3,0.773,1.886
3,3,1.018,2.31
3,3,0.792,1.974
3,3,0.679,2.016
3,3,0.989,2.056
3,3,1.541,3.61
3,3,0.445,1.215
3,3,1.018,2.477
3,3,1.601,4.611
3,3,1.723,4.284
3,3,1.322,3.486
3,3,1.301,3.317
3,3,0.56,1.594
3,3,0.978,2.393
3,3,0.999,2.645
3,3,1.036,2.772
3,3,0.931,2.393
3,3,0.597,2.06
3,3,0.977,2.518
3,3,0.638,1.763
3,3,0.691,2.645
3,3,0.85,1.844
3,3,0.87,2.021
3,3,0.854,1.973
3,3,1.17,2.98
3,3,1.317,2.645
3,3,0.952,2.224
3,3,1.728,3.741
3,3,1.389,3.365
3,3,0.348,1.804
3,3,0.732,2.264
3,3,0.732,2.426
3,3,1.173,2.806
3,3,1.565,3.736
3,3,0.607,1.721
3,4,0.131,0.566
3,4,0.256,1.619
3,4,1.146,2.541
3,4,1.136,2.666
3,4,0.814,2.12
3,4,0.796,1.911
3,4,0.923,2.12
3,4,2.13,4.99
3,4,0.446,1.912
3,4,0.235,1.031
3,4,0.947,2.415
3,4,0.066,0.168
3,4,1.09,2.499
3,4,0.913,2.876
3,4,0.726,1.736
3,4,0.033,0.294
3,4,1.729,3.631
3,4,0.667,1.763
3,4,0.675,2.155
3,4,0.428,1.407
3,4,1.014,3.086
3,4,0.898,2.162
3,4,0.006,0.079
3,4,1.366,3.084
3,4,0.396,0.947
3,4,1.261,2.833
3,4,0.872,2.319
3,4,0.744,2.539
3,4,1.559,3.422
3,4,0.836,2.666
3,4,1.071,2.876
3,4,1.454,3.591
3,4,0.133,0.419
3,4,1.441,3.926
3,4,0.864,2.037
3,4,0.895,2.204
3,4,1.564,4.221
3,4,0.748,1.829
3,4,1.354,2.959
3,4,1.14,2.877
3,4,0.334,1.571
3,4,0.629,2.29
3,4,0.932,2.329
3,4,0.93,2.079
3,4,0.73,1.953
3,4,0.846,2.247
3,4,1.587,3.295
3,4,0.891,2.247
3,5,1.248,2.938
3,5,0.715,1.93
3,5,1.205,2.939
3,5,0.694,1.891
3,5,1.263,3.023
3,5,0.828,2.727
3,5,0.724,1.848
3,5,0.014,0.127
3,5,1.246,3.105
3,5,0.617,1.68
3,5,1.347,3.654
3,5,0.355,1.133
3,5,1.327,3.442
3,5,0.227,1.477
3,5,0.234,0.632
3,5,0.891,3.189
3,5,0.511,2.554
3,5,0.839,2.315
3,5,1.206,2.394
3,5,0.02,0.084
3,5,0.809,2.183
3,5,1.265,3.107
3,5,0.881,2.139
3,5,0.932,2.058
3,5,1.15,3.155
3,5,0.443,1.131
3,5,0.028,0.127
3,5,1.485,3.441
3,5,0.778,1.813
3,5,1.27,2.646
3,5,0.866,2.436
3,5,0.5,1.888
3,5,0.017,0.075
3,5,0.577,2.895
3,5,0.668,1.799
3,5,0.747,2.229
3,5,2.092,4.202
3,5,1.287,3.57
3,5,1.307,3.529
3,5,0.02,0.075
3,5,1.058,2.432
3,5,0.905,2.058
3,5,0.015,0.124
3,6,0.385,1.763
3,6,1.011,2.232
3,6,1.106,3.99
3,6,0.377,1.007
3,6,1.21,2.604
3,6,0.847,2.191
3,6,0.799,3.066
3,6,0.561,1.638
3,6,1.091,2.351
3,6,0.602,2.436
3,6,0.899,1.896
3,6,0.028,0.084
3,6,0.487,0.847
3,6,0.154,0.721
3,6,0.952,2.062
3,6,0.054,0.511
3,6,0.016,0.091
3,6,0.768,2.94
3,6,0.04,0.127
3,6,1.295,2.822
3,6,0.068,0.302
3,6,0.379,0.882
3,6,0.046,0.127
3,6,0.847,1.812
3,6,0.841,1.758
3,6,0.834,2.443
3,6,1.023,2.443
3,6,0.818,1.771
3,6,1.491,3.699
3,6,0.875,2.232
3,6,0.031,0.17
3,6,0.023,0.252
3,6,0.771,2.057
3,6,1.272,3.155
3,6,0.473,1.477
3,6,0.605,1.933
3,6,0.531,2.105
3,6,1.809,3.699
3,6,0.087,1.217
3,7,0.605,1.805
3,7,1.529,3.654
3,7,1.254,2.858
3,7,0.552,2.561
3,7,1.545,4.219
3,7,1.363,2.73
3,7,1.056,2.854
3,7,0.403,2.225
3,7,0.997,2.678
3,7,1.017,2.395
3,7,1.673,3.688
3,7,0.01,0.086
3,7,1.1,3.273
3,7,1.307,3.149
3,7,1.456,3.273
3,7,0.726,1.805
3,7,0.11,0.371
3,7,0.661,1.721
3,7,0.566,2.142
3,7,0.389,1.296
3,7,0.942,2.349
3,7,0.882,2.687
3,7,0.44,1.386
3,7,0.941,3.023
3,7,0.026,0.084
3,7,0.584,2.52
3,7,1.031,2.477
3,7,0.963,2.1
3,7,0.485,1.473
3,7,0.966,2.772
3,7,0.953,2.687
3,7,1.597,3.863
3,8,0.496,2.037
3,8,0.514,1.701
3,8,0.006,0.083
3,8,1.201,3.212
3,8,1.238,2.995
3,8,0.533,1.531
3,8,1.128,2.37
3,8,0.764,2.751
3,8,0.523,1.365
3,8,0.702,1.488
3,8,1.65,3.801
3,8,0.673,1.952
3,8,1.099,2.792
3,8,0.789,2.414
3,8,1.166,3.668
3,8,1.537,3.507
3,8,0.022,0.125
3,8,1.685,4.013
3,8,0.915,2.155
3,8,0.652,1.902
3,8,0.905,1.784
3,8,0.956,2.113
3,8,1.204,3.172
3,8,1.097,2.288
3,8,0.875,2.585
3,8,1.043,2.96
3,8,0.355,1.279
3,8,0.147,0.823
3,8,0.881,2.455
3,8,0.013,0.167
3,8,0.746,2.162
3,9,0.008,0.127
3,9,0.536,1.912
3,9,0.73,2.078
3,9,0.21,1.325
3,9,1.043,3.543
3,9,0.617,2.115
3,9,0.488,1.996
3,9,0.041,0.162
3,9,1.054,2.455
3,9,1.348,3.886
3,9,0.597,1.149
3,9,0.563,1.953
3,9,0.647,2.613
3,9,0.269,1.13
3,9,0.039,0.162
3,9,0.244,1.196
3,9,0.008,0.133
3,9,1.093,2.453
3,9,0.483,1.532
3,9,1.389,3.342
3,9,0.553,1.864
3,9,0.54,1.912
3,9,0.022,0.162
3,9,0.087,0.336
3,9,0.862,2.455
3,9,0.439,1.661
3,9,0.874,2.287
3,9,1.529,3.506
3,9,0.607,1.995
3,9,0.454,2.246
3,9,0.914,2.332
3,9,0.817,2.119
3,9,0.611,2.163
3,9,0.489,1.315
3,9,0.408,2.069
3,9,0.063,0.338
3,9,0.45,1.989
3,9,0.022,0.079
3,9,1.185,2.753
3,9,0.043,0.247
3,10,1.026,3.3
3,10,0.857,2.035
3,10,0.014,0.126
3,10,1.413,3.213
3,10,0.273,1.536
3,10,0.513,2.332
3,10,0.897,2.373
3,10,0.023,0.212
3,10,0.014,0.085
3,10,0.015,0.085
3,10,1.198,2.667
3,10,1.719,3.823
3,10,0.576,1.87
3,10,0.778,2.122
3,10,0.287,1.5
3,10,0.029,0.087
3,10,0.976,2.711
3,10,1.062,3.131
3,10,0.026,0.129
3,10,0.212,1.282
3,10,0.061,0.254
3,10,0.654,2.292
3,10,0.017,0.085
3,10,1.024,2.667
3,10,0.658,2.08
3,10,1.073,2.628
3,10,0.895,2.08
3,10,0.011,0.085
3,10,0.347,1.955
3,10,0.792,2.797
3,10,1.038,2.667
3,10,0.077,0.422
3,10,0.022,0.087
3,10,0.634,2.122
3,10,0.619,1.912
3,10,0.921,3.079
3,10,1.061,2.584
3,10,0.391,1.49
3,10,1.472,3.946
3,10,0.816,2.714
3,10,0.476,1.659
3,10,1.127,3.175
3,10,1.425,3.424
3,10,0.481,1.662
3,10,1.181,3.213
3,10,0.661,2.374
3,11,0.634,1.763
3,11,0.013,0.083
3,11,0.341,1.091
3,11,0.414,1.694
3,11,0.418,1.65
3,11,0.643,2.252
3,11,0.032,0.083
3,11,0.594,2.205
3,11,0.401,2.581
3,11,0.264,1.512
3,11,0.757,2.995
3,11,1.567,3.93
3,11,0.887,2.785
3,11,0.788,2.496
3,11,0.036,0.251
3,11,0.399,1.593
3,11,0.901,2.163
3,11,0.281,1.047
3,11,0.694,1.763
3,11,1.044,2.954
3,11,0.03,0.21
3,11,0.364,0.881
3,11,1.28,2.954
3,11,0.052,0.461
3,11,0.647,2.077
3,11,0.59,1.763
3,11,0.863,2.246
3,11,0.841,2.072
3,11,0.043,0.124
3,11,0.826,3.295
3,11,0.02,0.083
3,11,0.009,0.083
3,11,0.472,1.526
3,11,0.648,1.959
3,11,0.081,0.335
3,11,0.952,2.036
3,11,0.746,1.994
3,11,0.027,0.169
3,11,0.049,0.124
3,11,0.492,1.722
3,12,1.315,3.484
3,12,0.43,1.933
3,12,1.153,3.198
3,12,0.023,0.085
3,12,0.355,1.638
3,12,0.01,0.083
3,12,0.564,2.044
3,12,0.062,0.085
3,12,0.339,2.394
3,12,1.149,3.444
3,12,0.106,0.377
3,12,0.638,1.933
3,12,0.851,2.269
3,12,0.864,2.142
3,12,1.353,2.876
3,12,1.33,3.402
3,12,0.296,1.597
3,12,0.018,0.083
3,12,0.784,3.184
3,12,0.022,0.083
3,12,1.051,2.624
3,12,0.873,2.351
3,12,0.878,2.351
3,12,0.639,2.351
3,12,1.396,3.774
3,12,0.958,2.96
3,12,1.283,4.305
3,12,0.712,2.101
3,12,0.616,1.975
3,12,1.11,2.709
3,12,0.044,0.211
3,12,0.009,0.119
3,12,0.014,0.083
3,12,0.91,3.198
3,12,0.02,0.083
3,12,0.596,2.142
3,12,0.555,2.394
3,12,0.117,0.377
3,12,0.306,1.048
3,12,0.006,0.083
3,12,0.763,2.017
3,12,0.663,1.678
3,12,0.013,0.083
3,12,0.513,2.58
3,13,0.402,1.115
3,13,0.029,0.078
3,13,0.2,0.91
3,13,0.626,2.397
3,13,0.593,2.355
3,13,1.019,2.819
3,13,0.573,1.977
3,13,0.204,1.408
3,13,0.017,0.086
3,13,1.252,3.279
3,13,0.097,0.415
3,13,0.486,2.272
3,13,0.795,1.936
3,13,0.479,2.479
3,13,0.659,2.69
3,13,0.015,0.169
3,13,0.923,3.929
3,13,0.005,0.086
3,13,0.692,1.891
3,13,0.838,2.355
3,13,0.918,2.143
3,13,0.007,0.086
3,13,0.01,0.086
3,13,1.092,3.151
3,13,1.411,4.059
3,13,0.791,1.767
3,13,0.861,2.397
3,13,0.518,1.703
3,13,0.047,0.211
3,13,0.518,1.975
3,13,0.069,0.211
3,13,0.082,0.295
3,13,0.241,0.99
3,13,0.988,2.859
3,13,0.324,1.452
3,13,0.455,2.355
3,13,0.071,0.211
3,14,0.638,2.201
3,14,0.95,2.657
3,14,0.792,2.495
3,14,0.092,0.388
3,14,0.674,2.76
3,14,0.829,3.506
3,14,0.051,0.249
3,14,0.896,2.585
3,14,0.345,1.322
3,14,0.885,2.425
3,14,0.922,3.421
3,14,0.865,2.495
3,14,0.665,2.33
3,14,0.542,1.794
3,14,1.001,2.887
3,14,0.799,2.078
3,14,0.988,3.667
3,14,0.683,2.461
3,14,0.841,2.733
3,14,0.783,2.543
3,14,0.04,0.249
3,14,0.827,2.773
3,14,0.942,2.626
3,14,0.734,2.173
3,14,0.569,2.676
3,14,1.057,2.915
3,14,0.732,2.72
3,14,0.845,2.37
3,14,0.046,0.163
3,14,0.431,2.034
3,14,0.617,2.201
3,14,0.755,2.777
3,14,0.042,0.334
3,14,0.858,2.495
3,15,0.851,2.268
3,15,0.011,0.084
3,15,1.258,3.317
3,15,0.365,0.716
3,15,0.023,0.21
3,15,1.029,3.941
3,15,1.335,3.527
3,15,0.956,3.403
3,15,0.392,2.187
3,15,0.766,2.52
3,15,0.667,1.805
3,15,0.931,2.897
3,15,0.003,0.084
3,15,0.885,2.687
3,15,0.735,2.31
3,15,0.965,2.982
3,15,0.517,2.185
3,15,0.202,1.633
3,15,0.909,3.194
3,15,1.039,3.058
3,15,0.62,2.177
3,15,1.03,3.108
3,15,0.555,1.759
3,15,0.039,0.084
3,15,0.455,2.436
3,15,1.123,3.695
3,15,0.562,1.761
3,15,0.812,3.192
3,15,0.656,1.974
3,15,0.424,1.513
3,15,1.162,3.024
3,15,0.98,3.112
3,15,0.694,2.268
3,15,0.331,1.045
3,15,1.669,4.074
3,15,0.452,1.385
3,15,1.247,2.982
3,15,1.064,3.151
3,15,0.067,0.335
3,15,0.86,2.775
3,16,0.095,0.293
3,16,1.004,2.563
3,16,0.763,2.589
3,16,0.66,2.899
3,16,0.396,1.722
3,16,0.45,1.426
3,16,1.077,3.226
3,16,0.724,2.375
3,16,0.374,1.996
3,16,0.051,0.209
3,16,0.466,1.388
3,16,0.704,2.645
3,16,0.298,1.092
3,16,0.559,1.805
3,16,0.013,0.081
3,16,0.352,2.184
3,16,0.255,0.923
3,16,0.04,0.166
3,16,0.062,0.209
3,16,0.31,1.718
3,16,0.667,2.546
3,16,0.682,2.688
3,16,0.423,1.932
3,16,0.011,0.175
3,16,0.584,2.033
3,16,0.296,1.134
3,16,0.755,3.155
3,16,0.028,0.083
3,16,0.086,0.503
3,16,0.018,0.123
3,16,0.019,0.123
3,16,0.04,0.166
3,16,0.029,0.252
3,16,0.891,2.323
3,16,0.082,0.252
3,16,0.074,0.293
3,17,0.013,0.083
3,17,0.72,2.729
3,17,0.694,2.352
3,17,0.782,2.681
3,17,0.536,1.887
3,17,0.47,1.967
3,17,0.674,2.101
3,17,1.242,5.004
3,17,0.485,2.101
3,17,0.657,1.918
3,17,0.06,0.337
3,17,0.016,0.125
3,17,0.829,2.526
3,17,0.491,2.184
3,17,0.337,1.374
3,17,1.15,3.432
3,17,0.563,1.611
3,17,0.691,2.225
3,17,0.075,0.251
3,17,0.018,0.212
3,17,0.562,1.918
3,17,0.735,2.681
3,17,0.971,3.674
3,17,0.034,0.174
3,17,0.618,2.434
3,17,0.271,1.071
3,17,0.032,0.209
3,17,0.468,1.975
3,17,1.297,3.674
3,17,0.027,0.379
3,17,0.049,0.208
3,17,0.502,1.726
3,17,0.925,2.73
3,17,0.453,1.845
3,17,1.813,4.781
3,17,0.641,2.681
3,17,0.045,0.251
3,17,0.545,2.258
3,17,0.327,1.043
3,17,0.865,2.645
3,17,0.583,2.477
3,17,0.797,3.128
3,17,0.156,0.862
3,17,0.865,3.254
3,17,0.193,0.966
3,17,0.015,0.125
3,17,0.056,0.334
3,18,0.741,2.561
3,18,0.516,3.065
3,18,0.03,0.081
3,18,1.005,2.643
3,18,0.412,1.93
3,18,0.498,1.384
3,18,0.907,3.487
3,18,0.509,1.975
3,18,0.451,2.308
3,18,0.431,2.059
3,18,0.025,0.168
3,18,0.036,0.205
3,18,0.656,2.642
3,18,0.024,0.081
3,18,0.221,0.846
3,18,0.45,2.43
3,18,0.983,3.271
3,18,0.816,2.852
3,18,0.778,2.43
3,18,0.93,3.905
3,18,1.009,2.939
3,18,0.016,0.081
3,18,0.074,0.205
3,18,1.142,4.157
3,18,1.056,3.442
3,18,0.881,3.148
3,18,0.317,0.795
3,18,0.033,0.164
3,18,0.36,1.844
3,18,0.01,0.081
3,18,0.284,1.512
3,18,0.832,2.353
3,18,0.138,0.547
3,19,0.089,0.3
3,19,0.492,3.669
3,19,0.024,0.21
3,19,0.534,2.336
3,19,0.766,2.67
3,19,1.358,3.511
3,19,0.06,0.126
3,19,0.503,1.865
3,19,0.013,0.091
3,19,0.098,0.293
3,19,0.619,1.708
3,19,0.063,0.519
3,19,0.938,3.461
3,19,1.064,2.839
3,19,0.106,0.988
3,19,0.132,1.579
3,19,0.007,0.083
3,19,1.204,3.835
3,19,0.964,3.889
3,19,0.51,1.66
3,19,0.748,3.597
3,19,0.521,1.499
3,19,0.013,0.091
3,19,0.042,0.126
3,19,0.896,2.924
3,19,0.047,0.209
3,19,0.534,2.716
3,19,0.087,0.573
3,19,1.193,3.552
3,19,0.376,3.01
3,19,0.665,2.038
3,19,0.073,0.209
3,19,1.058,4.184
3,19,0.88,2.551
3,19,1.037,2.716
3,19,0.017,0.133
3,19,0.01,0.091
3,19,0.206,1.224
3,19,0.017,0.091
3,19,0.159,0.424
3,20,0.442,2.082
3,20,0.973,3.842
3,20,0.636,2.129
3,20,0.649,2.918
3,20,0.731,2.883
3,20,0.215,0.672
3,20,0.772,2.738
3,20,0.974,3.339
3,20,0.445,1.699
3,20,0.013,0.08
3,20,0.51,2.53
3,20,0.995,3.25
3,20,0.016,0.091
3,20,0.032,0.125
3,20,0.102,0.378
3,20,0.645,2.711
3,20,0.023,0.125
3,20,1.317,3.045
3,20,0.463,1.699
3,20,0.077,0.253
3,20,0.901,2.927
3,20,0.516,2.578
3,20,0.696,2.415
3,20,0.444,2.587
3,20,0.215,1.303
3,20,0.455,1.998
3,20,0.025,0.08
3,20,0.151,0.38
3,20,0.542,1.87
3,20,0.013,0.08
3,20,0.658,2.367
3,20,0.676,1.91
3,20,0.051,0.291
3,20,0.016,0.08
3,20,0.019,0.124
3,20,0.018,0.124
3,20,0.467,1.441
3,20,0.775,2.752
3,21,0.448,2.333
3,21,0.525,2.143
3,21,0.014,0.169
3,21,0.009,0.084
3,21,0.259,1.303
3,21,0.46,2.373
3,21,0.929,2.197
3,21,0.01,0.084
3,21,0.223,1.38
3,21,0.029,0.126
3,21,0.731,2.835
3,21,0.418,1.804
3,21,0.959,3.529
3,21,0.84,2.92
3,21,0.467,1.974
3,21,0.724,2.457
3,21,0.009,0.084
3,21,0.022,0.084
3,21,0.114,0.456
3,21,0.672,2.492
3,21,0.015,0.085
3,21,0.236,0.925
3,21,0.457,1.847
3,21,0.021,0.25
3,21,0.025,0.084
3,21,0.054,0.169
3,21,0.274,1.302
3,21,0.1,0.456
3,21,1.202,2.965
3,21,0.056,0.25
3,21,0.034,0.503
3,21,0.118,0.667
3,21,0.019,0.127
3,22,0.026,0.084
3,22,0.127,0.556
3,22,0.008,0.077
3,22,0.887,2.876
3,22,0.047,0.134
3,22,0.827,3.064
3,22,0.61,2.583
3,22,0.537,3.148
3,22,0.026,0.174
3,22,0.264,1.742
3,22,0.059,0.208
3,22,0.347,2.636
3,22,0.623,2.561
3,22,0.783,2.636
3,22,0.575,2.683
3,22,0.034,0.42
3,22,0.158,0.334
3,22,0.796,2.82
3,22,0.199,0.417
3,22,0.631,2.636
3,22,0.806,2.308
3,22,0.403,1.399
3,22,0.784,2.876
3,22,0.052,0.252
3,22,1.101,3.281
3,22,0.256,1.617
3,22,0.892,3.105
3,22,0.543,2.501
3,22,0.158,0.93
3,22,0.022,0.124
3,22,0.292,1.802
3,22,0.02,0.084
3,22,0.841,2.431
3,22,1.072,2.44
3,22,1.021,3.148
3,22,0.012,0.084
3,22,0.511,2.014
3,22,0.538,1.601
3,22,0.126,0.334
3,22,0.035,0.124
3,22,0.024,0.124
3,22,0.021,0.134
3,22,0.036,0.208
3,22,0.105,0.504
3,22,0.009,0.084
3,23,0.684,2.651
3,23,0.405,2.116
3,23,0.552,2.472
3,23,0.03,0.209
3,23,0.026,0.448
3,23,0.751,3.028
3,23,0.565,2.692
3,23,0.037,0.125
3,23,1.018,3.028
3,23,0.049,0.254
3,23,0.951,3.153
3,23,0.792,3.574
3,23,0.499,2.69
3,23,0.031,0.125
3,23,0.475,1.933
3,23,1.981,5.213
3,23,0.792,3.028
3,23,0.544,2.566
3,23,1.145,3.487
3,23,0.538,1.748
3,23,0.081,0.254
3,23,0.051,0.209
3,23,0.657,2.377
3,23,0.384,1.663
3,23,0.021,0.125
3,23,1.327,4.571
3,23,0.899,3.447
3,24,0.036,0.131
3,24,1.015,4.358
3,24,0.013,0.122
3,24,0.014,0.081
3,24,0.543,1.821
3,24,0.609,1.907
3,24,0.369,1.744
3,24,0.543,2.895
3,24,0.472,2.118
3,24,0.019,0.208
3,24,0.021,0.081
3,24,0.02,0.158
3,24,0.774,3.19
3,24,0.664,2.377
3,24,0.641,2.539
3,24,0.574,3.021
3,24,0.929,3.82
3,24,0.661,3.311
3,24,0.051,0.21
3,24,0.811,2.616
3,24,0.886,2.647
3,24,0.59,1.697
3,24,0.012,0.081
3,24,0.637,2.497
3,24,0.697,2.497
3,24,0.021,0.122
3,24,0.74,3.271
3,24,0.013,0.081
3,24,0.065,0.291
3,24,0.275,1.279
3,24,0.67,2.757
3,24,0.964,2.201
3,24,0.068,0.208
3,24,0.015,0.168
3,24,0.584,3.282
3,24,0.008,0.122
3,24,0.57,2.939
3,24,0.84,3.313
3,24,0.684,2.244
3,24,0.501,1.666
3,24,0.064,0.208
3,24,0.093,0.332
3,24,0.045,0.172
3,24,0.463,2.157
3,24,0.344,1.537
3,24,0.008,0.081
3,24,0.102,0.373
3,25,0.05,0.253
3,25,0.072,0.261
3,25,1.174,3.717
3,25,0.685,2.667
3,25,0.013,0.161
3,25,0.57,2.099
3,25,0.622,2.645
3,25,1.013,3.55
3,25,0.005,0.077
3,25,0.447,2.459
3,25,0.03,0.118
3,25,0.723,2.92
3,25,0.874,2.502
3,25,0.012,0.118
3,25,0.499,2.038
3,25,0.312,1.239
3,25,0.018,0.118
3,25,0.789,3.422
3,25,0.041,0.118
3,25,0.006,0.083
3,25,0.03,0.077
3,25,0.848,3.17
3,25,1.244,3.717
3,25,0.031,0.167
3,25,0.013,0.077
3,25,0.028,0.083
3,25,0.033,0.083
3,25,0.312,1.745
3,26,0.308,1.912
3,26,1.248,4.464
3,26,0.46,2.121
3,26,0.035,0.313
3,26,0.017,0.147
3,26,0.576,3.715
3,26,0.596,2.491
3,26,1.03,3.463
3,26,0.603,2.331
3,26,0.061,0.247
3,26,0.034,0.231
3,26,0.164,0.291
3,26,0.764,3.33
3,26,0.445,2.033
3,26,0.795,2.688
3,26,0.04,0.124
3,26,0.44,1.954
3,26,0.048,0.124
3,26,0.505,2.199
3,26,0.761,2.185
3,26,0.068,0.504
3,26,1.053,3.125
3,26,0.718,2.664
3,26,0.682,2.58
3,26,0.017,0.124
3,26,0.058,0.166
3,26,0.018,0.124
3,26,0.38,1.867
3,26,0.895,2.284
3,26,0.02,0.081
3,26,0.012,0.175
3,26,0.049,0.208
3,26,0.019,0.258
3,26,0.642,2.455
3,27,0.489,2.592
3,27,0.618,2.724
3,27,0.624,2.098
3,27,0.027,0.076
3,27,0.833,3.337
3,27,0.873,3.778
3,27,1.045,3.871
3,27,0.18,0.714
3,27,0.661,3.156
3,27,0.281,1.383
3,27,0.079,0.253
3,27,0.322,1.964
3,27,0.468,2.189
3,27,0.043,0.253
3,27,0.052,0.131
3,27,0.463,1.954
3,27,0.928,3.695
3,27,0.93,2.983
3,27,0.03,0.076
3,27,0.021,0.076
3,27,0.018,0.076
3,27,1.026,3.316
3,27,0.819,2.456
3,27,0.012,0.076
3,27,0.174,1.135
3,27,0.6,2.052
3,27,0.004,0.076
3,28,0.021,0.187
3,28,0.034,0.123
3,28,0.934,3.289
3,28,0.874,3.124
3,28,0.923,2.584
3,28,0.013,0.146
3,28,0.095,0.442
3,28,0.047,0.29
3,28,0.066,0.383
3,28,0.572,3.047
3,28,0.663,2.269
3,28,0.039,0.29
3,28,0.867,3.041
3,28,0.364,1.848
3,28,0.243,1.639
3,28,0.49,2.511
3,28,1.125,3.125
3,28,0.847,2.606
3,28,0.951,3.064
3,28,0.122,0.383
3,28,0.021,0.146
3,28,0.009,0.107
3,28,0.671,3.381
3,28,0.571,2.097
3,28,1.857,5.479
3,28,0.122,0.756
3,28,0.84,2.886
3,28,1.613,4.662
3,28,0.945,2.139
3,28,0.049,0.144
3,28,0.677,1.973
3,28,0.069,0.208
3,28,0.013,0.123
3,28,0.026,0.144
3,29,0.547,2.477
3,29,1.02,3.087
3,29,0.024,0.167
3,29,0.095,0.336
3,29,0.248,1.889
3,29,0.027,0.293
3,29,0.68,3.333
3,29,0.08,0.211
3,29,0.579,2.103
3,29,0.295,1.934
3,29,0.011,0.083
3,29,1.079,3.171
3,29,0.733,3.002
3,29,0.032,0.167
3,29,0.029,0.209
3,29,0.021,0.126
3,29,0.252,0.967
3,29,0.017,0.168
3,29,0.695,2.269
3,29,0.01,0.083
3,29,0.036,0.168
3,29,0.028,0.167
3,29,0.044,0.293
3,29,0.022,0.083
3,29,0.78,3.047
3,29,0.067,0.252
3,29,0.019,0.204
3,29,0.019,0.124
3,29,0.008,0.083
3,29,0.085,0.421
3,29,0.044,0.124
3,29,0.943,3.383
3,29,0.024,0.167
3,29,0.075,0.293
3,29,0.027,0.124
3,30,0.598,3.112
3,30,1.165,4.68
3,30,0.649,2.652
3,30,0.305,1.805
3,30,0.024,0.131
3,30,0.067,0.68
3,30,0.061,0.083
3,30,0.053,0.259
3,30,0.054,0.302
3,30,0.764,2.522
3,30,0.077,0.259
3,30,0.469,2.233
3,30,0.525,2.989
3,30,0.024,0.166
3,30,0.025,0.131
3,30,1.029,2.94
3,30,0.577,2.524
3,30,0.091,0.511
3,30,1.167,3.032
3,30,0.83,3.597
3,30,0.012,0.125
3,30,0.904,2.989
3,30,0.941,5.233
3,30,0.594,3.276
3,30,0.022,0.125
3,30,0.877,3.217
3,30,0.061,0.342
3,30,0.04,0.259
3,30,0.037,0.209
3,30,0.277,1.471
3,30,1.392,4.092
3,30,1.111,3.576
3,30,1.169,4.43
3,30,1.345,4.608
4,1,0.579,1.545
4,1,1.593,4.33
4,1,0.506,2.245
4,1,1.178,3.501
4,1,0.238,0.736
4,1,0.944,3.359
4,1,1.415,3.408
4,1,0.888,3.666
4,1,0.788,1.741
4,1,0.786,2.632
4,1,1.251,3.096
4,1,1.231,3.179
4,1,0.728,2.858
4,1,1.455,3.716
4,1,0.184,3.038
4,1,0.672,1.666
4,1,0.986,2.485
4,1,0.72,2.079
4,1,0.589,2.477
4,1,1.477,3.59
4,1,1.977,4.62
4,1,0.758,1.913
4,1,1.481,3.956
4,1,0.441,1.018
4,1,1.515,3.787
4,1,1.69,3.666
4,1,2.368,6.195
4,1,1.184,2.703
4,1,2.033,5.347
4,1,1.895,4.962
4,1,1.206,3.287
4,1,0.817,1.741
4,1,0.862,2.034
4,1,0.23,3.287
4,1,0.732,1.622
4,1,0.165,0.322
4,1,1.407,3.469
4,1,0.291,1.149
4,1,1.046,2.808
4,1,1.375,3.716
4,1,1.647,3.666
4,1,1.99,5.387
4,1,1.641,4.003
4,1,0.979,3.052
4,1,1.257,3.547
4,1,1.583,3.606
4,1,1.202,2.737
4,1,1.416,3.264
4,1,1.127,2.808
4,1,1.291,3.287
4,1,1.002,2.405
4,1,2.056,5.027
4,1,1.335,3.221
4,1,0.855,2.453
4,2,1.497,3.614
4,2,0.78,2.905
4,2,1.705,4.247
4,2,0.027,0.217
4,2,0.589,1.345
4,2,0.96,3.095
4,2,1.627,3.876
4,2,0.518,1.835
4,2,1.109,2.517
4,2,0.987,2.517
4,2,1.502,4.142
4,2,1.022,3.668
4,2,0.891,2.732
4,2,0.673,2.089
4,2,1.043,2.772
4,2,1.197,3.076
4,2,0.689,1.999
4,2,1.208,2.841
4,2,1.384,3.639
4,2,0.589,2.219
4,2,0.728,2.197
4,2,1.001,2.721
4,2,1.063,3.559
4,2,1.608,4.142
4,2,0.045,0.243
4,2,1.932,4.736
4,2,0.995,2.763
4,2,0.592,1.548
4,2,0.78,2.197
4,2,1.441,3.414
4,2,0.956,2.43
4,2,0.867,2.517
4,2,0.642,2.732
4,2,0.982,2.732
4,2,1.087,2.8
4,2,1.035,3.969
4,2,0.06,0.627
4,2,1.107,2.43
4,2,0.742,2.892
4,2,1.229,3.009
4,2,1.564,4.142
4,2,1.083,2.732
4,2,0.096,0.624
4,3,0.056,0.246
4,3,0.649,3.45
4,3,0.93,2.143
4,3,1.273,3.326
4,3,0.531,1.575
4,3,0.852,2.271
4,3,0.354,1.256
4,3,1.519,3.955
4,3,0.361,1.053
4,3,0.934,2.8
4,3,0.054,0.306
4,3,1.142,2.71
4,3,0.755,2.852
4,3,0.841,2.294
4,3,0.456,1.643
4,3,1.498,4.383
4,3,0.009,0.13
4,3,1.238,3.086
4,3,0.088,0.381
4,3,1.542,3.601
4,3,0.953,2.273
4,3,0.553,1.866
4,3,0.735,2.022
4,3,1.313,3.78
4,3,0.843,1.927
4,3,0.706,1.927
4,3,1.23,3.394
4,3,1.011,2.682
4,3,1.674,4.021
4,3,0.759,2.186
4,3,0.734,1.927
4,3,0.7,2.022
4,3,0.549,2.879
4,3,0.707,1.927
4,3,0.984,3.101
4,3,1.188,2.877
4,3,0.554,1.204
4,4,0.049,0.161
4,4,0.668,2.431
4,4,0.536,2.196
4,4,0.076,0.405
4,4,0.775,2.672
4,4,1.134,3.242
4,4,0.992,3.326
4,4,0.703,2.078
4,4,1.107,3.001
4,4,1.091,2.68
4,4,0.442,1.439
4,4,1.54,3.727
4,4,0.386,1.594
4,4,0.514,1.824
4,4,1.065,2.759
4,4,0.258,0.596
4,4,0.795,2.451
4,4,0.509,2.015
4,4,0.385,1.433
4,4,1.176,3.079
4,4,0.64,1.742
4,4,0.866,2.403
4,4,1.175,2.918
4,4,0.988,3.157
4,4,0.138,0.598
4,4,0.882,2.539
4,4,0.461,1.402
4,4,0.291,1.672
4,4,1.839,5.103
4,4,0.657,2.759
4,4,0.405,2.113
4,4,0.271,0.84
4,4,1.36,3.405
4,4,0.844,2.431
4,4,0.876,3.727
4,4,1.201,3.811
4,4,0.854,4.856
4,4,0.304,1.402
4,4,0.868,3.079
4,5,1.291,3.149
4,5,0.474,2.668
4,5,0.435,0.813
4,5,0.279,2.306
4,5,0.772,2.151
4,5,1.393,3.235
4,5,0.988,2.824
4,5,0.42,1.213
4,5,0.984,2.742
4,5,0.554,3.156
4,5,0.656,2.676
4,5,1.005,2.384
4,5,0.025,0.15
4,5,0.777,2.271
4,5,0.762,2.509
4,5,0.96,3.279
4,5,0.841,3.123
4,5,0.106,0.481
4,5,1.375,3.77
4,5,0.1,0.32
4,5,0.521,1.527
4,5,1.331,3.511
4,5,1.058,3.922
4,5,0.53,1.81
4,5,0.81,2.218
4,5,0.354,1.295
4,5,0.678,2.016
4,5,0.81,2.752
4,5,1.264,3.149
4,5,1.511,4.092
4,5,1.312,3.359
4,5,0.104,0.401
4,5,0.038,0.15
4,5,0.604,2.259
4,5,0.447,2.672
4,5,1.189,3.069
4,5,0.418,2.096
4,5,0.509,1.776
4,5,0.986,2.822
4,5,1.06,4.084
4,5,0.483,1.9
4,5,0.939,2.758
4,5,0.965,2.464
4,5,0.31,1.05
4,5,0.55,2.216
4,6,0.341,1.686
4,6,0.324,2.001
4,6,0.824,2.335
4,6,1.252,4.841
4,6,0.54,1.651
4,6,0.705,1.73
4,6,0.37,2.236
4,6,0.421,2.162
4,6,1.484,3.529
4,6,0.068,0.412
4,6,0.226,2.083
4,6,1.398,3.782
4,6,0.772,2.335
4,6,1.15,3.046
4,6,0.948,2.924
4,6,0.029,0.174
4,6,0.828,2.336
4,6,0.573,2.569
4,6,0.644,1.87
4,6,0.657,2.415
4,6,0.666,2.335
4,6,0.313,1.409
4,6,0.797,1.791
4,6,1.121,3.055
4,6,0.929,2.518
4,6,1.074,3.22
4,6,0.784,2.335
4,6,0.527,1.887
4,6,0.533,2.256
4,6,1.491,3.861
4,6,0.904,2.492
4,6,1.453,3.462
4,6,0.458,1.671
4,6,0.633,1.64
4,6,0.58,1.87
4,6,1.054,3.141
4,6,0.864,2.803
4,6,1.021,2.924
4,6,0.893,2.474
4,6,0.387,1.409
4,6,0.715,2.335
4,6,0.427,1.648
4,7,0.397,1.562
4,7,1.337,3.638
4,7,1.051,2.835
4,7,0.929,2.549
4,7,1.063,3.228
4,7,1.359,3.553
4,7,0.739,2.062
4,7,0.32,1.329
4,7,0.058,0.325
4,7,0.045,0.31
4,7,0.591,2.103
4,7,0.747,2.785
4,7,0.986,2.785
4,7,0.389,1.785
4,7,0.323,1.659
4,7,0.449,2.021
4,7,0.423,1.216
4,7,0.683,2.307
4,7,0.597,1.859
4,7,0.848,3.323
4,7,0.285,1.25
4,7,0.5,2.632
4,7,0.402,1.7
4,7,0.087,0.649
4,7,0.455,1.741
4,7,0.987,2.99
4,7,0.564,2.227
4,7,0.35,1.315
4,7,0.813,2.387
4,8,1.387,3.526
4,8,0.658,2.634
4,8,0.652,2.066
4,8,0.541,1.777
4,8,1.233,4.123
4,8,0.022,0.263
4,8,0.587,1.99
4,8,0.337,2.634
4,8,0.855,2.23
4,8,0.763,2.472
4,8,0.875,2.634
4,8,0.125,1.105
4,8,0.413,1.706
4,8,0.741,2.482
4,8,1.165,3.13
4,8,0.589,1.585
4,8,0.024,0.178
4,8,0.451,0.932
4,8,0.574,2.311
4,8,0.589,2.408
4,8,0.721,2.214
4,8,0.392,1.851
4,8,0.519,2.378
4,8,0.551,1.621
4,8,0.039,0.263
4,8,1.078,3.589
4,8,0.723,1.908
4,8,1.358,4.378
4,8,0.824,3.125
4,8,0.591,2.23
4,8,1.017,2.719
4,8,0.603,1.896
4,8,1.03,3.193
4,8,0.57,2.482
4,8,0.179,0.732
4,8,0.136,1.354
4,8,1.202,2.564
4,8,0.389,1.621
4,8,0.036,0.178
4,8,0.423,1.706
4,8,0.038,0.322
4,8,1.151,3.526
4,8,0.633,2.066
4,8,0.507,1.896
4,9,1.361,3.805
4,9,0.268,1.766
4,9,0.403,2.435
4,9,0.998,3.247
4,9,1.268,3.716
4,9,0.074,0.224
4,9,0.37,1.07
4,9,0.733,2.904
4,9,1.083,4.529
4,9,0.716,2.615
4,9,0.044,0.391
4,9,0.462,1.541
4,9,0.013,0.132
4,9,0.387,1.72
4,9,0.783,1.943
4,9,0.041,0.224
4,9,0.017,0.157
4,9,0.39,1.519
4,9,0.73,2.637
4,9,0.976,3.486
4,9,1.031,3.073
4,9,0.869,2.224
4,9,0.799,2.981
4,9,1.366,3.896
4,9,0.651,2.637
4,9,0.562,1.608
4,9,0.805,2.345
4,9,0.47,1.772
4,9,0.764,2.934
4,9,0.301,1.434
4,9,1.056,3.247
4,9,0.366,1.618
4,9,0.023,0.157
4,9,0.527,2.178
4,9,0.442,1.86
4,9,1.271,3.482
4,9,0.021,0.157
4,10,0.204,1.267
4,10,0.926,2.814
4,10,0.246,1.118
4,10,0.587,2.526
4,10,1.068,3.948
4,10,0.738,2.812
4,10,0.584,2.284
4,10,0.973,3.074
4,10,0.237,1.367
4,10,0.797,2.729
4,10,0.624,2.204
4,10,0.629,2.526
4,10,0.202,1.35
4,10,0.422,1.539
4,10,0.414,1.802
4,10,0.861,2.694
4,10,1.005,2.76
4,10,1.24,2.814
4,10,0.082,0.256
4,10,0.605,2.611
4,10,0.914,2.609
4,10,0.426,0.945
4,10,1.324,3.695
4,10,0.445,2.204
4,10,0.893,2.694
4,10,0.191,0.945
4,10,0.85,2.287
4,10,1.482,3.889
4,10,0.025,0.166
4,10,0.638,2.12
4,10,0.467,1.676
4,10,1.253,3.074
4,10,1.013,2.814
4,10,0.072,0.256
4,10,0.583,2.526
4,10,0.773,2.611
4,10,0.468,2.694
4,10,0.93,2.812
4,10,0.36,1.539
4,10,1.419,3.545
4,10,0.688,2.202
4,10,0.161,1.295
4,11,0.537,2.349
4,11,0.38,2.243
4,11,0.299,1.377
4,11,0.476,2.349
4,11,0.241,1.729
4,11,0.423,1.57
4,11,0.474,1.981
4,11,0.795,1.715
4,11,0.502,2.225
4,11,0.628,2.916
4,11,0.68,1.9
4,11,0.571,1.998
4,11,1.991,4.803
4,11,0.363,2.131
4,11,0.329,1.731
4,11,0.495,2.131
4,11,0.995,3.476
4,11,1.218,3.065
4,11,0.843,2.641
4,11,0.773,3.002
4,11,0.499,3.166
4,11,0.834,4.073
4,11,0.027,0.263
4,11,0.367,1.66
4,11,0.162,0.701
4,11,0.79,2.339
4,11,1.204,4.006
4,11,0.685,2.153
4,11,0.658,2.826
4,11,1.01,2.908
4,11,0.876,4.495
4,11,0.973,3.138
4,11,0.756,2.732
4,11,1.703,4.593
4,11,0.04,0.405
4,11,0.354,1.264
4,11,0.025,0.263
4,11,0.393,1.742
4,11,0.554,1.814
4,12,0.478,2.192
4,12,0.593,2.765
4,12,0.024,0.17
4,12,1.311,4.276
4,12,0.351,2.341
4,12,0.701,2.429
4,12,0.7,2.849
4,12,0.865,3.313
4,12,0.017,1.261
4,12,0.474,2.03
4,12,0.555,2.32
4,12,1.284,4.116
4,12,0.188,1.005
4,12,0.584,2.108
4,12,0.937,2.761
4,12,1.376,3.16
4,12,0.886,2.926
4,12,0.494,1.988
4,12,0.274,1.221
4,12,1.214,3.773
4,12,0.763,3.486
4,12,0.641,2.022
4,12,0.411,1.335
4,12,0.627,1.652
4,12,0.028,0.17
4,12,0.34,1.261
4,12,0.084,0.302
4,12,0.606,3.231
4,12,1.242,3.319
4,12,0.883,3.072
4,12,0.58,2.588
4,12,0.808,2.215
4,12,0.578,2.028
4,12,0.536,3.165
4,12,0.889,3.072
4,12,0.721,2.028
4,13,0.928,2.704
4,13,0.404,1.83
4,13,0.423,2.344
4,13,0.755,3.177
4,13,0.501,2.184
4,13,0.222,1.581
4,13,0.425,3.288
4,13,0.503,2.354
4,13,0.143,1.127
4,13,0.332,1.799
4,13,0.25,1.452
4,13,0.521,1.738
4,13,0.107,0.322
4,13,1.203,3.533
4,13,0.257,1.412
4,13,0.674,2.704
4,13,0.657,2.438
4,13,0.267,1.301
4,13,0.492,1.738
4,13,0.928,2.946
4,13,0.594,3.168
4,13,0.678,2.591
4,13,0.847,3.177
4,13,0.497,2.626
4,13,0.054,0.932
4,13,0.382,1.716
4,13,0.585,2.591
4,13,0.68,2.35
4,13,0.766,2.591
4,13,1.355,3.899
4,13,0.156,0.763
4,13,0.704,2.31
4,13,0.458,2.31
4,13,0.297,2.15
4,13,0.608,1.944
4,13,0.738,1.852
4,13,0.863,2.907
4,13,0.693,2.479
4,13,0.724,2.479
4,13,0.604,1.251
4,13,0.575,3.209
4,13,0.771,3.177
4,13,0.549,2.704
4,13,0.693,2.871
4,13,0.324,1.66
4,13,0.074,0.402
4,13,0.018,0.162
4,13,0.016,0.122
4,14,0.033,0.16
4,14,0.525,1.941
4,14,0.104,1.01
4,14,0.391,2.061
4,14,0.596,2.165
4,14,0.404,3.407
4,14,0.435,2.621
4,14,0.556,2.015
4,14,0.224,1.414
4,14,0.127,1.256
4,14,0.749,2.606
4,14,0.312,1.476
4,14,0.188,0.837
4,14,0.072,0.391
4,14,0.392,2.199
4,14,0.471,2.165
4,14,0.478,1.569
4,14,0.453,2.11
4,14,0.719,2.187
4,14,0.611,3.402
4,14,0.492,2.499
4,14,0.852,3.319
4,14,0.968,2.814
4,14,0.036,0.242
4,14,0.534,2.065
4,14,0.819,2.258
4,14,0.264,1.823
4,14,0.032,0.149
4,14,0.179,0.551
4,14,0.436,1.949
4,15,1.005,3.097
4,15,0.577,2.156
4,15,0.358,1.31
4,15,0.609,2.406
4,15,0.057,0.245
4,15,0.582,1.348
4,15,0.039,0.138
4,15,0.657,2.654
4,15,0.49,2.649
4,15,0.593,3.265
4,15,0.4,1.894
4,15,0.318,2.242
4,15,0.876,3.95
4,15,0.389,1.957
4,15,0.23,1.394
4,15,0.036,0.206
4,15,0.666,2.168
4,15,0.038,0.138
4,15,0.908,3.298
4,15,0.759,3.298
4,15,0.037,0.245
4,15,0.609,1.648
4,15,1.069,3.682
4,15,0.725,4.538
4,15,0.811,2.573
4,15,0.768,2.731
4,16,0.299,1.924
4,16,0.462,2.509
4,16,0.437,1.661
4,16,0.016,0.228
4,16,0.351,1.359
4,16,0.507,1.454
4,16,0.202,1.675
4,16,0.28,2.509
4,16,0.46,2.441
4,16,0.183,1.66
4,16,0.444,3.263
4,16,0.019,0.14
4,16,0.111,0.634
4,16,0.542,2.99
4,16,0.462,2.52
4,16,0.444,2.084
4,16,0.532,1.481
4,16,0.032,0.14
4,16,0.082,0.657
4,16,0.924,3.672
4,16,0.676,2.753
4,16,0.28,1.733
4,16,0.573,2.294
4,16,0.439,2.369
4,16,1.262,3.672
4,16,0.031,0.228
4,16,0.018,0.14
4,16,0.4,1.733
4,16,1.212,3.231
4,16,1.16,3.454
4,16,0.402,1.28
4,16,0.299,1.545
4,16,0.646,2.753
4,16,0.106,0.39
4,16,0.777,2.389
4,16,0.363,1.792
4,17,0.72,2.165
4,17,0.015,0.156
4,17,0.086,0.314
4,17,0.49,2.543
4,17,0.511,2.713
4,17,1.089,3.693
4,17,0.284,1.642
4,17,0.653,2.694
4,17,0.789,3.34
4,17,0.023,0.156
4,17,0.358,1.83
4,17,0.522,2.135
4,17,0.512,2.169
4,17,0.739,2.376
4,17,0.211,1.313
4,17,1.138,3.098
4,17,0.077,0.404
4,17,0.752,2.772
4,17,0.938,4.119
4,17,1.051,3.827
4,17,0.474,2.409
4,17,0.779,2.638
4,17,0.791,3.016
4,17,0.019,0.156
4,17,0.657,2.297
4,17,0.48,1.53
4,17,0.292,2.011
4,17,0.39,1.313
4,17,0.391,2.444
4,18,0.825,2.327
4,18,0.394,1.986
4,18,0.353,1.91
4,18,0.393,3.131
4,18,0.988,3.449
4,18,0.748,3.131
4,18,0.083,0.341
4,18,0.024,0.176
4,18,0.886,2.844
4,18,0.262,1.683
4,18,0.442,1.455
4,18,0.787,2.536
4,18,0.359,1.746
4,18,0.439,2.49
4,18,0.019,0.176
4,18,0.669,3.425
4,18,0.955,3.81
4,18,0.761,3.84
4,18,0.019,0.176
4,18,0.374,1.967
4,18,0.397,2.79
4,18,0.754,2.762
4,18,0.494,2.52
4,18,0.033,0.176
4,18,0.026,0.176
4,18,0.884,2.943
4,18,0.446,2.038
4,18,0.05,0.253
4,18,0.022,0.176
4,18,0.689,2.597
4,18,0.345,1.87
4,18,0.431,1.676
4,18,0.056,0.984
4,18,0.434,1.647
4,18,0.747,2.844
4,18,0.393,1.746
4,19,0.035,0.171
4,19,0.045,0.171
4,19,0.296,2.809
4,19,0.585,2.076
4,19,0.362,1.297
4,19,0.758,3.508
4,19,0.146,0.96
4,19,0.662,3.092
4,19,0.704,3.13
4,19,0.033,0.171
4,19,0.961,2.206
4,19,0.489,2.33
4,19,0.14,1.265
4,19,0.483,2.809
4,19,0.971,3.161
4,19,0.536,2.448
4,19,0.438,1.998
4,19,0.05,0.237
4,19,0.584,2.91
4,19,0.469,2.565
4,19,0.414,2.294
4,19,1.088,3.012
4,19,0.025,0.237
4,19,0.36,2.106
4,19,0.348,1.904
4,19,0.57,2.448
4,19,0.602,3.18
4,19,0.509,2.206
4,19,0.059,0.327
4,19,0.163,1.527
4,19,1.325,3.891
4,19,0.013,0.237
4,19,0.684,2.277
4,20,0.014,0.164
4,20,0.553,3.165
4,20,0.007,0.164
4,20,0.615,2.149
4,20,0.553,2.344
4,20,0.4,2.15
4,20,0.038,0.239
4,20,0.269,1.914
4,20,0.034,0.239
4,20,0.031,0.239
4,20,0.261,1.707
4,20,0.521,2.39
4,20,0.144,0.735
4,20,0.341,1.476
4,20,0.501,3.165
4,20,0.44,1.549
4,20,0.024,0.164
4,20,0.486,2.189
4,20,0.999,3.893
4,20,0.542,2.408
4,20,0.014,0.164
4,20,1.224,3.565
4,20,0.08,1.023
4,20,0.568,1.95
4,20,0.497,1.715
4,20,0.317,1.629
4,20,0.066,0.239
4,20,1.454,3.405
4,20,1.054,2.408
4,20,0.565,2.352
4,21,0.356,2.099
4,21,0.611,2.908
4,21,0.436,2.044
4,21,0.297,3.044
4,21,0.033,0.164
4,21,0.544,2.587
4,21,0.722,3.2
4,21,0.086,0.388
4,21,0.065,0.226
4,21,0.018,0.164
4,21,0.409,2.422
4,21,0.304,1.792
4,21,1.004,2.832
4,21,0.03,0.164
4,21,0.355,1.584
4,21,0.18,0.561
4,21,1.352,3.661
4,21,0.409,1.818
4,21,0.094,0.226
4,21,0.67,3.2
4,21,1.209,3.513
4,21,1.002,3.345
4,21,0.025,0.164
4,21,0.423,2.26
4,21,1.432,4.3
4,21,0.039,0.226
4,21,0.702,1.893
4,21,0.096,0.398
4,21,0.38,1.033
4,22,0.018,0.169
4,22,0.205,2.198
4,22,0.394,2.934
4,22,0.046,0.321
4,22,0.345,2.21
4,22,0.729,3.552
4,22,0.806,3.257
4,22,0.293,1.222
4,22,0.834,3.781
4,22,0.371,1.537
4,22,0.59,2.698
4,22,0.55,1.877
4,22,0.023,0.247
4,22,0.449,2.368
4,22,0.478,2.041
4,22,0.334,1.834
4,22,0.495,3.113
4,22,0.026,0.169
4,22,0.434,3.043
4,22,1.353,4.431
4,22,0.02,0.169
4,22,0.026,0.169
4,22,0.027,0.241
4,22,0.435,2.529
4,22,0.557,2.949
4,22,0.576,2.622
4,22,1.349,4.094
4,22,0.089,0.75
4,23,0.429,3.756
4,23,0.208,1.882
4,23,0.302,1.882
4,23,0.56,3.044
4,23,0.265,1.795
4,23,0.408,2.524
4,23,0.035,0.144
4,23,0.156,1.112
4,23,0.381,1.715
4,23,0.439,2.806
4,23,0.682,2.047
4,23,0.632,2.198
4,23,0.493,2.642
4,23,0.472,2.502
4,23,0.143,0.618
4,23,0.298,2.043
4,23,0.381,2.397
4,23,0.385,1.713
4,23,0.859,2.965
4,23,0.843,2.882
4,23,0.036,0.245
4,23,0.71,2.551
4,23,0.071,0.343
4,23,0.667,2.561
4,23,0.679,2.125
4,23,0.736,3.202
4,23,0.031,0.144
4,23,0.693,2.253
4,23,0.653,3.147
4,23,0.688,2.806
4,23,0.593,2.125
4,23,0.032,0.245
4,23,0.02,0.144
4,24,0.008,0.162
4,24,0.012,0.162
4,24,0.052,0.32
4,24,0.197,1.343
4,24,0.394,1.344
4,24,0.291,2.082
4,24,0.858,2.639
4,24,0.44,1.683
4,24,0.096,0.794
4,24,0.083,0.254
4,24,0.301,2.393
4,24,0.046,0.404
4,24,0.318,2.477
4,24,0.349,2.271
4,24,1.372,3.686
4,24,0.33,1.525
4,24,0.303,1.586
4,24,0.478,3.686
4,24,0.798,2.795
4,24,0.63,2.721
4,24,0.495,2.273
4,24,0.621,2.193
4,24,0.551,2.346
4,24,0.062,0.174
4,24,0.079,0.485
4,24,0.093,0.322
4,24,1.331,3.857
4,24,0.698,2.64
4,25,0.232,1.549
4,25,0.67,2.813
4,25,0.243,1.674
4,25,0.443,1.555
4,25,0.64,3.102
4,25,0.305,1.517
4,25,0.767,2.475
4,25,0.67,2.88
4,25,0.101,0.54
4,25,0.452,2.036
4,25,0.239,1.361
4,25,0.347,2.338
4,25,0.642,1.972
4,25,0.404,3.076
4,25,0.821,2.73
4,25,0.488,2.497
4,25,0.742,2.745
4,25,0.11,1.177
4,25,0.521,2.177
4,25,0.518,1.758
4,25,0.073,0.442
4,25,0.558,2.812
4,25,0.259,2.201
4,25,0.551,2.812
4,25,0.545,2.663
4,25,0.49,1.855
4,25,0.464,2.813
4,25,0.464,1.855
4,25,0.436,2.007
4,25,1.303,4.749
4,25,0.012,0.121
4,25,0.028,0.251
4,25,0.654,2.812
4,25,0.088,0.283
4,25,0.014,0.098
4,25,1.553,4.26
4,25,1.34,4.663
4,25,0.79,2.255
4,26,0.6,3.138
4,26,0.563,2.673
4,26,0.523,3.599
4,26,0.697,4.267
4,26,0.4,2.433
4,26,0.838,2.582
4,26,0.667,2.751
4,26,0.686,3.318
4,26,0.432,2.345
4,26,0.209,1.69
4,26,0.899,2.835
4,26,0.358,1.943
4,26,0.135,0.794
4,26,0.049,0.333
4,26,0.084,0.704
4,26,0.102,0.333
4,26,1.236,3.829
4,26,0.28,2.016
4,26,0.501,1.929
4,26,0.329,1.612
4,26,0.257,1.439
4,26,0.019,0.169
4,26,0.444,2.024
4,27,0.04,0.288
4,27,0.51,2.739
4,27,0.161,1.382
4,27,0.309,2.199
4,27,0.392,2.588
4,27,0.616,2.428
4,27,0.038,0.17
4,27,0.703,3.046
4,27,0.108,1.378
4,27,0.436,2.521
4,27,0.823,2.521
4,27,0.379,2.034
4,27,0.837,2.361
4,27,0.017,0.17
4,27,0.798,2.739
4,27,0.582,3.626
4,27,0.527,2.428
4,27,0.312,2.14
4,27,0.309,1.673
4,27,0.941,3.548
4,27,0.614,2.974
4,27,0.493,2.361
4,27,0.035,0.17
4,27,0.233,0.976
4,27,0.456,2.191
4,27,0.594,2.288
4,27,0.482,2.428
4,27,1.044,3.944
4,27,0.885,2.973
4,27,0.372,1.545
4,27,0.483,2.659
4,27,0.122,0.288
4,27,0.092,0.512
4,28,0.309,2.117
4,28,0.39,2.179
4,28,0.094,0.321
4,28,0.098,0.563
4,28,0.558,2.117
4,28,1.341,3.939
4,28,0.941,2.822
4,28,0.043,0.559
4,28,0.457,2.44
4,28,0.478,3.329
4,28,0.041,0.625
4,28,0.328,2.602
4,28,0.239,1.124
4,28,0.025,0.323
4,28,0.032,0.24
4,28,0.519,2.65
4,28,0.804,2.259
4,28,0.208,1.261
4,28,0.031,0.24
4,28,0.066,0.24
4,28,0.235,2.117
4,28,0.584,2.68
4,28,0.024,0.181
4,28,0.485,2.761
4,28,0.499,2.209
4,28,0.508,1.706
4,29,0.329,2.134
4,29,0.387,2.47
4,29,0.447,2.134
4,29,0.038,0.16
4,29,0.806,2.951
4,29,0.087,0.651
4,29,0.394,2.747
4,29,0.095,0.827
4,29,0.529,3.114
4,29,0.946,4.412
4,29,0.134,1.414
4,29,0.106,1.142
4,29,0.511,3.432
4,29,0.288,1.806
4,29,0.686,3.432
4,29,0.419,2.059
4,29,0.415,2.778
4,29,0.017,0.16
4,29,0.327,2.377
4,29,0.547,3.266
4,29,0.299,1.664
4,29,0.027,0.243
4,29,0.206,1.054
4,29,0.361,0.729
4,29,0.025,0.16
4,29,1.178,3.655
4,29,0.035,0.243
4,29,0.056,0.243
4,29,0.653,2.582
4,29,0.136,0.729
4,29,0.032,0.16
4,29,0.018,0.16
4,29,0.027,0.16
4,30,0.022,0.159
4,30,0.078,0.238
4,30,0.043,0.238
4,30,0.313,2.272
4,30,0.044,0.321
4,30,0.011,0.159
4,30,0.42,1.704
4,30,0.71,3.214
4,30,0.548,2.442
4,30,0.04,0.159
4,30,0.551,2.191
4,30,0.645,2.574
4,30,0.721,3.38
4,30,1.323,3.837
4,30,0.728,2.28
4,30,0.633,2.575
4,30,0.033,0.321
4,30,0.447,1.705
4,30,0.064,0.321
4,30,0.81,2.676
4,30,0.08,0.4
4,30,0.635,3.457
4,30,0.495,2.2
4,30,0.258,1.616
4,30,0.026,0.159
4,30,0.337,1.302
4,30,0.661,1.942
4,30,0.382,1.634
4,30,0.013,0.159
