1,1,0.251,0.657
1,1,1.857,6.145
1,1,2.297,7.846
1,1,1.337,4.541
1,1,1.128,3.216
1,1,1.179,3.592
1,1,0.424,2.471
1,1,1.029,3.249
1,1,0.531,2.532
1,1,1.112,2.859
1,1,1.736,5.124
1,1,1.385,4.173
1,1,1.523,4.419
1,1,1.187,3.675
1,1,1.955,7.812
1,1,1.198,3.864
1,1,1.373,3.739
1,1,2.201,6.866
1,1,0.453,2.408
1,1,1.402,3.739
1,1,1.288,3.452
1,1,0.74,2.268
1,1,1.731,5.314
1,1,0.063,0.274
1,1,1.021,2.408
1,1,0.04,0.229
1,1,0.814,1.868
1,1,1.5,4.592
1,1,1.405,4.173
1,1,0.471,1.868
1,1,1.286,3.087
1,1,0.899,2.921
1,1,2.076,7.812
1,1,0.611,2.626
1,1,1.497,3.969
1,1,1.52,4.703
1,1,1.367,3.675
1,1,1.115,2.921
1,1,0.101,0.274
1,1,1.597,4.388
1,1,1.423,4.065
1,1,1.291,3.771
1,1,1.622,5.061
1,1,1.887,6.426
1,1,2.235,7.265
1,1,1.4,4.004
1,1,1.378,3.801
1,2,1.21,4.132
1,2,0.711,2.921
1,2,1.501,4.801
1,2,0.785,2.25
1,2,0.088,0.399
1,2,0.173,1.07
1,2,1.269,3.722
1,2,0.791,2.345
1,2,0.159,0.86
1,2,0.557,1.911
1,2,0.032,0.253
1,2,0.994,2.921
1,2,0.946,3.379
1,2,0.22,1.175
1,2,1.195,3.632
1,2,0.918,2.393
1,2,0.751,2.272
1,2,1.298,3.61
1,2,1.711,4.513
1,2,1.301,3.024
1,2,1.205,3.968
1,2,0.847,2.702
1,2,1.409,5.73
1,2,1.743,6.193
1,2,0.013,0.209
1,2,0.567,1.722
1,2,0.836,2.205
1,2,0.48,1.512
1,2,1.074,2.917
1,2,0.998,2.979
1,2,1.828,5.312
1,2,1.438,4.428
1,2,0.722,2.272
1,2,1.356,3.948
1,2,0.752,2.31
1,2,1.498,4.554
1,2,0.715,1.568
1,2,0.674,1.554
1,2,0.007,0.104
1,2,0.378,0.817
1,2,1.669,4.618
1,2,0.363,1.68
1,2,0.519,1.386
1,2,0.148,0.706
1,2,1.035,3.527
1,2,1.51,4.177
1,2,1.045,2.45
1,2,0.273,1.68
1,2,1.906,6.322
1,2,0.799,2.099
1,2,1.427,4.639
1,2,1.011,2.52
1,2,1.426,3.968
1,3,0.495,1.619
1,3,0.595,2.985
1,3,1.237,3.466
1,3,0.931,3.235
1,3,1.092,4.156
1,3,0.624,3.026
1,3,1.325,4.201
1,3,0.82,3.842
1,3,0.942,2.858
1,3,0.187,0.779
1,3,0.847,2.333
1,3,0.01,0.108
1,3,0.652,3.862
1,3,1.537,4.788
1,3,1.184,3.739
1,3,0.717,2.478
1,3,1.872,6.573
1,3,0.548,1.868
1,3,0.469,2.624
1,3,0.02,0.108
1,3,0.744,2.312
1,3,0.615,2.015
1,3,0.47,2.206
1,3,1.023,3.297
1,3,0.961,2.876
1,3,1.35,3.784
1,3,0.284,0.779
1,3,0.943,2.585
1,3,0.499,1.529
1,3,1.297,3.425
1,3,0.643,2.204
1,3,0.021,0.108
1,3,0.547,2.378
1,3,0.779,2.206
1,3,1.227,3.507
1,3,0.481,1.803
1,3,1.591,6.134
1,3,0.969,3.086
1,3,0.881,2.767
1,3,1.016,2.437
1,3,1.004,3.235
1,3,0.971,3.508
1,3,1.046,3.399
1,3,0.93,2.808
1,3,0.958,2.767
1,3,0.784,2.312
1,3,1.446,4.201
1,3,0.91,2.899
1,3,0.219,0.97
1,3,1.585,4.454
1,3,2.313,6.932
1,3,0.894,2.761
1,3,0.103,0.467
1,3,1.037,2.72
1,3,0.894,2.921
1,4,0.022,0.164
1,4,0.508,2.068
1,4,1.295,3.964
1,4,0.748,2.411
1,4,0.864,3.213
1,4,1.309,4.173
1,4,1.022,3.018
1,4,1.064,3.754
1,4,0.24,1.004
1,4,0.489,2.577
1,4,0.234,1.004
1,4,0.987,3.941
1,4,0.737,2.491
1,4,0.106,0.901
1,4,1.229,3.667
1,4,2.169,7.322
1,4,0.073,0.525
1,4,0.737,2.478
1,4,0.885,3.061
1,4,1.414,4.33
1,4,0.019,0.105
1,4,1.528,4.681
1,4,0.923,2.919
1,4,0.431,1.832
1,4,1.052,3.837
1,4,0.899,2.662
1,4,0.097,0.468
1,4,1.745,6.127
1,4,0.613,2.411
1,4,1.346,4.297
1,4,0.217,0.817
1,4,0.725,2.308
1,4,0.682,2.703
1,4,1.027,2.893
1,4,0.72,2.491
1,4,0.613,2.919
1,4,1.756,5.862
1,4,1.376,3.837
1,4,1.617,5.053
1,4,0.064,0.268
1,4,0.433,1.302
1,4,0.183,0.347
1,4,0.061,0.752
1,4,0.107,0.335
1,4,1.312,4.216
1,4,1.009,3.417
1,4,0.636,3.203
1,4,0.158,0.642
1,5,0.331,1.246
1,5,0.032,0.108
1,5,0.018,0.237
1,5,1.312,4.729
1,5,0.552,2.055
1,5,0.378,1.872
1,5,0.014,0.108
1,5,0.044,0.547
1,5,0.028,0.525
1,5,0.105,0.411
1,5,1.484,5.213
1,5,0.751,2.589
1,5,0.956,2.848
1,5,0.918,4.239
1,5,0.87,2.16
1,5,0.6,2.205
1,5,0.904,2.502
1,5,0.232,1.259
1,5,0.851,2.86
1,5,0.131,0.382
1,5,0.62,2.015
1,5,0.578,1.224
1,5,1.996,6.661
1,5,1.394,4.245
1,5,0.628,2.111
1,5,0.573,2.303
1,5,0.656,2.528
1,5,0.724,3.071
1,5,0.116,0.907
1,5,0.586,2.441
1,5,0.736,2.207
1,5,1.551,4.831
1,5,0.513,2.627
1,5,1.434,4.324
1,5,0.334,2.355
1,5,0.93,3.006
1,5,0.805,4.039
1,5,1.345,4.039
1,5,1.531,4.603
1,5,1.595,5.379
1,5,1.603,5.698
1,5,0.969,3.214
1,5,1.866,5.557
1,5,0.655,1.968
1,5,0.077,0.324
1,6,0.664,2.351
1,6,0.741,2.74
1,6,0.451,1.66
1,6,1.096,3.717
1,6,0.413,2.833
1,6,0.049,0.263
1,6,0.049,0.305
1,6,0.613,2.54
1,6,0.703,3.717
1,6,0.085,0.694
1,6,1.012,4.272
1,6,0.303,0.945
1,6,0.831,2.981
1,6,0.079,0.555
1,6,0.928,2.441
1,6,0.798,2.616
1,6,0.618,3.579
1,6,0.108,0.914
1,6,0.275,1.364
1,6,0.005,0.089
1,6,1.451,4.715
1,6,0.871,2.918
1,6,0.274,0.703
1,6,1.391,4.38
1,6,1.353,3.68
1,6,0.536,2.776
1,6,0.924,3.379
1,6,0.805,2.131
1,6,1.137,3.624
1,6,0.829,2.657
1,6,1.091,3.078
1,6,1.035,4.673
1,6,1.339,4.241
1,6,1.264,5.455
1,6,1.025,3.538
1,6,0.629,1.921
1,6,0.152,0.346
1,6,1.229,4.272
1,6,1.442,4.535
1,6,1.636,5.388
1,6,1.71,5.661
1,6,0.35,1.713
1,6,0.512,3.591
1,6,1.002,2.54
1,6,1.462,4.756
1,6,1.278,4.148
1,6,0.56,2.12
1,6,0.802,3.329
1,6,0.865,2.404
1,6,0.125,0.346
1,6,1.187,3.422
1,6,0.172,0.746
1,7,0.743,2.576
1,7,0.712,2.96
1,7,0.69,2.96
1,7,0.908,3.192
1,7,0.197,2.377
1,7,0.95,4.409
1,7,0.675,2.666
1,7,0.661,2.33
1,7,0.064,0.479
1,7,1.521,5.321
1,7,0.51,2.771
1,7,0.66,3.192
1,7,1.108,3.462
1,7,0.864,2.771
1,7,0.055,0.357
1,7,1.273,4.051
1,7,0.623,2.712
1,7,0.634,3.043
1,7,0.899,3.086
1,7,0.542,2.444
1,7,0.131,0.859
1,7,0.514,2.087
1,7,1.461,4.914
1,7,0.992,3.948
1,7,0.804,3.661
1,7,0.577,3.548
1,7,0.578,2.331
1,7,1.046,3.353
1,7,1.033,3.778
1,7,0.522,2.771
1,7,1.325,5.271
1,7,1.62,5.153
1,7,1.256,4.409
1,7,1.258,3.885
1,7,1.371,4.199
1,7,0.892,3.675
1,7,1.871,6.237
1,7,0.845,3.192
1,7,2.09,6.468
1,7,0.534,2.96
1,7,1.131,3.549
1,7,0.516,1.724
1,7,0.696,1.977
1,7,0.113,1.345
1,7,0.456,1.724
1,8,0.027,0.085
1,8,0.157,0.779
1,8,0.331,1.702
1,8,1.699,6.888
1,8,0.057,0.734
1,8,0.5,1.891
1,8,0.01,0.147
1,8,0.228,1.701
1,8,0.796,3.466
1,8,0.449,2.057
1,8,0.733,3.863
1,8,0.439,2.919
1,8,0.695,2.835
1,8,0.656,2.727
1,8,0.069,0.462
1,8,0.074,0.336
1,8,0.095,0.602
1,8,0.617,2.751
1,8,0.934,3.065
1,8,0.01,0.105
1,8,0.808,2.751
1,8,0.652,2.667
1,8,0.7,2.668
1,8,0.628,2.709
1,8,0.256,1.869
1,8,0.56,2.144
1,8,0.564,2.015
1,8,0.006,0.085
1,8,0.122,0.819
1,8,0.275,2.057
1,8,0.075,0.608
1,8,0.824,2.625
1,8,0.983,3.129
1,8,0.023,0.147
1,8,1.102,4.409
1,8,0.762,2.79
1,8,0.983,2.834
1,8,0.093,0.504
1,8,0.391,2.352
1,8,0.845,2.709
1,8,0.96,2.835
1,8,0.657,3.109
1,8,0.645,2.48
1,8,0.463,2.605
1,8,0.994,2.919
1,8,0.554,3.522
1,8,0.688,2.455
1,8,0.941,3.822
1,8,0.451,2.877
1,8,1.027,3.948
1,8,0.026,0.192
1,8,1.827,5.271
1,9,0.602,2.724
1,9,0.538,2.766
1,9,0.034,0.233
1,9,1.45,6.215
1,9,0.211,1.177
1,9,0.701,2.81
1,9,0.418,2.272
1,9,0.712,2.597
1,9,0.673,3.733
1,9,0.721,2.892
1,9,0.602,2.686
1,9,1.07,4.299
1,9,0.894,2.979
1,9,0.559,2.81
1,9,0.862,4.081
1,9,0.347,2.543
1,9,0.698,3.038
1,9,1.346,3.949
1,9,0.673,2.052
1,9,1.067,5.271
1,9,0.495,2.366
1,9,0.242,2.078
1,9,0.553,2.538
1,9,0.542,1.8
1,9,0.196,0.834
1,9,0.744,2.682
1,9,0.091,0.511
1,9,0.532,1.996
1,9,0.876,4.805
1,9,1.233,4.178
1,9,0.997,6.337
1,9,0.561,2.724
1,9,1.056,3.733
1,9,1.161,4.284
1,9,1.355,4.131
1,9,1.83,5.137
1,9,0.368,2.859
1,9,0.07,0.314
1,9,0.065,0.233
1,9,1.272,3.901
1,9,0.012,0.098
1,10,0.018,0.086
1,10,0.119,0.845
1,10,0.043,0.629
1,10,0.815,3.086
1,10,0.065,0.269
1,10,0.042,0.381
1,10,0.671,2.609
1,10,0.836,3.846
1,10,0.851,3.386
1,10,1.183,3.565
1,10,0.627,2.775
1,10,0.398,2.188
1,10,0.758,3.114
1,10,0.061,0.436
1,10,0.67,2.943
1,10,0.607,2.785
1,10,1.69,5.274
1,10,0.821,3.693
1,10,0.24,1.012
1,10,0.701,3.512
1,10,0.783,3.125
1,10,0.21,0.928
1,10,0.478,3.298
1,10,0.132,1.012
1,10,0.579,2.188
1,10,0.497,1.684
1,10,0.665,3.517
1,10,0.532,2.917
1,10,1.117,4.47
1,10,0.957,4.879
1,10,0.027,0.215
1,10,1.15,3.68
1,10,0.345,2.565
1,10,0.053,0.426
1,10,0.648,2.953
1,10,0.361,1.614
1,10,1.237,5.355
1,10,1.138,3.596
1,10,0.839,3.301
1,10,0.318,1.769
1,10,0.373,1.991
1,10,0.009,0.086
1,10,0.024,0.183
1,10,0.736,2.146
1,10,1.097,3.143
1,10,0.135,0.636
1,10,0.118,0.845
1,10,0.41,1.727
1,10,0.045,0.301
1,11,0.022,0.227
1,11,0.088,0.943
1,11,0.149,1.446
1,11,0.109,0.506
1,11,0.594,3.067
1,11,1.056,3.066
1,11,0.484,2.977
1,11,0.1,0.511
1,11,0.446,1.506
1,11,0.021,0.21
1,11,0.06,0.394
1,11,0.768,2.414
1,11,0.911,3.157
1,11,0.624,3.891
1,11,0.919,2.753
1,11,0.72,2.969
1,11,0.581,2.668
1,11,0.315,1.52
1,11,0.246,1.012
1,11,0.256,2.304
1,11,0.756,3.431
1,11,0.128,0.635
1,11,0.014,0.134
1,11,0.638,2.199
1,11,1.26,5.627
1,11,0.404,2.223
1,11,0.571,2.641
1,11,0.341,1.562
1,11,0.376,2.093
1,11,0.555,2.928
1,11,0.04,0.437
1,11,1.112,3.76
1,11,0.006,0.085
1,11,0.015,0.091
1,11,0.709,3.026
1,11,3.694,16.735
1,11,0.677,3.025
1,11,0.036,0.247
1,11,1.473,5.381
1,11,0.047,0.394
1,12,0.981,3.168
1,12,0.168,1.487
1,12,0.251,1.022
1,12,0.976,3.544
1,12,1.692,5.329
1,12,0.044,0.314
1,12,0.381,1.471
1,12,0.519,4.104
1,12,0.324,2.227
1,12,0.471,2.69
1,12,0.527,2.102
1,12,0.574,2.231
1,12,0.044,0.254
1,12,0.222,1.734
1,12,0.305,1.303
1,12,0.403,1.768
1,12,0.191,0.734
1,12,0.251,1.471
1,12,0.228,1.768
1,12,0.933,4.221
1,12,0.092,0.605
1,12,0.405,2.58
1,12,0.85,3.11
1,12,0.019,0.17
1,12,0.252,1.555
1,12,0.517,3.026
1,12,1.055,3.026
1,12,0.421,2.06
1,12,0.769,3.317
1,12,0.733,2.143
1,13,0.026,0.293
1,13,0.097,0.692
1,13,0.085,0.609
1,13,0.078,0.484
1,13,0.073,0.484
1,13,0.039,0.25
1,13,1.044,4.298
1,13,0.284,2.705
1,13,0.471,2.911
1,13,0.565,2.875
1,13,1.303,4.469
1,13,0.609,3.231
1,13,0.036,0.19
1,13,0.02,0.251
1,13,0.481,2.79
1,13,0.15,0.838
1,13,0.909,4.259
1,13,0.234,1.383
1,13,0.496,2.499
1,13,1.858,6.631
1,13,0.965,3.174
1,13,0.009,0.138
1,13,0.043,0.25
1,13,0.01,0.101
1,13,1.212,4.093
1,13,0.397,1.812
1,13,0.052,0.437
1,13,1.071,4.552
1,13,1.493,4.639
1,13,3.138,10.559
1,13,1.777,6.171
1,13,1.108,3.02
1,14,0.042,0.46
1,14,0.147,1.299
1,14,1.059,3.632
1,14,0.081,0.333
1,14,0.057,0.295
1,14,0.597,2.96
1,14,0.246,0.988
1,14,0.384,1.973
1,14,0.764,4.627
1,14,0.075,0.538
1,14,0.027,0.253
1,14,0.029,0.167
1,14,0.071,0.484
1,14,0.162,1.177
1,14,0.947,3.803
1,14,1.532,4.631
1,14,0.449,2.227
1,14,0.016,0.123
1,14,0.011,0.08
1,14,0.28,1.344
1,14,0.724,2.788
1,14,0.027,0.123
1,14,0.508,3.128
1,14,0.752,3.337
1,14,0.235,1.343
1,14,0.079,0.295
1,14,0.589,3.294
1,14,0.075,0.294
1,14,0.374,2.139
1,14,1.064,3.67
1,14,0.906,3.04
1,14,1.143,3.846
1,14,0.72,2.099
1,14,0.617,2.788
1,14,0.823,3.546
1,14,0.811,2.75
1,14,0.612,3.087
1,14,1.296,4.808
1,14,1.037,3.213
1,15,0.152,0.519
1,15,1.037,3.342
1,15,0.139,0.506
1,15,0.184,0.461
1,15,0.596,3.403
1,15,0.217,0.519
1,15,0.061,0.187
1,15,0.649,2.666
1,15,0.007,0.078
1,15,0.816,2.941
1,15,0.371,1.47
1,15,0.866,3.109
1,15,1.087,3.424
1,15,0.749,3.272
1,15,0.086,0.36
1,15,0.069,0.334
1,15,0.239,1.68
1,15,0.008,0.078
1,15,0.023,0.227
1,15,0.405,2.331
1,15,0.451,2.73
1,15,0.973,2.941
1,15,0.077,0.31
1,15,0.834,3.709
1,15,0.303,2.979
1,15,0.195,1.176
1,15,0.404,2.058
1,15,1.779,6.301
1,15,0.803,3.553
1,15,0.246,1.322
1,15,0.599,3.301
1,15,0.946,3.34
1,15,0.887,3.633
1,15,0.159,1.176
1,15,0.01,0.078
1,15,2.106,7.855
1,16,0.118,0.461
1,16,0.316,2.079
1,16,0.504,2.231
1,16,0.48,3.378
1,16,0.939,4.137
1,16,0.031,0.229
1,16,0.677,3.394
1,16,0.068,0.27
1,16,0.212,1.487
1,16,0.096,0.646
1,16,0.227,1.869
1,16,0.493,3.088
1,16,0.465,3.21
1,16,0.159,0.901
1,16,0.19,1.111
1,16,0.209,1.364
1,16,0.051,0.334
1,16,0.889,3.401
1,16,0.261,1.678
1,16,0.781,4.011
1,16,1.103,3.483
1,16,0.107,0.418
1,16,0.169,0.563
1,16,0.02,0.074
1,16,0.126,0.646
1,16,0.027,0.102
1,16,0.021,0.17
1,16,0.059,0.27
1,16,0.012,0.138
1,16,0.121,0.48
1,16,0.074,0.464
1,17,0.098,0.588
1,17,0.043,0.419
1,17,0.117,0.503
1,17,0.87,3.268
1,17,0.007,0.082
1,17,0.012,0.082
1,17,0.06,0.209
1,17,0.178,0.755
1,17,0.206,0.881
1,17,0.688,4.555
1,17,0.116,1.195
1,17,0.026,0.292
1,17,0.49,2.183
1,17,0.661,2.311
1,17,0.017,0.167
1,17,0.136,0.546
1,17,0.052,0.336
1,17,0.527,3.268
1,17,0.066,0.336
1,17,1.077,3.268
1,17,0.109,0.419
1,17,0.638,2.519
1,17,0.052,0.167
1,17,0.128,0.589
1,17,1.227,3.736
1,17,1.199,3.863
1,17,0.055,0.246
1,18,0.07,0.46
1,18,0.02,0.125
1,18,0.395,2.621
1,18,1.103,4.557
1,18,0.396,2.454
1,18,0.24,2.372
1,18,0.921,5.147
1,18,0.063,0.417
1,18,0.028,0.21
1,18,0.393,2.369
1,18,0.444,3.249
1,18,0.08,0.33
1,18,0.391,2.327
1,18,0.119,0.752
1,18,0.008,0.08
1,18,1.922,5.984
1,18,0.122,0.712
1,18,2.227,8.398
1,18,0.026,0.08
1,18,0.737,2.456
1,18,1.1,4.848
1,18,0.052,0.125
1,18,0.072,0.461
1,18,0.77,3.547
1,19,0.102,0.771
1,19,0.607,2.618
1,19,0.167,1.269
1,19,0.66,3.217
1,19,0.04,0.268
1,19,0.552,2.712
1,19,1.018,4.069
1,19,0.067,0.349
1,19,0.078,0.56
1,19,0.067,0.386
1,19,0.074,0.349
1,19,0.061,0.634
1,19,0.098,0.56
1,19,0.225,0.99
1,19,1.428,5.595
1,19,0.044,0.479
1,19,0.105,0.417
1,19,0.533,2.873
1,19,1.021,4.193
1,19,0.611,3.167
1,19,1.717,6.652
1,19,0.049,0.107
1,19,1.661,5.286
1,19,0.067,0.268
1,19,0.391,2.285
1,19,0.413,2.015
1,19,1.616,5.852
1,20,0.145,0.711
1,20,0.133,0.845
1,20,0.044,0.461
1,20,0.101,0.655
1,20,0.011,0.208
1,20,0.065,0.21
1,20,0.096,0.376
1,20,0.082,0.711
1,20,0.063,0.291
1,20,0.068,0.335
1,20,0.094,0.335
1,20,0.021,0.135
1,20,0.187,0.887
1,20,0.1,0.845
1,20,0.103,0.845
1,20,0.218,1.236
1,20,0.528,2.329
1,20,0.706,3.819
1,20,0.067,0.302
1,20,0.153,0.985
1,20,1.232,5.94
1,20,1.065,4.24
1,20,1.493,4.738
1,20,0.207,1.362
1,20,1.041,4.955
1,20,0.062,0.335
1,20,0.186,0.845
1,20,0.588,3.568
1,20,0.66,2.518
1,20,0.039,0.258
1,20,0.593,2.518
1,21,0.061,0.376
1,21,0.106,0.631
1,21,0.802,5.332
1,21,0.353,2.667
1,21,0.116,0.461
1,21,0.18,0.926
1,21,0.094,0.588
1,21,0.18,0.714
1,21,0.614,4.074
1,21,0.87,3.491
1,21,0.117,0.756
1,21,0.565,3.404
1,21,0.111,0.332
1,21,0.057,0.337
1,21,0.211,0.756
1,21,0.007,0.084
1,21,0.234,0.846
1,21,0.141,0.797
1,21,0.02,0.084
1,21,0.126,0.505
1,21,1.944,6.823
1,21,0.096,0.376
1,21,0.117,0.666
1,21,0.874,3.442
1,22,0.088,0.421
1,22,0.626,4.711
1,22,0.026,0.338
1,22,0.078,0.421
1,22,0.123,1.047
1,22,0.097,0.421
1,22,0.1,0.504
1,22,0.256,2.064
1,22,0.109,0.415
1,22,0.234,0.795
1,22,0.37,1.89
1,22,0.173,1.134
1,22,0.413,3.03
1,22,0.038,0.17
1,22,0.053,0.293
1,22,0.132,0.58
1,22,1.69,4.955
1,22,0.163,0.838
1,22,0.143,1.008
1,22,0.666,3.997
1,22,0.035,0.208
1,22,0.548,2.435
1,22,0.082,0.371
1,22,0.342,1.754
1,23,0.139,0.494
1,23,0.07,0.42
1,23,0.013,0.134
1,23,0.072,0.494
1,23,0.143,1.21
1,23,1.121,4.347
1,23,0.071,0.366
1,23,0.113,1.167
1,23,0.123,0.325
1,23,0.107,0.494
1,23,0.161,1.123
1,23,0.035,0.377
1,23,0.01,0.168
1,23,0.744,4.127
1,23,0.335,1.706
1,23,0.207,1.037
1,23,0.472,2.802
1,23,0.06,0.325
1,23,0.058,0.378
1,23,0.02,0.205
1,23,0.223,1.418
1,23,0.032,0.311
1,24,0.179,0.757
1,24,0.067,0.377
1,24,1.073,3.511
1,24,0.037,0.215
1,24,0.314,2.23
1,24,0.035,0.256
1,24,0.082,0.465
1,24,0.057,0.381
1,24,0.012,0.084
1,24,0.069,0.425
1,24,0.641,3.43
1,24,1.771,5.82
1,24,0.057,0.425
1,24,0.64,2.925
1,24,0.485,2.584
1,24,0.363,1.337
1,24,0.138,0.802
1,24,0.014,0.335
1,25,0.05,0.334
1,25,0.114,0.774
1,25,0.06,0.377
1,25,0.758,4.515
1,25,0.037,0.334
1,25,0.048,0.334
1,25,0.016,0.081
1,25,0.02,0.124
1,25,0.039,0.573
1,25,0.928,3.736
1,25,0.047,0.085
1,25,0.242,0.733
1,25,0.026,0.306
1,25,0.378,2.303
1,25,1.657,5.268
1,25,0.313,1.764
1,25,0.435,2.187
1,25,1.031,3.819
1,25,0.539,2.393
1,25,1.338,4.177
1,25,0.045,0.47
1,25,0.537,2.985
1,25,0.429,2.555
1,25,0.354,1.726
1,25,0.101,0.596
1,25,0.072,0.25
1,25,0.022,0.081
1,25,0.156,1.073
1,25,0.161,0.693
1,25,0.143,0.989
1,26,0.217,1.572
1,26,0.229,1.677
1,26,0.051,0.259
1,26,0.073,0.232
1,26,0.052,0.272
1,26,0.056,0.387
1,26,0.04,0.259
1,26,0.032,0.295
1,26,0.025,0.232
1,26,0.284,2.841
1,26,0.051,0.259
1,26,0.437,2.045
1,26,0.072,0.429
1,26,0.266,1.198
1,26,0.499,3.173
1,26,0.248,0.721
1,26,2.108,7.665
1,26,0.084,0.387
1,26,0.264,1.751
1,26,0.522,2.645
1,26,0.598,3.012
1,26,0.064,0.272
1,26,0.479,1.372
1,26,0.052,0.259
1,26,0.086,0.555
1,26,0.013,0.09
1,26,0.993,4.934
1,27,0.102,0.552
1,27,0.033,0.094
1,27,0.03,0.094
1,27,0.141,0.861
1,27,0.059,0.635
1,27,0.029,0.142
1,27,0.968,5.359
1,27,1.128,5.499
1,27,0.053,0.443
1,27,0.706,3.196
1,27,0.083,0.388
1,27,0.074,0.552
1,27,0.039,0.257
1,27,0.047,0.592
1,27,0.035,0.428
1,27,0.836,5.78
1,27,0.473,1.827
1,27,1.241,4.814
1,27,0.06,0.563
1,27,0.105,0.341
1,27,0.119,0.557
1,27,0.162,1.036
1,27,0.027,0.142
1,27,0.205,2.057
1,27,0.133,0.467
1,28,0.046,0.462
1,28,0.541,1.591
1,28,0.113,0.502
1,28,0.191,0.707
1,28,0.332,2.057
1,28,0.07,0.546
1,28,0.016,0.126
1,28,0.251,1.132
1,28,0.143,0.707
1,28,0.017,0.17
1,28,0.017,0.126
1,28,0.263,1.218
1,28,0.167,0.502
1,28,1.109,3.968
1,28,0.353,1.89
1,28,0.079,0.384
1,28,1.185,4.687
1,28,0.008,0.084
1,28,0.158,1.35
1,28,0.064,0.336
1,28,2.37,7.897
1,28,0.248,0.799
1,28,0.112,0.546
1,28,0.029,0.126
1,28,0.015,0.174
1,29,0.063,0.287
1,29,0.069,0.46
1,29,0.622,3.671
1,29,0.228,1.089
1,29,0.014,0.076
1,29,0.727,4.571
1,29,0.842,3.545
1,29,0.265,2.071
1,29,0.353,2.183
1,29,0.128,0.534
1,29,0.009,0.118
1,29,0.054,0.372
1,29,0.483,2.411
1,29,0.542,1.802
1,29,2.697,8.604
1,29,1.11,5.123
1,29,0.28,2.494
1,29,0.011,0.118
1,29,0.043,0.206
1,29,0.437,2.529
1,29,0.177,0.967
1,29,0.046,0.206
1,29,0.236,0.918
1,29,1.072,4.195
1,30,0.081,0.383
1,30,0.153,0.611
1,30,0.052,0.259
1,30,0.316,2.184
1,30,0.177,0.764
1,30,0.511,2.129
1,30,0.055,0.148
1,30,0.088,0.301
1,30,1.344,4.627
1,30,0.07,0.259
1,30,0.069,0.358
1,30,0.526,2.043
1,30,0.045,0.174
1,30,0.615,2.877
1,30,0.645,3.129
1,30,0.045,0.259
1,30,0.1,0.421
1,30,0.554,2.172
1,30,0.236,1.141
1,30,0.153,0.673
1,30,1.055,4.374
2,1,1.331,4.42
2,1,0.47,2.253
2,1,0.734,4.581
2,1,0.721,3.298
2,1,0.844,3.699
2,1,1.985,7.715
2,1,0.48,2.98
2,1,1.141,4.341
2,1,0.988,3.06
2,1,0.298,2.498
2,1,0.755,3.699
2,1,1.046,3.546
2,1,0.061,0.728
2,1,0.957,3.141
2,1,0.327,3.06
2,1,0.473,2.092
2,1,1.499,4.341
2,1,1.213,4.738
2,1,1.036,3.374
2,1,0.615,3.699
2,1,0.45,2.564
2,1,0.837,2.731
2,1,1.099,3.699
2,1,0.993,2.904
2,1,1.434,4.581
2,1,0.659,2.253
2,1,1.124,3.457
2,1,1.232,3.968
2,1,1.545,5.708
2,1,0.471,1.14
2,1,1.293,4.178
2,1,0.755,2.415
2,1,1.247,4.178
2,1,1.703,5.864
2,1,1.131,3.298
2,1,0.169,1.52
2,1,0.982,3.289
2,1,1.446,4.743
2,1,1.191,3.457
2,1,1.077,4.261
2,1,1.122,5.246
2,1,0.291,0.728
2,1,1.175,4.051
2,1,0.927,3.298
2,1,1.153,3.374
2,1,0.966,3.862
2,1,0.551,2.253
2,1,0.937,3.031
2,1,1.024,3.774
2,1,1.619,4.903
2,1,0.628,3.141
2,1,1.755,5.708
2,1,1.663,5.145
2,1,0.794,3.06
2,1,1.763,5.866
2,1,0.465,1.287
2,1,1.333,4.176
2,1,0.556,2.253
2,1,0.708,2.575
2,2,1.254,4.742
2,2,0.19,1.366
2,2,0.214,2.891
2,2,0.385,4.036
2,2,0.767,2.886
2,2,0.611,2.409
2,2,1.151,4.253
2,2,0.562,1.923
2,2,1.198,4.74
2,2,0.451,1.687
2,2,0.742,2.727
2,2,0.722,2.565
2,2,0.178,0.556
2,2,0.016,0.155
2,2,0.31,1.935
2,2,0.489,3.528
2,2,0.376,2.246
2,2,0.353,2.639
2,2,0.566,2.002
2,2,1.438,5.457
2,2,1.166,3.857
2,2,0.542,4.491
2,2,0.623,4.036
2,2,0.894,2.812
2,2,0.976,3.777
2,2,0.028,0.316
2,2,1.346,4.172
2,2,1.175,3.775
2,2,0.143,0.476
2,2,0.955,3.77
2,2,1.41,4.253
2,2,2.172,7.712
2,2,0.381,2.505
2,2,1.782,5.777
2,2,0.842,3.128
2,2,0.858,3.451
2,2,0.993,3.21
2,2,1.209,4.41
2,2,0.571,2.164
2,2,0.022,0.155
2,2,0.897,2.639
2,2,0.502,2.81
2,2,1.08,3.367
2,2,1.129,4.337
2,2,1.117,3.69
2,2,1.849,7.222
2,3,0.135,0.848
2,3,0.697,3.735
2,3,0.299,2.738
2,3,0.096,1.09
2,3,0.583,2.183
2,3,0.476,2.088
2,3,1.784,5.909
2,3,0.115,1.164
2,3,0.636,3.217
2,3,0.333,1.934
2,3,0.506,2.809
2,3,0.756,3.058
2,3,0.222,2.49
2,3,0.812,3.208
2,3,0.598,2.976
2,3,0.284,1.172
2,3,0.432,1.338
2,3,0.39,2.494
2,3,0.994,4.228
2,3,1.149,3.776
2,3,1.151,4.547
2,3,1.303,4.383
2,3,0.504,1.745
2,3,0.693,3.901
2,3,0.642,4.463
2,3,0.015,0.166
2,3,1.208,4.156
2,3,1.25,4.966
2,3,1.543,5.589
2,3,0.44,2.487
2,3,1.284,5.106
2,3,0.071,0.52
2,3,0.733,3.622
2,3,1.067,3.702
2,3,0.729,2.568
2,3,0.606,1.574
2,3,0.274,1.3
2,3,0.396,2.328
2,3,0.146,0.931
2,3,0.784,3.217
2,3,1.814,5.507
2,3,1.407,4.064
2,3,0.935,3.305
2,3,0.798,2.809
2,3,1.993,6.229
2,3,0.552,2.494
2,3,1.078,2.897
2,3,1.331,4.228
2,3,0.989,3.016
2,3,0.854,3.305
2,3,0.017,0.166
2,3,0.075,0.77
2,3,1.301,4.156
2,3,1.104,3.131
2,4,0.138,0.563
2,4,0.527,3.453
2,4,0.05,0.482
2,4,0.139,0.962
2,4,0.47,2.888
2,4,0.703,2.773
2,4,0.442,2.047
2,4,0.723,2.773
2,4,1.032,4.015
2,4,0.528,4.09
2,4,0.553,2.523
2,4,1.126,3.792
2,4,0.089,0.645
2,4,0.655,2.728
2,4,0.221,1.644
2,4,0.875,3.611
2,4,0.038,0.24
2,4,0.589,2.529
2,4,0.142,0.402
2,4,1.197,3.535
2,4,0.405,2.129
2,4,0.913,3.784
2,4,0.163,1.483
2,4,0.046,0.4
2,4,0.263,1.483
2,4,0.71,2.379
2,4,0.463,3.291
2,4,0.085,0.646
2,4,0.257,2.531
2,4,0.501,2.047
2,4,0.043,0.242
2,4,1.611,5.14
2,4,0.855,3.048
2,4,0.763,2.329
2,4,0.923,2.89
2,4,0.018,0.162
2,4,0.521,1.726
2,4,1.08,4.09
2,4,0.377,1.644
2,4,0.362,1.788
2,4,0.961,3.133
2,4,0.482,2.379
2,4,0.181,1.645
2,4,1.1,3.874
2,4,0.037,0.242
2,4,0.948,2.808
2,4,1.742,5.548
2,4,0.804,2.61
2,4,0.993,3.693
2,4,0.59,2.693
2,5,0.132,0.549
2,5,0.146,1.998
2,5,0.184,2.239
2,5,0.038,0.47
2,5,0.269,2.818
2,5,0.508,3.455
2,5,0.439,1.761
2,5,0.464,3.391
2,5,0.481,2.726
2,5,0.363,0.722
2,5,0.108,0.549
2,5,0.767,3.606
2,5,0.087,0.47
2,5,0.418,2.818
2,5,0.421,1.853
2,5,0.722,3.77
2,5,0.449,2.482
2,5,0.09,0.792
2,5,0.284,1.998
2,5,0.447,3.391
2,5,0.235,2.239
2,5,0.889,4.088
2,5,0.142,1.511
2,5,1.091,3.698
2,5,0.906,3.438
2,5,0.935,2.971
2,5,0.808,2.32
2,5,0.935,2.736
2,5,0.915,3.455
2,5,0.124,0.804
2,5,0.657,2.714
2,5,0.149,1.915
2,5,0.535,3.537
2,5,0.597,1.838
2,5,0.317,1.853
2,5,2.063,6.895
2,5,0.015,0.161
2,5,1.287,5.053
2,5,0.869,3.391
2,5,0.788,2.574
2,5,0.557,3.391
2,5,0.338,1.516
2,5,0.384,2.563
2,5,1.148,3.52
2,5,1.009,3.856
2,5,0.425,2.482
2,5,0.634,2.407
2,5,0.7,1.922
2,5,0.969,3.606
2,5,1.006,3.12
2,5,0.013,0.144
2,5,0.521,2.32
2,5,1.013,3.12
2,6,0.12,0.681
2,6,0.348,2.448
2,6,0.069,0.598
2,6,0.638,3.083
2,6,0.384,3.167
2,6,0.751,3.167
2,6,0.188,1.163
2,6,0.613,2.696
2,6,0.201,2.61
2,6,0.45,2.811
2,6,0.171,1.081
2,6,0.249,2.293
2,6,0.856,2.794
2,6,1.041,3.814
2,6,0.197,1.886
2,6,0.164,2.053
2,6,0.979,3.412
2,6,1.322,5.18
2,6,0.343,2.541
2,6,0.442,2.053
2,6,0.739,2.696
2,6,0.49,2.61
2,6,0.614,2.61
2,6,0.706,3.975
2,6,0.088,0.727
2,6,0.655,2.696
2,6,0.148,1.163
2,6,0.722,2.696
2,6,0.476,2.696
2,6,0.121,0.681
2,6,0.396,1.486
2,6,0.536,2.127
2,6,0.579,2.448
2,6,0.787,2.61
2,6,0.921,3.03
2,6,0.492,1.324
2,6,0.474,3.662
2,6,1.123,4.769
2,6,0.803,3.03
2,6,1.995,6.103
2,6,0.045,0.359
2,6,0.896,3.03
2,6,0.855,2.857
2,6,0.486,2.493
2,6,0.798,2.25
2,6,0.966,3.03
2,6,2.151,7.546
2,6,0.022,0.205
2,6,1.124,3.373
2,6,0.937,3.651
2,6,1.01,3.412
2,7,0.11,0.641
2,7,0.778,3.372
2,7,0.301,2.333
2,7,0.167,0.888
2,7,0.503,2.728
2,7,0.079,0.487
2,7,0.037,0.487
2,7,0.524,2.646
2,7,0.445,3.047
2,7,0.355,2.01
2,7,0.471,2.091
2,7,0.009,0.161
2,7,0.352,2.488
2,7,1.152,3.807
2,7,0.377,2.088
2,7,0.756,4.781
2,7,1.034,3.047
2,7,0.028,0.272
2,7,0.78,3.06
2,7,0.394,4.139
2,7,0.679,2.968
2,7,0.77,2.809
2,7,0.504,2.01
2,7,0.706,2.412
2,7,0.566,2.973
2,7,0.336,2.01
2,7,0.544,2.093
2,7,0.401,4.213
2,7,0.021,0.161
2,7,0.623,2.245
2,7,0.612,2.488
2,7,0.814,2.809
2,7,1.601,5.097
2,7,0.335,2.338
2,7,0.365,2.295
2,7,0.62,2.728
2,7,0.584,2.093
2,7,0.795,2.646
2,7,0.682,2.567
2,7,0.839,3.134
2,7,0.023,0.272
2,7,1.036,3.444
2,7,0.782,2.728
2,7,0.169,0.883
2,7,0.757,4.615
2,7,0.764,3.807
2,7,0.852,3.573
2,7,1.407,4.615
2,7,0.282,2.092
2,7,0.695,2.646
2,7,0.422,2.089
2,7,0.013,0.198
2,7,0.644,2.089
2,7,0.818,3.144
2,7,0.962,3.144
2,8,0.096,0.803
2,8,0.506,2.892
2,8,0.435,2.25
2,8,0.792,4.733
2,8,0.512,2.725
2,8,0.344,2.412
2,8,0.829,3.528
2,8,0.363,2.25
2,8,0.395,4.017
2,8,0.644,2.803
2,8,0.11,0.729
2,8,0.431,2.574
2,8,1.007,4.249
2,8,0.127,1.119
2,8,1.801,6.821
2,8,0.677,2.966
2,8,0.709,3.053
2,8,0.068,0.486
2,8,0.562,1.76
2,8,0.426,2.646
2,8,0.575,2.648
2,8,0.176,0.883
2,8,0.549,2.803
2,8,0.413,2.182
2,8,0.867,4.005
2,8,0.745,2.486
2,8,1.113,4.249
2,8,1.412,5.461
2,8,0.962,2.966
2,8,0.851,2.966
2,8,0.045,0.314
2,8,0.64,3.053
2,8,0.946,2.966
2,8,0.076,0.56
2,8,0.066,0.641
2,8,0.897,2.892
2,8,1.006,3.528
2,8,0.978,2.803
2,8,1.446,4.249
2,8,0.856,2.654
2,8,0.571,2.084
2,8,1.205,4.17
2,8,1.052,3.369
2,9,0.044,0.322
2,9,0.484,2.797
2,9,0.069,0.562
2,9,0.316,2.666
2,9,0.335,2.486
2,9,0.473,4.74
2,9,0.046,0.403
2,9,0.755,3.06
2,9,0.506,3.123
2,9,0.041,0.4
2,9,0.065,0.322
2,9,0.821,3.613
2,9,0.939,3.447
2,9,0.461,2.41
2,9,0.698,3.53
2,9,1.194,4.651
2,9,0.592,2.486
2,9,0.549,2.739
2,9,0.014,0.313
2,9,0.224,2.805
2,9,0.698,3.203
2,9,0.041,0.476
2,9,0.593,2.565
2,9,1.167,3.374
2,9,0.716,3.052
2,9,0.377,2.097
2,9,0.568,2.578
2,9,0.35,2.492
2,9,0.632,2.641
2,9,0.157,1.038
2,9,0.616,3.934
2,9,0.802,3.613
2,9,1.469,5.772
2,9,0.184,0.959
2,9,0.7,2.565
2,9,0.62,3.849
2,9,1.027,3.366
2,9,0.841,2.893
2,9,0.616,2.651
2,9,0.592,3.447
2,9,0.542,2.244
2,9,0.586,2.739
2,9,0.13,0.798
2,9,0.683,2.33
2,9,0.025,0.156
2,9,1.17,3.613
2,10,0.283,3.133
2,10,0.371,2.56
2,10,0.924,4.656
2,10,0.025,0.241
2,10,0.564,2.731
2,10,0.106,0.737
2,10,0.745,3.21
2,10,0.146,1.043
2,10,0.396,1.372
2,10,0.664,2.811
2,10,0.714,3.368
2,10,0.251,2.069
2,10,0.216,1.043
2,10,0.741,3.291
2,10,0.932,3.368
2,10,0.778,3.291
2,10,0.081,0.238
2,10,0.633,3.534
2,10,1.154,3.772
2,10,0.297,1.846
2,10,1.044,3.291
2,10,0.867,3.049
2,10,0.397,1.28
2,10,0.019,0.168
2,10,0.018,0.168
2,10,1.16,3.368
2,10,0.636,2.487
2,10,1.152,4.495
2,10,0.737,2.487
2,10,0.991,4.012
2,10,0.547,2.262
2,10,0.566,2.731
2,10,0.591,2.406
2,10,1.731,6.072
2,10,0.279,1.765
2,10,0.923,3.049
2,11,0.062,0.485
2,11,0.201,2.083
2,11,0.42,3.218
2,11,0.547,4.34
2,11,0.278,2.728
2,11,0.584,2.893
2,11,0.653,2.965
2,11,0.7,3.772
2,11,0.852,3.524
2,11,0.257,2.646
2,11,0.665,3.055
2,11,1.975,6.661
2,11,1.257,5.63
2,11,0.47,3.127
2,11,1.305,4.485
2,11,1.729,6.343
2,11,0.783,4.173
2,11,0.695,2.895
2,11,0.961,3.406
2,11,1.209,4.575
2,11,0.779,3.438
2,11,0.356,1.841
2,11,0.453,2.893
2,11,0.067,0.318
2,11,0.535,2.173
2,11,1.001,5.017
2,11,1.575,5.017
2,11,0.021,0.165
2,11,0.223,1.605
2,11,1.326,5.1
2,11,0.656,2.484
2,11,0.493,2.405
2,11,0.735,3.372
2,11,0.038,0.328
2,11,0.111,0.877
2,11,0.849,5.31
2,11,0.012,0.156
2,12,0.132,0.724
2,12,0.062,0.403
2,12,0.128,0.8
2,12,0.038,0.481
2,12,0.585,2.85
2,12,0.435,3.816
2,12,0.764,3.17
2,12,1.304,4.937
2,12,0.147,0.636
2,12,0.024,0.16
2,12,0.016,0.16
2,12,0.565,2.931
2,12,0.366,1.682
2,12,0.648,3.255
2,12,0.108,0.565
2,12,0.491,2.306
2,12,0.262,1.523
2,12,0.441,3.416
2,12,0.616,2.568
2,12,0.385,1.443
2,12,0.016,0.16
2,12,0.687,2.849
2,12,0.703,3.014
2,12,0.322,2.406
2,12,1.094,5.498
2,12,1.151,3.256
2,12,0.059,0.236
2,12,0.131,0.646
2,12,1.349,4.024
2,12,0.569,3.014
2,12,0.835,2.406
2,12,0.099,0.481
2,12,0.6,2.285
2,12,0.102,0.481
2,12,0.978,3.492
2,12,0.863,2.361
2,13,0.119,0.642
2,13,0.418,4.107
2,13,0.088,0.373
2,13,0.577,3.573
2,13,1.098,3.654
2,13,0.667,3.544
2,13,0.704,3.334
2,13,0.733,3.411
2,13,0.019,0.159
2,13,0.42,2.381
2,13,0.823,4.217
2,13,0.452,2.931
2,13,0.242,1.888
2,13,0.488,3.256
2,13,0.321,2.098
2,13,0.694,2.584
2,13,0.503,2.491
2,13,0.123,0.532
2,13,0.715,2.584
2,13,0.752,2.989
2,13,0.927,3.702
2,13,0.601,2.474
2,13,1.054,2.938
2,13,2.241,7.229
2,13,0.033,0.318
2,13,0.543,3.573
2,13,0.646,2.723
2,13,0.675,2.931
2,13,0.794,2.931
2,13,2.005,6.988
2,13,0.05,0.422
2,13,0.135,1.133
2,13,0.1,0.563
2,13,0.282,1.729
2,14,0.077,0.562
2,14,0.094,0.562
2,14,0.503,2.45
2,14,0.642,2.848
2,14,0.145,0.644
2,14,0.121,0.485
2,14,0.432,2.506
2,14,0.587,4.737
2,14,0.016,0.163
2,14,0.07,0.569
2,14,0.779,3.814
2,14,0.553,3.012
2,14,0.098,0.485
2,14,0.014,0.161
2,14,0.458,2.413
2,14,0.559,2.413
2,14,0.305,2.009
2,14,1.213,5.378
2,14,0.009,0.163
2,14,1.209,3.814
2,14,0.542,2.169
2,14,0.455,2.169
2,14,0.402,2.848
2,14,0.881,4.175
2,14,0.058,0.32
2,14,0.278,1.766
2,14,2.047,7.873
2,14,0.06,0.32
2,14,0.829,2.733
2,14,0.829,2.506
2,14,0.513,2.733
2,14,0.297,1.766
2,14,0.563,1.686
2,14,0.027,0.161
2,14,1.338,4.899
2,14,1.315,3.909
2,14,0.77,2.413
2,14,0.891,2.931
2,14,0.874,2.933
2,14,0.162,0.638
2,15,0.048,0.4
2,15,0.153,1.733
2,15,0.534,4.469
2,15,0.101,0.4
2,15,0.147,0.928
2,15,0.166,0.727
2,15,0.094,0.919
2,15,0.55,3.216
2,15,0.724,3.134
2,15,0.851,4.533
2,15,0.243,1.407
2,15,0.465,3.216
2,15,0.763,5.143
2,15,0.039,0.485
2,15,0.263,1.336
2,15,0.132,0.881
2,15,0.09,0.485
2,15,1.163,4.581
2,15,0.36,1.814
2,15,0.916,3.377
2,15,0.126,0.644
2,15,0.565,2.414
2,15,0.011,0.163
2,15,1.259,6.016
2,15,0.012,0.163
2,15,0.599,3.298
2,15,0.603,2.491
2,15,0.131,0.644
2,15,0.842,3.059
2,15,0.506,3.535
2,15,0.838,4.381
2,15,0.5,2.33
2,15,0.594,2.694
2,15,0.782,2.846
2,15,0.116,0.404
2,16,0.052,0.4
2,16,0.408,2.613
2,16,0.511,2.445
2,16,1.12,4.817
2,16,0.768,2.975
2,16,0.444,3.294
2,16,0.161,1.006
2,16,0.523,1.886
2,16,0.569,4.219
2,16,0.01,0.162
2,16,0.759,2.691
2,16,0.785,3.776
2,16,0.634,2.051
2,16,0.691,3.294
2,16,0.107,0.644
2,16,0.012,0.162
2,16,0.397,1.646
2,16,0.171,2.365
2,16,1.007,3.693
2,16,0.309,2.132
2,16,1.055,3.294
2,16,0.556,2.975
2,16,0.678,5.142
2,16,0.814,3.544
2,16,0.616,3.376
2,16,0.655,3.054
2,16,0.054,0.319
2,16,0.707,3.612
2,16,0.921,2.97
2,16,0.072,0.241
2,16,0.522,3.294
2,16,0.291,2.208
2,16,0.573,2.691
2,16,0.371,2.126
2,16,0.057,0.4
2,16,0.797,3.857
2,16,0.255,1.886
2,16,0.608,2.613
2,16,0.043,0.241
2,16,0.11,0.718
2,16,0.015,0.162
2,16,0.907,3.938
2,16,0.074,0.402
2,17,0.069,0.908
2,17,0.05,0.286
2,17,0.347,2.368
2,17,0.544,2.133
2,17,0.259,2.655
2,17,0.094,1.106
2,17,0.644,4.304
2,17,1.157,3.963
2,17,0.431,3.305
2,17,0.126,1.285
2,17,0.173,1.166
2,17,0.638,2.368
2,17,0.688,3.075
2,17,0.899,4.304
2,17,0.031,0.208
2,17,0.46,2.193
2,17,0.058,0.539
2,17,0.825,3.198
2,17,0.539,3.983
2,17,0.571,2.676
2,17,0.457,3.983
2,17,0.375,2.609
2,17,0.473,3.133
2,17,0.62,3.398
2,17,0.086,0.369
2,17,0.581,2.791
2,17,0.956,3.365
2,17,0.03,0.479
2,17,0.012,0.2
2,17,0.101,0.449
2,17,0.077,0.369
2,17,0.779,3.936
2,17,0.47,2.375
2,17,1.286,4.681
2,17,0.127,0.721
2,17,1.263,4.966
2,17,0.498,2.215
2,17,0.695,2.851
2,17,0.514,2.133
2,17,0.106,0.369
2,18,0.092,0.881
2,18,0.254,2.444
2,18,0.146,0.806
2,18,0.035,0.243
2,18,0.789,4.866
2,18,0.671,3.057
2,18,0.82,3.464
2,18,0.351,3.539
2,18,0.647,4.458
2,18,0.236,0.806
2,18,0.078,0.404
2,18,0.851,3.78
2,18,0.041,0.322
2,18,0.135,0.483
2,18,0.104,0.881
2,18,0.511,2.57
2,18,0.878,3.539
2,18,0.448,2.374
2,18,0.088,0.562
2,18,0.08,0.643
2,18,0.583,3.057
2,18,0.279,1.421
2,18,0.039,0.243
2,18,0.022,0.161
2,18,0.574,2.734
2,18,0.892,2.972
2,18,0.373,2.049
2,18,1.107,5.583
2,18,0.083,0.322
2,18,0.493,2.374
2,18,0.849,3.464
2,18,1.214,5.264
2,18,0.608,2.57
2,18,0.036,0.404
2,18,0.144,0.881
2,18,0.263,1.128
2,18,0.518,2.292
2,18,0.216,1.126
2,19,0.028,0.279
2,19,0.125,0.682
2,19,0.191,1.441
2,19,0.199,1.993
2,19,0.626,6.01
2,19,0.514,2.135
2,19,0.372,3.184
2,19,0.673,3.891
2,19,0.322,2.114
2,19,0.013,0.15
2,19,0.027,0.237
2,19,0.493,2.006
2,19,0.103,0.386
2,19,0.053,0.386
2,19,0.564,3.49
2,19,0.075,0.596
2,19,0.147,0.765
2,19,0.066,0.559
2,19,0.884,3.33
2,19,0.308,2.273
2,19,0.099,0.752
2,19,0.436,2.446
2,19,2.183,7.987
2,19,1.03,4.326
2,19,0.647,3.409
2,19,0.659,3.933
2,19,1.404,5.782
2,19,0.732,2.847
2,19,0.393,2.082
2,19,1.114,4.209
2,19,0.065,0.32
2,19,0.697,2.608
2,19,1.039,2.768
2,19,0.613,3.008
2,19,0.077,0.386
2,19,1.028,3.49
2,19,0.057,0.32
2,20,0.632,2.851
2,20,0.35,2.637
2,20,0.131,0.84
2,20,0.423,3.352
2,20,0.094,0.678
2,20,0.522,2.857
2,20,0.43,3.695
2,20,1.288,5.782
2,20,0.349,2.78
2,20,0.561,3.251
2,20,0.269,2.504
2,20,0.387,3.51
2,20,0.594,2.371
2,20,0.43,2.289
2,20,0.597,2.851
2,20,0.616,2.768
2,20,0.153,1.32
2,20,0.659,2.367
2,20,0.506,2.768
2,20,0.019,0.15
2,20,0.077,0.403
2,20,0.546,3.091
2,20,0.86,4.255
2,20,1.512,6.304
2,20,1.676,5.299
2,20,0.93,3.454
2,20,0.841,2.688
2,20,0.637,1.968
2,20,1.277,4.153
2,20,1.157,3.911
2,20,0.199,0.722
2,21,0.147,1.011
2,21,0.103,0.646
2,21,0.607,3.019
2,21,0.133,0.732
2,21,0.362,2.45
2,21,0.449,3.796
2,21,0.03,0.321
2,21,0.604,3.175
2,21,0.777,3.337
2,21,0.984,6.108
2,21,0.434,3.012
2,21,0.056,0.321
2,21,0.859,2.854
2,21,0.013,0.163
2,21,1.281,4.019
2,21,0.309,2.172
2,21,1.463,5.506
2,21,0.605,2.854
2,21,0.63,3.018
2,21,0.366,1.091
2,21,0.574,2.854
2,21,0.097,0.761
2,21,0.387,1.449
2,21,0.693,2.694
2,21,0.033,0.245
2,22,0.246,1.126
2,22,0.105,0.602
2,22,0.277,1.456
2,22,0.329,1.606
2,22,0.3,1.928
2,22,0.056,0.318
2,22,0.468,2.732
2,22,0.408,1.686
2,22,0.338,2.731
2,22,0.139,0.965
2,22,0.623,2.569
2,22,0.533,3.212
2,22,0.462,1.927
2,22,0.539,2.368
2,22,0.477,2.289
2,22,0.768,3.615
2,22,0.082,0.398
2,22,0.717,3.291
2,22,0.064,0.398
2,22,0.66,3.215
2,22,0.085,0.702
2,22,1.007,4.499
2,22,0.349,1.362
2,22,0.039,0.318
2,22,0.251,1.292
2,22,0.645,2.171
2,22,1.238,4.419
2,22,0.024,0.481
2,22,0.538,2.49
2,22,0.034,0.364
2,22,0.364,1.362
2,22,1.792,5.58
2,22,0.746,3.371
2,22,0.011,0.16
2,23,0.099,0.642
2,23,0.521,4.375
2,23,0.163,0.641
2,23,0.522,2.77
2,23,0.373,3.131
2,23,0.013,0.16
2,23,1.493,4.57
2,23,0.592,3.206
2,23,0.537,3.733
2,23,0.818,4.251
2,23,0.202,1.204
2,23,0.01,0.16
2,23,0.171,1.047
2,23,0.159,1.446
2,23,0.033,0.24
2,23,0.209,1.644
2,23,0.465,3.054
2,23,0.072,0.564
2,23,0.628,2.451
2,23,0.264,0.962
2,23,0.7,2.973
2,23,0.055,0.483
2,23,0.647,2.212
2,23,0.237,1.524
2,23,0.056,0.402
2,23,0.021,0.24
2,23,0.403,1.727
2,23,0.282,1.202
2,23,0.797,2.689
2,23,0.02,0.32
2,23,0.078,0.399
2,23,0.048,0.24
2,24,0.377,2.487
2,24,0.37,1.926
2,24,0.042,0.157
2,24,0.611,2.971
2,24,0.696,3.932
2,24,0.757,4.095
2,24,0.509,3.293
2,24,0.124,0.572
2,24,0.986,4.54
2,24,0.698,2.971
2,24,0.081,0.48
2,24,0.121,0.719
2,24,0.491,3.213
2,24,0.01,0.158
2,24,0.44,2.252
2,24,0.677,2.971
2,24,0.584,3.452
2,24,0.564,3.692
2,24,0.015,0.157
2,24,0.133,1.123
2,24,0.925,4.697
2,24,0.024,0.238
2,24,0.377,2.099
2,24,0.94,5.062
2,24,0.381,2.099
2,24,0.071,0.572
2,24,0.577,2.971
2,24,0.074,0.638
2,24,0.088,0.399
2,24,0.64,3.05
2,24,1.933,6.105
2,24,0.03,0.157
2,24,0.611,2.567
2,24,0.807,2.329
2,25,0.587,2.964
2,25,0.705,3.371
2,25,0.345,2.639
2,25,0.662,4.491
2,25,0.12,0.806
2,25,0.526,2.241
2,25,0.727,3.692
2,25,0.162,0.876
2,25,0.957,4.734
2,25,0.532,2.502
2,25,0.524,3.135
2,25,0.289,1.246
2,25,0.259,3.135
2,25,0.073,0.876
2,25,0.117,0.893
2,25,1.059,4.326
2,25,0.529,2.727
2,25,0.584,2.402
2,25,0.589,2.639
2,25,0.865,2.639
2,25,0.832,3.692
2,25,0.553,3.216
2,25,0.141,0.562
2,25,0.033,0.314
2,25,0.942,3.607
2,25,0.241,1.074
2,25,0.248,1.238
2,25,0.505,2.489
2,25,0.591,3.282
2,25,1.527,6.861
2,25,0.112,0.806
2,25,0.284,2.163
2,25,0.527,3.132
2,25,0.337,1.438
2,26,0.891,4.116
2,26,0.102,1.446
2,26,0.422,2.931
2,26,0.487,2.692
2,26,0.094,0.595
2,26,0.687,3.093
2,26,0.688,3.414
2,26,0.063,0.52
2,26,0.521,3.011
2,26,0.426,2.143
2,26,0.087,0.961
2,26,0.135,0.963
2,26,0.461,1.841
2,26,0.431,2.61
2,26,0.223,0.725
2,26,0.278,1.042
2,26,0.261,1.443
2,26,0.485,3.014
2,26,0.733,2.931
2,26,0.421,2.69
2,26,0.199,1.443
2,26,1.033,5.618
2,26,0.025,0.162
2,26,0.211,1.206
2,26,0.825,3.013
2,26,0.024,0.235
2,26,0.556,2.285
2,26,0.215,1.608
2,26,0.865,3.728
2,26,0.202,0.883
2,27,0.846,2.856
2,27,0.428,2.289
2,27,0.319,2.606
2,27,1.225,5.139
2,27,0.043,0.442
2,27,0.037,0.442
2,27,0.762,4.695
2,27,1.034,5.98
2,27,0.101,0.683
2,27,0.041,0.277
2,27,0.651,2.688
2,27,0.087,0.529
2,27,0.264,1.242
2,27,0.373,2.776
2,27,0.28,3.387
2,27,0.039,0.359
2,27,0.062,0.359
2,27,1.712,5.182
2,27,0.06,0.678
2,27,1.117,4.698
2,27,0.476,1.568
2,27,0.6,2.852
2,27,1.13,4.372
2,28,0.798,4.898
2,28,0.452,2.901
2,28,0.123,0.642
2,28,0.426,3.052
2,28,0.14,0.963
2,28,1.188,5.064
2,28,0.115,0.886
2,28,0.061,0.487
2,28,0.585,2.732
2,28,0.365,1.449
2,28,0.933,4.336
2,28,0.264,2.821
2,28,0.525,3.616
2,28,0.501,4.177
2,28,0.009,0.157
2,28,0.038,0.395
2,28,0.358,3.621
2,28,0.522,3.217
2,28,0.553,2.012
2,28,1.418,4.983
2,28,0.927,3.464
2,28,1.315,5.061
2,28,0.609,3.052
2,28,0.949,4.417
2,28,0.541,3.373
2,28,1.003,4.101
2,28,0.334,1.61
2,29,0.577,4.664
2,29,0.154,1.208
2,29,0.119,0.566
2,29,0.019,0.401
2,29,0.057,0.322
2,29,1.083,4.099
2,29,0.052,0.401
2,29,0.012,0.163
2,29,0.515,3.132
2,29,0.153,2.484
2,29,0.113,0.882
2,29,0.049,0.484
2,29,0.106,0.401
2,29,0.077,0.33
2,29,0.125,0.804
2,29,0.601,3.94
2,29,0.805,3.212
2,29,0.809,4.422
2,29,0.698,2.976
2,29,0.653,2.574
2,29,0.532,2.413
2,29,0.287,2.017
2,29,0.411,1.851
2,29,0.658,2.017
2,29,1.322,4.256
2,29,1.279,4.586
2,29,0.029,0.245
2,29,0.639,2.813
2,29,0.029,0.163
2,29,0.75,2.893
2,30,0.297,2.607
2,30,0.144,1.131
2,30,0.693,4.582
2,30,0.096,0.601
2,30,0.242,2.337
2,30,0.51,3.376
2,30,0.292,2.985
2,30,0.139,0.728
2,30,0.046,0.445
2,30,0.496,2.583
2,30,1.507,5.061
2,30,0.53,2.132
2,30,0.732,2.975
2,30,0.906,3.501
2,30,0.093,0.445
2,30,0.909,4.672
2,30,0.634,3.58
2,30,0.924,4.179
2,30,1.546,5.677
2,30,0.396,2.052
2,30,0.555,3.739
2,30,0.705,2.496
3,1,0.949,2.44
3,1,1.243,4.193
3,1,0.242,1.901
3,1,1.159,4.833
3,1,0.608,3.027
3,1,2.351,8.98
3,1,0.963,5.155
3,1,0.596,2.137
3,1,0.768,2.519
3,1,0.054,0.335
3,1,1.164,3.213
3,1,1.732,6.469
3,1,2.287,8.343
3,1,0.477,3.523
3,1,1.248,3.943
3,1,0.656,2.355
3,1,1.165,3.276
3,1,1.127,4.259
3,1,0.052,0.498
3,1,0.84,2.128
3,1,1.524,4.417
3,1,0.421,2.519
3,1,1.597,6.128
3,1,1.737,5.669
3,1,0.65,2.519
3,1,1.852,8.428
3,1,2.434,10.726
3,1,1.24,3.943
3,1,0.42,3.849
3,1,1.434,5.063
3,1,0.991,2.62
3,1,2.39,8.064
3,1,0.574,2.291
3,1,0.844,2.381
3,1,0.284,0.852
3,1,1.775,7.932
3,1,0.807,4.106
3,1,1.657,4.897
3,1,1.848,6.469
3,1,2.16,7.178
3,1,1.459,5.76
3,1,1.022,3.213
3,1,1.47,4.833
3,1,1.204,5.259
3,1,1.999,7.298
3,1,0.399,2.355
3,1,1.725,6.587
3,1,0.629,2.381
3,1,1.631,4.897
3,1,1.069,3.439
3,1,1.161,4.022
3,1,2.478,8.638
3,1,1.244,3.701
3,1,1.749,6.128
3,1,2.477,7.178
3,1,1.883,6.894
3,1,1.294,3.688
3,1,2.182,8.227
3,1,1.981,6.972
3,1,1.944,7.298
3,2,0.447,1.497
3,2,0.502,2.899
3,2,0.589,1.711
3,2,1.166,5.288
3,2,0.736,2.566
3,2,0.569,2.977
3,2,1.624,8.618
3,2,2.613,12.406
3,2,0.759,3.132
3,2,0.629,2.151
3,2,0.896,2.354
3,2,0.652,2.644
3,2,0.538,2.354
3,2,1.51,5.25
3,2,1.382,5.104
3,2,0.579,1.415
3,2,0.74,2.5
3,2,0.96,2.95
3,2,0.587,1.66
3,2,0.867,2.814
3,2,1.395,5.569
3,2,0.77,3.273
3,2,0.298,0.882
3,2,1.102,3.123
3,2,0.582,2.113
3,2,2.159,7.921
3,2,0.902,3.559
3,2,1.427,5.024
3,2,0.642,1.584
3,2,0.037,0.303
3,2,1.785,6.444
3,2,2.333,8.486
3,2,1.159,3.432
3,2,0.456,0.877
3,2,2.228,8.38
3,2,0.56,1.711
3,2,1.332,3.727
3,2,0.739,2.014
3,2,0.785,2.354
3,2,0.37,0.955
3,2,1.35,3.707
3,2,1.367,3.631
3,2,0.797,1.911
3,2,1.603,4.601
3,2,0.953,2.655
3,2,1.415,4.856
3,2,1.495,5.364
3,2,2.336,9.7
3,2,0.856,2.354
3,2,1.017,2.814
3,2,0.821,2.574
3,2,1.608,4.29
3,2,0.752,2.731
3,2,1.119,3.197
3,2,0.788,2.014
3,2,0.146,1.112
3,3,0.8,3.312
3,3,1.132,4.073
3,3,0.591,2.748
3,3,0.835,2.569
3,3,0.788,2.83
3,3,0.99,4.148
3,3,0.022,0.24
3,3,0.977,3.15
3,3,0.989,3.312
3,3,0.532,2.364
3,3,0.728,3.668
3,3,1.449,4.547
3,3,0.619,2.443
3,3,0.985,3.615
3,3,1.117,2.748
3,3,0.795,2.623
3,3,0.233,2.04
3,3,1.257,3.553
3,3,0.663,2.117
3,3,0.01,0.148
3,3,0.979,2.912
3,3,1.493,5.457
3,3,0.571,1.797
3,3,0.92,2.671
3,3,1.72,4.891
3,3,0.679,1.538
3,3,0.958,4.398
3,3,0.827,4.811
3,3,1.626,5.457
3,3,0.744,2.547
3,3,2.036,6.172
3,3,0.847,2.83
3,3,1.067,2.83
3,3,1.366,5.611
3,3,1.17,3.153
3,3,1.633,5.684
3,3,0.415,1.96
3,3,0.911,2.912
3,3,0.892,2.623
3,3,1.075,3.75
3,3,1.003,2.655
3,3,2.616,10.27
3,3,0.223,0.738
3,3,0.582,2.535
3,3,0.805,2.024
3,3,0.507,2.671
3,3,1.406,5.834
3,3,1.042,2.912
3,3,1.057,3.668
3,3,0.921,2.655
3,4,0.778,3.223
3,4,0.397,2.09
3,4,0.703,2.31
3,4,0.2,0.909
3,4,0.692,2.953
3,4,0.621,2.597
3,4,0.147,1.219
3,4,0.565,2.37
3,4,0.866,2.842
3,4,0.489,2.452
3,4,1.104,3.154
3,4,0.566,1.596
3,4,1.249,3.953
3,4,0.588,2.38
3,4,1.826,5.521
3,4,1.813,5.926
3,4,0.858,3.035
3,4,0.912,3.242
3,4,0.757,1.924
3,4,0.595,2.515
3,4,0.696,2.298
3,4,0.086,0.574
3,4,0.52,3.485
3,4,0.809,2.274
3,4,0.88,2.842
3,4,1.54,4.665
3,4,1.404,4.577
3,4,0.769,2.37
3,4,0.464,0.895
3,4,0.772,2.192
3,4,0.082,0.479
3,4,0.874,2.008
3,4,0.95,3.154
3,4,0.853,2.37
3,4,0.426,1.921
3,4,0.95,3.035
3,4,0.642,2.298
3,4,1.259,3.485
3,4,1.496,4.994
3,4,0.573,2.37
3,4,0.679,1.832
3,4,1.296,4.115
3,4,1.019,2.953
3,4,2.211,7.363
3,4,0.392,1.137
3,4,0.913,2.953
3,4,1.165,3.564
3,4,0.928,2.452
3,4,0.341,0.895
3,4,0.029,0.142
3,4,1.679,5.276
3,4,0.911,2.842
3,4,0.736,2.192
3,4,1.158,3.482
3,4,0.552,1.384
3,4,0.124,0.402
3,4,1.051,3.051
3,5,0.553,2.385
3,5,0.033,0.231
3,5,0.424,2.385
3,5,0.501,3.273
3,5,0.082,0.39
3,5,0.81,3.869
3,5,1.006,3.962
3,5,0.663,2.962
3,5,1.096,3.684
3,5,0.515,2.259
3,5,0.171,1.778
3,5,0.607,1.647
3,5,0.894,3.059
3,5,0.461,3.38
3,5,0.65,1.548
3,5,0.844,3.105
3,5,0.434,2.479
3,5,0.971,4.009
3,5,0.76,2.72
3,5,1.301,4.703
3,5,0.798,3.157
3,5,1.079,3.932
3,5,1.665,4.881
3,5,0.705,2.014
3,5,0.894,2.149
3,5,0.681,1.902
3,5,1.149,3.684
3,5,0.672,2.149
3,5,1.437,4.254
3,5,1.73,5.819
3,5,0.837,2.72
3,5,1.24,4.881
3,5,0.601,1.999
3,5,1.135,3.932
3,5,0.737,2.57
3,5,0.633,2.897
3,5,0.891,2.968
3,5,0.557,1.647
3,5,0.759,2.482
3,5,1.362,4.257
3,5,1.845,5.611
3,5,1.135,3.612
3,5,0.565,1.451
3,5,0.915,2.482
3,5,1.334,4.106
3,5,0.858,3.105
3,5,0.896,2.627
3,5,1.19,4.087
3,5,0.134,1.049
3,6,0.286,1.993
3,6,0.297,2.891
3,6,0.655,4.422
3,6,0.613,3.817
3,6,0.051,0.595
3,6,0.74,2.617
3,6,0.26,1.69
3,6,0.054,0.354
3,6,0.599,2.035
3,6,1.007,3.402
3,6,0.624,2.125
3,6,0.566,1.749
3,6,1.006,3.564
3,6,0.422,2.377
3,6,0.186,0.595
3,6,0.213,1.424
3,6,0.295,1.338
3,6,1.395,5.32
3,6,0.366,1.098
3,6,0.396,1.085
3,6,0.608,2.744
3,6,0.446,1.993
3,6,0.833,2.457
3,6,0.45,2.125
3,6,0.723,3.135
3,6,0.035,0.595
3,6,1.062,3.387
3,6,0.245,1.571
3,6,0.976,3.689
3,6,0.371,1.69
3,6,0.135,0.487
3,6,0.998,4.931
3,6,0.84,2.948
3,6,0.065,0.595
3,6,0.642,2.022
3,6,1.174,3.923
3,6,0.548,1.53
3,6,0.706,2.367
3,6,0.048,0.487
3,6,0.326,1.571
3,6,0.249,0.731
3,6,0.559,2.278
3,6,1.06,4.167
3,6,1.605,5.749
3,6,1.049,3.46
3,6,0.665,2.687
3,6,0.762,3.135
3,6,0.881,2.981
3,6,1.129,3.073
3,6,0.845,4.545
3,6,0.687,2.34
3,6,0.152,0.719
3,7,0.459,2.703
3,7,0.51,3.353
3,7,0.867,3.444
3,7,0.717,3.279
3,7,0.495,2.703
3,7,0.517,4.794
3,7,0.248,1.778
3,7,0.3,1.049
3,7,0.708,2.783
3,7,0.599,2.231
3,7,0.45,2.231
3,7,0.609,2.115
3,7,0.159,1.303
3,7,1.275,4.619
3,7,0.519,2.292
3,7,0.402,1.75
3,7,0.847,3.279
3,7,1.123,4.004
3,7,1.613,4.701
3,7,0.501,1.64
3,7,0.505,1.657
3,7,1.144,3.659
3,7,0.557,2.231
3,7,0.927,3.109
3,7,0.69,4.814
3,7,0.207,0.483
3,7,0.656,2.868
3,7,0.705,1.871
3,7,0.03,0.204
3,7,0.948,3.038
3,7,0.895,3.279
3,7,0.126,0.448
3,7,0.616,2.953
3,7,0.669,2.396
3,7,0.39,0.815
3,7,1.279,4.415
3,7,0.246,0.694
3,7,0.091,0.576
3,7,0.357,0.694
3,7,0.47,2.005
3,7,0.161,0.365
3,7,1.412,3.659
3,7,1.2,3.353
3,7,0.115,0.448
3,8,0.701,3.063
3,8,0.051,0.439
3,8,0.526,2.199
3,8,0.596,2.802
3,8,0.781,3.363
3,8,0.316,2.297
3,8,0.483,1.718
3,8,0.758,2.624
3,8,0.357,1.878
3,8,0.713,2.508
3,8,0.116,0.652
3,8,1.407,4.942
3,8,0.476,3.9
3,8,1.418,4.942
3,8,0.565,2.508
3,8,0.508,1.396
3,8,0.734,3.905
3,8,0.372,2.199
3,8,0.513,2.412
3,8,0.826,2.508
3,8,1.006,3.041
3,8,0.721,3.041
3,8,0.159,0.904
3,8,0.712,3.219
3,8,0.027,0.202
3,8,0.187,0.457
3,8,0.544,3.129
3,8,0.687,2.723
3,8,1.273,4.476
3,8,0.748,2.199
3,8,0.688,2.063
3,8,0.388,1.731
3,8,1.802,5.918
3,8,0.07,0.333
3,8,0.854,2.624
3,8,0.687,1.799
3,8,0.668,2.109
3,8,1.054,2.883
3,9,0.09,0.759
3,9,0.228,1.187
3,9,0.19,1.923
3,9,0.741,2.9
3,9,0.444,2.226
3,9,1.101,3.789
3,9,0.702,2.965
3,9,0.625,4.116
3,9,0.514,1.52
3,9,0.64,3.866
3,9,0.774,3.507
3,9,0.517,2.998
3,9,0.494,2.288
3,9,1.9,6.159
3,9,0.776,4.209
3,9,0.043,0.177
3,9,0.865,2.652
3,9,0.68,3.277
3,9,0.41,2.172
3,9,0.681,2.398
3,9,0.193,0.948
3,9,0.255,2.172
3,9,0.74,3.043
3,9,0.905,3.538
3,9,0.635,2.13
3,9,0.876,3.209
3,9,0.793,2.861
3,9,0.626,2.706
3,9,0.678,2.998
3,9,2.138,7.476
3,9,0.89,3.899
3,9,1.733,5.597
3,9,1.534,4.295
3,9,0.802,3.209
3,9,0.118,0.417
3,9,0.435,2.652
3,9,0.035,0.163
3,9,1.013,2.888
3,9,0.772,2.532
3,9,0.955,3.075
3,9,0.942,2.965
3,9,0.763,2.172
3,9,0.023,0.163
3,9,0.139,0.836
3,9,1.919,6.973
3,9,0.768,2.398
3,9,0.1,0.54
3,9,0.757,3.075
3,9,0.614,2.288
3,10,0.051,0.797
3,10,0.039,0.797
3,10,0.042,0.363
3,10,0.426,2.504
3,10,0.748,2.936
3,10,0.546,2.832
3,10,0.876,4.531
3,10,0.427,1.979
3,10,0.733,4.717
3,10,0.297,2.297
3,10,1.082,3.415
3,10,0.491,1.994
3,10,0.944,3.744
3,10,0.414,2.393
3,10,0.848,3.538
3,10,0.15,0.631
3,10,1.16,4.408
3,10,0.448,2.27
3,10,0.035,0.227
3,10,0.714,3.082
3,10,1.553,5.43
3,10,1.103,3.817
3,10,0.959,3.538
3,10,0.833,4.518
3,10,0.434,2.008
3,10,0.938,3.587
3,10,0.896,3.333
3,10,0.716,2.936
3,10,0.725,2.688
3,10,0.257,0.719
3,10,0.832,3.287
3,10,0.883,3.333
3,10,0.423,1.828
3,10,1.123,4.084
3,10,0.564,2.562
3,10,0.039,0.235
3,10,1.776,5.769
3,10,0.664,3.509
3,10,0.486,2.504
3,10,0.102,0.235
3,10,0.711,2.504
3,10,0.202,0.901
3,10,0.522,1.778
3,10,0.939,2.562
3,10,0.865,2.504
3,11,0.095,0.728
3,11,0.04,0.431
3,11,0.958,3.613
3,11,0.336,3.093
3,11,0.895,2.565
3,11,0.837,3.873
3,11,0.347,2.595
3,11,0.937,3.53
3,11,0.688,5.168
3,11,0.693,2.918
3,11,0.659,3.613
3,11,0.721,2.692
3,11,0.219,1.782
3,11,0.457,2.918
3,11,0.036,0.273
3,11,0.695,3.023
3,11,1.29,4.613
3,11,0.396,2.479
3,11,0.127,0.728
3,11,0.336,0.794
3,11,0.657,2.793
3,11,1.191,3.917
3,11,0.746,3.342
3,11,0.745,2.529
3,11,0.588,2.229
3,11,0.802,2.767
3,11,0.073,0.528
3,11,0.97,2.767
3,11,0.473,1.715
3,11,0.744,3.011
3,11,0.884,3.093
3,11,0.818,2.595
3,11,0.511,1.782
3,11,0.166,0.63
3,11,0.353,2.366
3,11,0.847,2.692
3,11,0.758,2.42
3,11,0.588,1.901
3,11,0.049,0.273
3,11,0.588,2.035
3,11,0.556,2.035
3,12,0.039,0.322
3,12,0.101,0.701
3,12,0.102,0.62
3,12,0.613,3.619
3,12,0.016,0.152
3,12,0.065,0.463
3,12,0.492,2.881
3,12,0.123,0.614
3,12,0.695,2.89
3,12,0.305,2.409
3,12,0.338,1.939
3,12,0.395,2.185
3,12,0.42,3.6
3,12,1.134,3.674
3,12,0.646,2.223
3,12,0.829,4.732
3,12,0.785,2.815
3,12,1.37,4.662
3,12,0.984,3.299
3,12,0.711,2.489
3,12,0.118,1.028
3,12,1.57,5.215
3,12,0.588,2.89
3,12,0.542,3.372
3,12,1.311,5.527
3,12,0.012,0.152
3,12,0.604,2.409
3,12,0.347,2.551
3,12,0.04,0.316
3,12,0.383,2.078
3,12,0.839,2.89
3,12,0.514,1.992
3,12,0.596,2.735
3,12,1.144,4.003
3,12,1.071,3.835
3,12,0.942,4.171
3,12,0.746,3.141
3,12,1.76,5.779
3,12,0.021,0.152
3,12,0.822,2.964
3,12,0.025,0.152
3,12,2.094,6.37
3,12,0.093,0.463
3,12,0.785,2.968
3,12,1.309,3.378
3,12,0.945,2.489
3,13,0.086,0.779
3,13,0.079,0.779
3,13,0.99,3.303
3,13,0.505,3.385
3,13,0.351,2.073
3,13,0.083,0.489
3,13,1.331,5.053
3,13,0.566,2.721
3,13,0.554,3.143
3,13,0.436,1.595
3,13,0.914,3.209
3,13,0.132,1.595
3,13,0.056,0.405
3,13,0.602,4.299
3,13,1.23,5.174
3,13,0.191,0.565
3,13,0.684,2.721
3,13,0.899,4.031
3,13,0.055,0.32
3,13,1.469,3.9
3,13,0.702,2.254
3,13,0.93,3.538
3,13,1.157,3.539
3,13,0.955,4.299
3,13,0.568,2.797
3,13,0.56,3.219
3,13,0.471,2.982
3,13,1.1,4.489
3,13,0.509,2.17
3,13,1.296,4.299
3,13,0.032,0.236
3,13,1.621,4.723
3,13,0.846,3.795
3,13,0.733,2.983
3,13,1.39,5.488
3,13,0.364,2.57
3,13,0.733,2.816
3,13,0.053,0.565
3,13,0.286,1.595
3,13,0.535,2.008
3,13,0.052,0.627
3,13,0.234,1.183
3,13,0.923,2.892
3,13,0.716,2.403
3,13,0.083,0.236
3,13,1.335,3.719
3,14,0.072,0.674
3,14,0.097,0.755
3,14,0.109,0.475
3,14,0.702,3.586
3,14,0.832,2.93
3,14,0.834,3.003
3,14,0.66,2.604
3,14,0.235,1.888
3,14,0.677,3.245
3,14,0.495,3.105
3,14,0.011,0.163
3,14,0.555,2.93
3,14,0.508,4.292
3,14,0.396,2.689
3,14,0.12,0.918
3,14,0.864,2.773
3,14,0.154,0.918
3,14,0.544,2.767
3,14,0.567,3.163
3,14,0.525,2.38
3,14,0.103,0.475
3,14,0.109,0.755
3,14,1.479,5.516
3,14,0.038,0.242
3,14,0.615,3.884
3,14,0.858,4.445
3,14,0.869,2.767
3,14,0.125,0.674
3,14,0.035,0.163
3,14,0.458,1.489
3,14,0.848,2.608
3,14,0.173,0.686
3,14,1.089,3.971
3,14,0.676,3.091
3,14,0.725,2.689
3,14,0.739,3.163
3,14,0.667,2.056
3,15,0.044,0.506
3,15,0.819,2.725
3,15,0.126,0.609
3,15,0.14,0.407
3,15,0.78,5.121
3,15,0.198,1.08
3,15,0.197,0.896
3,15,0.387,1.921
3,15,0.796,3.581
3,15,0.69,5.364
3,15,1.506,4.654
3,15,0.441,2.565
3,15,0.501,3.675
3,15,0.399,4.049
3,15,0.633,4.334
3,15,0.552,2.885
3,15,0.108,1.325
3,15,0.142,0.802
3,15,0.783,2.565
3,15,1.019,4.925
3,15,0.793,3.096
3,15,1.035,4.456
3,15,0.454,2.874
3,15,0.877,4.72
3,15,0.83,3.19
3,15,0.952,4.154
3,15,0.775,2.739
3,15,0.12,0.506
3,15,0.666,2.819
3,15,0.557,2.581
3,15,1.748,5.355
3,15,0.889,3.892
3,15,0.973,3.656
3,15,0.102,1.214
3,15,0.579,2.258
3,15,0.48,2.083
3,15,0.561,2.191
3,15,1.041,4.049
3,15,0.655,2.842
3,15,0.825,2.344
3,16,0.035,0.146
3,16,0.069,0.669
3,16,0.089,0.51
3,16,0.119,2.156
3,16,0.335,2.587
3,16,0.035,0.254
3,16,1.265,4.893
3,16,0.333,2.101
3,16,0.965,3.558
3,16,0.526,3.438
3,16,0.164,0.99
3,16,0.314,1.251
3,16,1.359,5.37
3,16,0.535,2.739
3,16,0.501,2.739
3,16,0.381,1.864
3,16,0.019,0.146
3,16,0.171,0.857
3,16,0.028,0.146
3,16,0.844,3.377
3,16,0.527,3.113
3,16,0.278,2.186
3,16,1.425,4.732
3,16,0.928,3.558
3,16,0.768,2.83
3,16,0.353,1.697
3,16,0.067,0.419
3,16,0.118,0.521
3,16,0.215,1.499
3,16,0.117,0.906
3,16,0.116,0.766
3,16,0.954,2.565
3,16,1.039,3.204
3,16,0.276,1.864
3,16,0.461,2.353
3,16,0.715,2.353
3,16,0.679,2.101
3,16,1.692,5.891
3,16,0.036,0.521
3,16,0.254,1.77
3,16,0.116,0.419
3,17,0.089,0.756
3,17,0.095,0.818
3,17,0.542,2.097
3,17,0.657,3.562
3,17,0.325,2.227
3,17,0.669,2.512
3,17,0.464,3.093
3,17,1.246,3.929
3,17,0.933,4.739
3,17,0.764,3.47
3,17,0.347,3.313
3,17,0.656,3.142
3,17,0.452,2.447
3,17,0.903,3.232
3,17,0.361,2.041
3,17,0.486,2.184
3,17,0.415,1.7
3,17,0.651,3.313
3,17,0.075,0.569
3,17,0.097,0.569
3,17,0.542,2.184
3,17,2.55,8.933
3,17,0.674,3.386
3,17,0.065,0.73
3,17,0.413,2.692
3,17,0.713,2.447
3,17,1.3,4.341
3,17,0.82,2.91
3,17,0.245,1.775
3,17,0.103,0.49
3,17,0.104,0.569
3,18,0.07,0.891
3,18,0.078,0.796
3,18,0.88,3.896
3,18,0.139,0.645
3,18,0.624,3.576
3,18,0.402,3.1
3,18,0.182,1.134
3,18,0.58,3.083
3,18,0.55,2.018
3,18,0.431,4.449
3,18,0.14,1.221
3,18,0.157,1.217
3,18,0.754,3.333
3,18,1.605,5.339
3,18,0.716,2.181
3,18,0.737,2.798
3,18,0.598,1.697
3,18,0.235,0.891
3,18,0.138,0.796
3,18,1.702,7.924
3,18,0.701,2.692
3,18,0.102,0.616
3,18,1.116,4.544
3,18,0.705,2.597
3,18,0.469,2.929
3,18,0.095,0.567
3,18,1.783,5.601
3,18,0.496,2.411
3,18,0.014,0.158
3,18,0.471,2.537
3,18,1.191,4.384
3,18,0.016,0.158
3,18,0.943,3.795
3,18,1.059,3.258
3,19,0.056,0.968
3,19,0.041,0.526
3,19,0.618,2.86
3,19,0.713,3.459
3,19,0.631,3.491
3,19,0.091,0.526
3,19,0.455,3.575
3,19,0.666,4.785
3,19,0.053,0.68
3,19,0.899,4.301
3,19,0.831,2.764
3,19,0.009,0.189
3,19,0.861,3.489
3,19,0.483,2.347
3,19,0.849,5.426
3,19,0.082,0.526
3,19,0.689,2.86
3,19,0.665,2.764
3,19,0.205,0.796
3,19,0.552,1.751
3,19,0.057,0.68
3,19,0.33,1.277
3,19,0.891,3.373
3,19,0.065,0.359
3,19,0.625,3.13
3,19,0.864,3.576
3,19,0.341,3.503
3,19,0.539,2.96
3,19,1.36,4.425
3,19,0.013,0.234
3,19,0.023,0.526
3,20,0.279,3.387
3,20,0.052,0.35
3,20,0.124,0.47
3,20,0.764,3.897
3,20,0.431,3.907
3,20,0.59,4.355
3,20,1.244,5.305
3,20,0.187,1.406
3,20,0.643,4.037
3,20,0.624,2.096
3,20,0.493,1.927
3,20,0.656,3.647
3,20,0.777,3.213
3,20,1.147,3.647
3,20,0.439,2.377
3,20,1.029,3.451
3,20,0.99,3.557
3,20,1.008,3.321
3,20,0.159,1.184
3,20,0.103,0.823
3,20,1.644,5.657
3,20,0.6,2.507
3,20,0.029,0.185
3,20,1.056,3.553
3,20,0.661,4.257
3,20,0.132,1.083
3,20,1.11,3.387
3,20,0.812,3.777
3,20,0.074,0.58
3,20,1.071,4.257
3,20,0.12,0.676
3,20,0.265,2.053
3,21,0.074,0.395
3,21,0.633,2.644
3,21,0.081,0.411
3,21,0.087,0.508
3,21,0.462,2.447
3,21,0.479,2.557
3,21,0.383,2.462
3,21,0.648,2.221
3,21,1.161,6.765
3,21,0.714,3.516
3,21,0.089,0.508
3,21,0.867,3.451
3,21,0.844,4.1
3,21,0.717,3.094
3,21,0.593,2.447
3,21,0.088,0.59
3,21,2.071,6.977
3,21,0.941,4.013
3,21,1.542,7.933
3,21,1.092,3.671
3,21,0.298,1.978
3,21,0.084,0.529
3,21,0.619,2.557
3,21,1.317,4.6
3,21,0.938,3.094
3,21,0.655,3.033
3,21,0.587,2.644
3,21,0.097,0.411
3,21,0.738,3.297
3,21,1.033,5.516
3,21,0.929,3.516
3,21,0.115,0.508
3,21,0.508,2.423
3,21,1.687,5.757
3,21,0.957,4.1
3,21,0.079,0.508
3,22,0.044,0.486
3,22,0.545,1.959
3,22,0.642,3.006
3,22,0.038,0.255
3,22,0.29,1.649
3,22,0.576,4.132
3,22,0.437,1.741
3,22,0.41,2.6
3,22,0.763,2.893
3,22,0.223,2.219
3,22,0.826,3.608
3,22,0.05,0.557
3,22,0.37,1.741
3,22,0.035,0.368
3,22,1.14,3.77
3,22,0.144,0.876
3,22,0.939,3.547
3,22,0.015,0.242
3,22,0.176,1.259
3,22,0.39,2.219
3,22,0.218,1.259
3,22,0.084,0.368
3,22,0.463,3.237
3,22,0.068,0.368
3,22,1.151,3.894
3,23,0.605,2.459
3,23,0.252,1.146
3,23,0.408,1.855
3,23,0.487,2.628
3,23,0.314,1.777
3,23,0.742,3.507
3,23,0.116,0.414
3,23,0.934,3.988
3,23,1.058,3.507
3,23,0.64,3.507
3,23,0.447,2.372
3,23,0.562,2.925
3,23,0.579,3.339
3,23,0.015,0.156
3,23,0.102,0.58
3,23,0.327,2.624
3,23,0.035,0.156
3,23,0.894,2.705
3,23,0.112,0.51
3,23,0.998,3.42
3,23,0.025,0.156
3,23,0.032,0.326
3,23,1.45,5.085
3,23,0.373,2.459
3,23,0.616,3.42
3,23,0.447,1.63
3,23,1.032,4.062
3,23,1.607,4.93
3,23,0.199,0.556
3,23,0.099,0.403
3,23,0.727,3.039
3,24,0.369,3.794
3,24,1.018,3.613
3,24,0.11,1.091
3,24,0.041,0.415
3,24,0.432,1.697
3,24,0.483,1.833
3,24,0.11,0.506
3,24,0.872,5.629
3,24,0.617,3.478
3,24,0.862,3.991
3,24,0.46,1.952
3,24,1.989,6.48
3,24,0.81,4.289
3,24,0.613,3.077
3,24,0.136,0.764
3,24,0.433,1.86
3,24,0.598,2.71
3,24,0.367,2.062
3,24,0.292,1.628
3,24,0.31,2.1
3,24,0.492,3.039
3,24,0.088,0.365
3,24,1.014,6.031
3,24,1.131,3.872
3,24,0.026,0.213
3,24,0.136,0.506
3,24,0.277,2.63
3,24,0.235,1.383
3,24,0.849,3.34
3,24,0.753,2.51
3,24,0.962,3.433
3,24,1.097,3.399
3,25,0.276,3.011
3,25,0.736,3.338
3,25,0.817,4.658
3,25,0.689,2.765
3,25,0.316,1.431
3,25,0.677,3.408
3,25,0.106,0.714
3,25,0.531,3.649
3,25,0.017,0.167
3,25,0.23,1.144
3,25,0.021,0.167
3,25,0.837,3.265
3,25,0.034,0.167
3,25,0.379,2.357
3,25,0.39,2.773
3,25,0.067,0.317
3,25,0.213,0.904
3,25,0.141,0.487
3,25,1.047,3.824
3,25,0.572,2.853
3,25,0.297,1.082
3,25,0.056,0.569
3,25,0.697,2.926
3,25,0.181,0.714
3,25,0.235,1.432
3,25,0.025,0.167
3,25,1.197,4.103
3,25,0.074,0.472
3,25,0.825,3.402
3,26,0.13,1.69
3,26,0.235,1.542
3,26,0.412,2.646
3,26,0.815,5.019
3,26,0.334,2.411
3,26,0.543,1.944
3,26,0.369,1.51
3,26,0.67,3.171
3,26,0.438,2.656
3,26,0.549,1.923
3,26,0.598,4.137
3,26,0.509,2.788
3,26,0.959,4.358
3,26,0.593,2.771
3,26,0.703,2.295
3,26,0.398,2.983
3,26,0.081,0.373
3,26,0.412,2.715
3,26,0.138,0.589
3,26,0.238,1.16
3,26,0.576,2.411
3,26,0.786,3.154
3,26,0.612,3.556
3,26,0.646,3.765
3,26,0.586,2.531
3,26,0.319,1.192
3,26,0.583,3.41
3,26,0.948,3.487
3,26,0.137,0.704
3,26,0.078,0.304
3,26,0.175,0.589
3,27,0.084,0.902
3,27,0.672,2.874
3,27,0.414,2.681
3,27,0.564,2.761
3,27,0.139,0.981
3,27,0.823,3.216
3,27,0.071,0.461
3,27,0.119,0.782
3,27,0.145,0.854
3,27,0.318,2.323
3,27,1.535,5.013
3,27,0.52,2.481
3,27,0.766,4.314
3,27,0.15,0.533
3,27,0.892,4.829
3,27,1.046,5.249
3,27,0.404,2.321
3,27,0.816,3.946
3,27,0.824,5.321
3,27,0.795,2.548
3,27,0.531,4.468
3,27,0.463,2.254
3,27,0.514,2.326
3,27,0.057,0.233
3,27,0.084,0.413
3,27,1.611,5.85
3,27,0.581,3.516
3,27,0.652,3.046
3,27,0.132,1.119
3,27,0.261,1.782
3,27,0.301,1.71
3,27,0.05,0.162
3,27,0.156,1.615
3,27,0.811,3.379
3,27,0.654,2.49
3,28,0.468,4.938
3,28,0.218,1.544
3,28,0.228,0.943
3,28,0.294,2.71
3,28,0.738,2.403
3,28,0.07,0.796
3,28,0.481,2.325
3,28,0.616,2.887
3,28,0.704,4.778
3,28,1.649,8.54
3,28,0.035,0.133
3,28,0.157,0.873
3,28,0.976,3.452
3,28,0.533,2.78
3,28,1.099,3.85
3,28,0.185,2.395
3,28,0.561,3.525
3,28,0.241,1.719
3,28,0.667,5.324
3,28,0.767,2.78
3,28,0.429,1.377
3,28,0.886,3.546
3,28,0.258,2.313
3,28,0.542,1.875
3,28,1.117,4.243
3,28,0.161,0.86
3,28,0.024,0.407
3,28,1.409,6.079
3,28,0.512,2.709
3,28,0.771,3.052
3,28,0.236,1.719
3,28,0.029,0.133
3,28,0.73,2.325
3,28,1.338,4.434
3,28,0.054,0.32
3,29,0.71,3.66
3,29,0.082,0.474
3,29,0.051,0.635
3,29,0.496,4.467
3,29,0.04,0.726
3,29,0.668,4.152
3,29,1.524,5.007
3,29,0.778,3.351
3,29,0.275,3.009
3,29,0.298,1.005
3,29,0.068,0.332
3,29,0.852,3.837
3,29,0.161,1.802
3,29,1.04,3.899
3,29,0.017,0.159
3,29,0.278,0.756
3,29,0.452,2.012
3,29,0.169,1.112
3,29,0.302,1.318
3,29,0.011,0.159
3,29,0.452,2.738
3,29,1.345,4.719
3,29,0.986,3.667
3,29,0.103,0.835
3,29,0.091,0.565
3,29,1.103,3.981
3,29,0.096,0.494
3,29,0.371,2.088
3,29,0.021,0.144
3,30,0.636,4.077
3,30,0.053,0.45
3,30,0.262,2.256
3,30,0.596,2.454
3,30,0.756,4.557
3,30,0.992,3.604
3,30,0.446,3.819
3,30,0.679,2.907
3,30,0.264,1.892
3,30,0.048,0.45
3,30,0.26,1.823
3,30,0.725,3.137
3,30,0.108,0.61
3,30,0.446,2.557
3,30,0.07,0.216
3,30,0.169,0.61
3,30,0.406,2.806
3,30,0.008,0.236
3,30,0.044,0.216
3,30,0.372,2.277
3,30,0.584,2.106
3,30,0.607,2.277
3,30,0.779,2.629
3,30,1.427,5.128
3,30,1.481,5.121
3,30,0.199,0.59
3,30,0.197,0.674
4,1,0.349,0.957
4,1,0.592,1.924
4,1,0.838,3.573
4,1,0.59,3.127
4,1,0.891,3.194
4,1,0.543,2.567
4,1,0.759,2.405
4,1,0.366,1.119
4,1,0.362,3.049
4,1,0.798,2.729
4,1,0.937,3.896
4,1,1.064,3.194
4,1,0.632,2.646
4,1,0.6,2.646
4,1,0.135,0.487
4,1,0.077,0.398
4,1,0.61,2.206
4,1,0.971,3.411
4,1,0.939,3.491
4,1,0.814,3.211
4,1,1.124,4.296
4,1,0.687,2.404
4,1,0.838,3.289
4,1,0.854,2.729
4,1,1.012,3.127
4,1,0.914,2.56
4,1,1.488,4.618
4,1,1.231,3.411
4,1,1.353,4.596
4,1,1.559,4.833
4,1,0.663,2.243
4,1,1.368,4.538
4,1,0.984,2.567
4,1,1.069,3.734
4,1,2.246,8.029
4,2,0.768,2.438
4,2,1.123,3.861
4,2,1.29,3.749
4,2,0.484,2.639
4,2,1.094,2.881
4,2,0.667,1.858
4,2,0.743,2.715
4,2,0.594,2.277
4,2,0.502,2.881
4,2,0.694,3.029
4,2,0.628,1.796
4,2,1.048,3.812
4,2,0.523,3.009
4,2,1.305,3.548
4,2,0.226,1.145
4,2,0.702,2.438
4,2,0.823,2.715
4,2,0.8,2.269
4,2,0.635,1.634
4,2,1.099,3.749
4,2,0.048,0.194
4,2,0.008,0.076
4,2,0.054,0.29
4,3,1.136,3.524
4,3,0.804,2.828
4,3,0.378,2.457
4,3,0.967,3.139
4,3,0.859,3.314
4,3,0.586,3.314
4,3,0.686,2.918
4,3,1.032,4.642
4,3,0.827,3.828
4,3,0.805,2.994
4,3,0.952,4.431
4,3,0.656,2.697
4,3,0.34,2.054
4,3,0.562,2.288
4,3,0.992,3.074
4,3,0.138,2.415
4,3,0.319,1.168
4,3,0.82,2.505
4,3,1.494,4.699
4,3,0.511,1.963
4,3,0.728,2.836
4,3,0.579,2.377
4,3,0.061,0.461
4,3,0.937,2.697
4,3,0.829,2.457
4,3,0.589,2.457
4,3,0.908,2.505
4,3,0.542,1.231
4,3,0.041,0.249
4,3,0.288,1.473
4,4,0.904,3.353
4,4,0.613,2.983
4,4,0.312,1.4
4,4,0.229,0.929
4,4,0.512,2.642
4,4,0.666,2.889
4,4,0.578,3.077
4,4,0.152,1.929
4,4,0.848,2.742
4,4,0.168,0.453
4,4,1.156,3.595
4,4,0.844,2.742
4,4,0.01,0.155
4,4,0.518,1.169
4,4,0.329,3.265
4,4,0.564,2.413
4,4,0.235,0.568
4,4,1.235,3.652
4,4,0.713,2.492
4,4,0.566,2.341
4,4,0.715,2.341
4,4,0.047,0.36
4,4,0.503,1.92
4,4,0.297,1.326
4,5,0.338,1.903
4,5,0.387,2.185
4,5,0.342,1.31
4,5,0.26,1.782
4,5,0.159,1.501
4,5,0.047,0.442
4,5,0.552,3.593
4,5,0.054,0.643
4,5,0.652,3.392
4,5,2.131,6.294
4,5,0.515,2.391
4,5,0.235,1.309
4,5,0.716,2.265
4,5,0.94,3.267
4,5,0.643,3.873
4,5,0.815,2.477
4,5,0.602,1.95
4,5,1.18,3.666
4,5,0.848,3.309
4,5,0.74,2.631
4,5,0.742,2.59
4,5,0.415,1.791
4,6,0.458,4.012
4,6,0.465,1.592
4,6,0.363,0.916
4,6,0.261,1.474
4,6,0.37,1.681
4,6,0.869,2.847
4,6,0.321,1.347
4,6,0.621,2.659
4,6,0.44,1.954
4,6,0.329,2.403
4,6,0.554,2.072
4,6,0.216,1.347
4,6,0.406,1.592
4,6,0.87,2.56
4,6,1.325,3.733
4,6,0.852,2.553
4,6,0.767,2.659
4,7,0.205,1.549
4,7,0.045,0.64
4,7,0.399,1.185
4,7,0.344,4.04
4,7,1.116,4.212
4,7,0.666,3.752
4,7,0.346,3.167
4,7,0.672,2.65
4,7,0.275,1.631
4,7,0.598,2.927
4,7,0.506,1.88
4,7,0.561,2.409
4,7,0.829,2.527
4,7,0.575,3.012
4,7,0.791,1.919
4,7,0.769,3.672
4,7,0.012,0.247
4,7,0.111,0.541
4,7,0.887,3.412
4,7,0.515,2.258
4,7,0.78,2.938
4,7,0.688,2.552
4,7,0.164,1.364
4,7,0.018,0.24
4,8,0.544,4.34
4,8,0.486,3.204
4,8,0.6,2.482
4,8,0.636,3.453
4,8,0.156,1.128
4,8,0.598,4.421
4,8,0.377,1.83
4,8,0.843,2.795
4,8,0.895,2.89
4,8,0.04,0.39
4,8,0.734,3.698
4,8,0.955,3.856
4,8,0.844,2.723
4,8,0.695,1.984
4,8,0.99,2.795
4,9,0.418,3.378
4,9,0.191,1.161
4,9,0.091,0.405
4,9,0.438,3.026
4,9,0.433,1.652
4,9,0.161,0.916
4,9,0.478,3.28
4,9,0.107,0.555
4,9,0.542,1.604
4,9,1.108,3.57
4,9,2.133,6.257
4,9,0.734,3.681
4,9,0.758,3.242
4,9,0.46,1.721
4,9,0.569,2.881
4,9,0.473,1.881
4,9,0.076,0.401
4,9,0.038,0.08
4,9,0.632,2.959
4,9,0.063,0.245
4,10,0.249,2.558
4,10,0.618,3.468
4,10,0.497,2.827
4,10,0.352,3.141
4,10,0.561,4.518
4,10,0.081,0.532
4,10,0.658,2.505
4,10,0.133,0.896
4,10,0.833,3.15
4,10,0.618,3.141
4,10,2.195,9.4
4,10,0.553,2.411
4,10,0.783,3.297
4,10,0.58,3.378
4,10,0.027,0.145
4,10,0.87,3.855
4,10,0.388,1.194
4,11,0.385,2.349
4,11,0.347,1.232
4,11,0.459,3.071
4,11,0.265,1.175
4,11,0.993,3.953
4,11,0.024,0.183
4,11,0.575,2.523
4,11,0.822,3.882
4,11,0.137,0.722
4,11,0.731,3.633
4,11,0.223,2.067
4,11,0.552,2.349
4,11,0.683,2.237
4,11,0.012,0.228
4,11,0.034,0.183
4,11,1.304,4.182
4,11,1.543,4.843
4,12,0.049,0.423
4,12,0.128,0.503
4,12,0.858,4.375
4,12,0.209,2.241
4,12,0.078,0.474
4,12,0.442,2.204
4,12,0.504,2.335
4,12,0.853,3.808
4,12,0.591,2.886
4,12,1.177,3.728
4,12,0.558,2.394
4,12,0.557,2.401
4,12,0.091,0.384
4,12,0.847,5.11
4,12,0.144,1.123
4,13,0.594,2.532
4,13,0.312,1.901
4,13,0.17,0.72
4,13,0.041,0.295
4,13,0.45,3.109
4,13,0.689,3.501
4,13,0.763,2.842
4,13,0.446,3.368
4,13,0.612,4.353
4,13,1.124,5.153
4,13,0.628,2.726
4,13,0.883,2.726
4,13,0.809,3.687
4,13,0.842,2.952
4,13,0.62,2.791
4,13,0.006,0.103
4,13,0.082,0.295
4,13,0.585,2.581
4,14,0.089,0.364
4,14,0.054,0.323
4,14,0.121,0.684
4,14,0.105,0.643
4,14,0.919,3.135
4,14,0.069,0.925
4,14,0.442,3.078
4,14,0.77,4.256
4,14,0.507,2.595
4,14,0.527,2.246
4,14,0.998,3.333
4,14,0.544,2.125
4,14,0.148,0.968
4,14,0.757,3.078
4,14,0.683,2.81
4,14,0.707,2.32
4,14,0.755,3.053
4,14,0.512,1.843
4,14,1.139,3.211
4,14,1.031,3.656
4,14,0.028,0.092
4,15,0.116,1.282
4,15,0.177,0.773
4,15,0.872,2.843
4,15,0.148,0.834
4,15,0.442,2.696
4,15,0.608,2.827
4,15,0.49,3.684
4,15,0.191,1.015
4,15,0.553,3.413
4,15,0.689,3.993
4,15,0.97,3.479
4,15,0.384,1.85
4,15,0.433,4.025
4,15,0.483,1.892
4,15,0.908,4.146
4,15,0.425,1.541
4,15,0.021,0.15
4,15,0.547,2.31
4,15,1.468,4.146
4,16,0.128,0.888
4,16,0.072,0.484
4,16,1.405,4.634
4,16,0.038,0.241
4,16,0.354,3.281
4,16,0.031,0.459
4,16,0.392,2.118
4,16,0.626,2.964
4,16,0.684,3.606
4,16,0.451,2.808
4,16,0.144,0.865
4,16,0.194,0.399
4,16,0.111,0.314
4,16,0.259,1.54
4,16,0.654,2.873
4,16,0.653,3.614
4,16,1.097,4.099
4,16,0.092,0.405
4,17,0.044,0.198
4,17,0.377,3.056
4,17,0.061,0.251
4,17,0.037,0.198
4,17,0.528,3.471
4,17,0.032,0.609
4,17,0.661,4.75
4,17,0.345,2.034
4,17,0.439,2.153
4,17,0.821,2.513
4,17,0.908,4.206
4,17,1.75,5.069
4,17,0.247,1.126
4,17,0.683,2.691
4,17,0.527,3.951
4,17,0.035,0.575
4,17,0.095,0.466
4,17,0.284,0.967
4,17,0.598,2.182
4,17,0.509,3.541
4,17,0.71,3.041
4,18,0.063,0.369
4,18,0.063,0.318
4,18,0.94,4.375
4,18,0.34,1.377
4,18,0.164,1.245
4,18,0.5,3.647
4,18,0.648,4.059
4,18,0.079,0.52
4,18,0.827,3.698
4,18,0.218,0.619
4,18,0.124,0.355
4,18,0.446,3.244
4,18,0.552,2.361
4,18,0.258,1.575
4,18,0.643,2.964
4,18,0.625,2.798
4,18,0.051,0.239
4,18,0.048,0.278
4,18,0.937,3.167
4,19,0.062,0.357
4,19,0.644,3.451
4,19,0.113,0.677
4,19,0.059,0.16
4,19,0.524,2.725
4,19,0.32,1.887
4,19,0.237,0.843
4,19,1.196,3.651
4,19,0.335,0.999
4,19,0.207,1.046
4,19,0.258,1.283
4,19,0.426,2.607
4,19,0.096,0.593
4,19,0.133,0.963
4,19,0.469,1.483
4,19,0.151,0.558
4,19,0.098,0.282
4,19,0.06,0.36
4,19,0.6,3.087
4,19,0.208,0.797
4,19,0.331,0.843
4,20,0.026,0.095
4,20,0.071,0.365
4,20,0.179,1.297
4,20,0.223,1.039
4,20,0.133,2.236
4,20,0.196,2.034
4,20,0.428,2.897
4,20,0.139,0.447
4,20,0.674,3.947
4,20,0.734,4.032
4,20,0.782,4.893
4,20,0.045,0.494
4,20,0.087,0.405
4,20,0.983,4.462
4,20,0.518,3.139
4,20,0.51,2.967
4,20,0.545,4.032
4,20,0.525,2.84
4,20,0.171,0.69
4,20,0.88,4.565
4,20,0.478,4.305
4,20,0.018,0.162
4,20,0.743,2.84
4,20,0.104,0.286
4,20,0.078,0.287
4,21,0.146,0.783
4,21,0.586,4.116
4,21,0.593,4.885
4,21,0.582,4.207
4,21,0.99,5.332
4,21,0.135,0.284
4,21,0.145,0.783
4,21,0.545,3.635
4,21,0.772,4.479
4,21,0.555,2.706
4,21,0.96,4.224
4,21,0.473,2.687
4,21,0.464,2.361
4,21,0.676,4.728
4,21,0.543,2.364
4,21,0.601,2.398
4,22,0.077,0.403
4,22,0.228,1.354
4,22,0.06,0.81
4,22,0.158,1.033
4,22,0.386,2.119
4,22,0.063,0.403
4,22,0.44,3.091
4,22,0.534,3.101
4,22,0.811,3.265
4,22,0.364,2.865
4,22,0.658,3.026
4,22,0.226,2.544
4,22,0.058,0.657
4,22,0.496,3.741
4,22,0.568,3.92
4,22,0.635,3.208
4,22,0.407,2.159
4,22,0.747,4.336
4,22,0.219,1.066
4,22,0.496,2.41
4,22,0.724,3.741
4,22,0.658,4.081
4,22,0.511,2.843
4,22,0.033,0.633
4,23,0.141,0.477
4,23,0.619,4.569
4,23,0.121,0.716
4,23,0.503,3.007
4,23,0.38,1.942
4,23,0.079,0.637
4,23,0.541,3.379
4,23,0.592,4.364
4,23,0.238,2.64
4,23,0.541,2.519
4,23,0.299,2.308
4,23,0.374,3.13
4,23,0.568,2.477
4,23,0.2,1.063
4,23,0.963,4.41
4,23,0.178,0.724
4,23,0.78,3.936
4,23,0.392,3.775
4,23,0.033,0.24
4,23,0.822,3.457
4,23,0.822,4.374
4,23,0.027,0.238
4,23,1.192,3.53
4,24,0.103,0.533
4,24,0.179,1.944
4,24,0.043,0.366
4,24,0.47,4.402
4,24,0.091,0.366
4,24,0.125,0.471
4,24,0.286,1.129
4,24,0.154,0.642
4,24,0.218,1.422
4,24,0.695,4.402
4,24,0.373,2.599
4,24,0.729,4.213
4,24,0.143,0.875
4,24,0.106,0.467
4,24,0.701,3.657
4,24,0.62,3.29
4,24,0.83,4.213
4,24,0.598,3.134
4,24,0.856,3.428
4,25,0.383,2.449
4,25,0.406,2.684
4,25,0.109,0.49
4,25,0.577,3.5
4,25,0.922,2.775
4,25,0.305,3.568
4,25,0.632,2.695
4,25,0.371,3.402
4,25,0.528,2.287
4,25,0.599,3.019
4,25,1.529,5.137
4,25,0.029,0.384
4,25,0.604,2.449
4,26,0.11,0.831
4,26,0.626,2.549
4,26,0.346,2.407
4,26,0.115,0.841
4,26,0.2,1.006
4,26,0.617,2.974
4,26,0.201,1.336
4,26,0.7,4.198
4,26,0.722,3.812
4,26,0.026,0.142
4,26,0.379,1.158
4,26,1.138,4.95
4,26,0.696,2.727
4,26,0.136,1.647
4,26,0.387,1.745
4,26,0.5,2.879
4,26,0.079,0.689
4,26,0.163,1.006
4,27,0.186,0.957
4,27,0.028,0.48
4,27,0.246,0.648
4,27,0.036,0.236
4,27,0.325,1.266
4,27,0.145,1.745
4,27,0.041,0.232
4,27,0.082,0.728
4,27,0.043,0.319
4,27,0.035,0.404
4,27,0.174,1.745
4,27,0.055,0.319
4,27,0.449,2.382
4,27,0.125,1.515
4,27,0.025,0.406
4,27,1.324,5.396
4,27,0.706,4.665
4,27,0.095,0.412
4,28,0.65,3.242
4,28,0.255,1.219
4,28,0.127,1.141
4,28,0.546,3.077
4,28,0.018,0.156
4,28,0.107,1.058
4,28,0.31,1.301
4,28,0.597,2.999
4,28,0.206,1.216
4,28,0.755,2.282
4,28,0.658,3.168
4,28,0.389,1.801
4,28,0.436,1.716
4,28,0.024,0.155
4,29,0.687,4.578
4,29,0.858,4.663
4,29,0.134,1.007
4,29,0.521,4.252
4,29,0.902,4.006
4,29,0.683,3.194
4,29,0.078,0.527
4,29,0.355,2.518
4,29,0.522,3.218
4,29,0.305,3.001
4,29,0.025,0.247
4,29,0.078,0.33
4,29,0.549,3.051
4,29,0.625,2.715
4,29,0.462,2.837
4,29,0.238,0.852
4,30,0.226,1.394
4,30,0.125,1.148
4,30,0.553,2.637
4,30,0.135,0.521
4,30,0.356,1.987
4,30,0.532,1.912
4,30,0.609,4.425
4,30,1.119,4.638
4,30,0.082,0.971
4,30,0.87,3.109
4,30,0.084,0.343
4,30,0.103,0.601
4,30,0.246,1.272
