1,1,1.575,4.933
1,1,1.402,4.457
1,1,1.926,7.067
1,1,1.621,5.22
1,1,1.316,3.453
1,1,1.211,3.374
1,1,0.458,1.163
1,1,0.145,0.682
1,1,0.532,1.246
1,1,2.093,6.465
1,1,1.404,4.458
1,1,1.762,5.302
1,1,1.68,5.54
1,1,1.852,5.777
1,1,1.207,3.891
1,1,1.856,6.025
1,1,1.784,5.462
1,1,2.252,7.108
1,1,0.014,0.079
1,1,0.117,0.867
1,1,0.524,1.218
1,1,1.45,4.182
1,1,2.137,7.108
1,1,0.016,0.079
1,1,2.133,6.107
1,1,1.936,6.107
1,1,0.01,0.079
1,1,1.954,6.666
1,1,1.717,5.179
1,1,1.061,2.691
1,1,2.613,9.081
1,1,1.128,3.214
1,1,1.564,5.06
1,1,2.435,10.962
1,1,2.136,6.347
1,1,1.678,6.226
1,1,1.882,7.149
1,1,2.098,7.463
1,1,2.102,7.99
1,1,1.598,5.179
1,1,1.792,5.662
1,1,1.838,6.305
1,1,2.106,8.352
1,1,1.82,6.265
1,1,1.515,5.462
1,1,0.961,3.214
1,1,0.133,0.161
1,1,0.01,0.12
1,2,0.845,2.611
1,2,1.507,4.098
1,2,0.073,0.163
1,2,1.557,5.06
1,2,0.853,4.174
1,2,2.031,6.427
1,2,1.272,4.256
1,2,1.524,4.38
1,2,0.412,1.528
1,2,1.918,5.021
1,2,0.855,2.691
1,2,0.937,3.496
1,2,1.774,6.709
1,2,1.587,5.943
1,2,1.899,7.865
1,2,1.538,5.06
1,2,1.805,6.027
1,2,0.905,3.092
1,2,1.726,5.664
1,2,1.191,3.654
1,2,1.184,3.171
1,2,1.884,5.181
1,2,2.101,6.469
1,2,0.004,0.08
1,2,0.982,3.736
1,2,1.524,5.223
1,2,1.69,4.941
1,2,1.857,6.796
1,2,1.46,4.698
1,2,1.579,4.578
1,2,1.35,4.652
1,2,0.926,2.73
1,2,0.984,2.812
1,2,1.882,6.225
1,2,1.63,6.022
1,2,1.419,4.939
1,2,1.892,5.536
1,2,2.278,6.947
1,2,1.852,7.997
1,2,1.915,5.431
1,2,0.999,3.212
1,2,1.706,5.943
1,2,1.7,5.06
1,2,1.792,5.536
1,2,1.955,7.394
1,2,0.584,2.009
1,2,1.84,5.865
1,2,1.971,6.707
1,2,1.902,8.07
1,3,1.587,4.779
1,3,1.882,5.864
1,3,0.92,2.967
1,3,1.729,6.386
1,3,1.514,5.343
1,3,1.49,4.337
1,3,1.249,3.655
1,3,1.513,4.461
1,3,1.207,4.099
1,3,0.936,2.971
1,3,1.255,4.298
1,3,0.961,3.572
1,3,1.511,4.615
1,3,0.853,2.807
1,3,0.527,1.928
1,3,2.255,7.79
1,3,0.346,1.858
1,3,1.249,4.461
1,3,1.722,5.656
1,3,1.824,5.546
1,3,1.162,3.613
1,3,1.762,5.943
1,3,1.465,3.896
1,3,1.469,4.702
1,3,1.44,4.416
1,3,1.925,5.987
1,3,0.487,2.202
1,3,1.533,4.579
1,3,0.927,2.811
1,3,1.711,4.66
1,3,1.164,3.332
1,3,1.173,3.938
1,3,1.071,3.172
1,3,1.599,5.019
1,3,0.012,0.165
1,3,2.096,8.518
1,3,1.917,6.427
1,3,0.827,3.091
1,3,0.558,1.642
1,3,1.098,3.735
1,3,1.415,4.579
1,3,1.174,3.735
1,3,0.974,4.179
1,3,1.224,4.702
1,3,0.733,3.051
1,3,0.902,2.652
1,3,1.601,4.941
1,3,0.009,0.079
1,4,0.333,1.386
1,4,1.669,4.816
1,4,0.914,2.93
1,4,1.369,4.454
1,4,0.768,2.54
1,4,1.851,5.499
1,4,0.98,3.047
1,4,1.633,5.262
1,4,1.338,4.053
1,4,0.01,0.077
1,4,0.586,1.441
1,4,1.501,4.774
1,4,1.487,5.262
1,4,1.713,5.857
1,4,1.758,4.816
1,4,0.05,0.311
1,4,1.642,5.06
1,4,0.463,1.083
1,4,1.884,6.827
1,4,1.478,4.585
1,4,1.138,3.691
1,4,1.186,3.599
1,4,0.01,0.077
1,4,1.948,5.739
1,4,1.071,4.569
1,4,1.051,3.498
1,4,0.597,2.606
1,4,1.614,4.332
1,4,1.368,5.017
1,4,1.108,3.33
1,4,1.428,3.772
1,4,1.987,8.068
1,4,1.611,4.495
1,4,0.927,3.052
1,4,0.012,0.121
1,4,0.716,2.54
1,4,0.976,3.599
1,4,2.172,8.521
1,4,1.762,6.793
1,4,1.726,5.661
1,4,0.985,2.93
1,4,0.982,3.485
1,4,0.999,3.29
1,4,1.017,3.129
1,4,1.405,4.103
1,4,1.952,5.94
1,4,0.805,2.819
1,5,1.173,3.146
1,5,0.781,3.185
1,5,1.944,5.301
1,5,1.005,2.584
1,5,1.024,3.068
1,5,0.903,2.584
1,5,0.959,3.106
1,5,1.563,4.531
1,5,0.007,0.093
1,5,1.418,5.108
1,5,1.125,3.466
1,5,1.493,4.671
1,5,0.606,2.624
1,5,1.65,6.439
1,5,1.671,5.107
1,5,0.346,1.364
1,5,1.057,3.63
1,5,1.008,3.386
1,5,1.399,4.31
1,5,0.352,1.098
1,5,0.693,2.221
1,5,0.483,4.578
1,5,0.009,0.093
1,5,2.255,7.604
1,5,1.099,3.708
1,5,1.684,5.837
1,5,1.658,5.395
1,5,0.537,2.062
1,5,1.013,3.574
1,5,2.011,6.505
1,5,1.87,5.375
1,5,0.82,2.507
1,5,1.107,3.587
1,5,0.816,2.584
1,5,1.627,5.595
1,5,0.694,2.173
1,5,0.677,2.021
1,5,0.652,2.584
1,5,1.681,5.475
1,5,1.144,3.185
1,5,0.086,0.215
1,5,1.249,3.42
1,5,1.321,4.994
1,5,1.069,4.15
1,5,2.062,8.407
1,5,1.768,4.793
1,5,0.988,3.146
1,5,0.739,3.091
1,5,0.957,3.253
1,5,1.078,3.068
1,5,1.118,3.185
1,5,1.311,4.265
1,6,1.782,5.417
1,6,0.801,3.331
1,6,1.202,3.976
1,6,1.695,5.745
1,6,1.997,6.424
1,6,0.981,3.494
1,6,1.329,4.662
1,6,0.31,1.052
1,6,1.163,3.533
1,6,1.573,5.583
1,6,1.303,4.82
1,6,0.495,3.014
1,6,0.824,2.488
1,6,0.797,2.894
1,6,1.26,3.374
1,6,1.077,4.059
1,6,0.569,1.89
1,6,1.458,4.459
1,6,0.994,3.014
1,6,0.579,1.89
1,6,0.937,3.163
1,6,1.18,4.179
1,6,1.482,4.372
1,6,1.409,4.778
1,6,1.181,3.615
1,6,0.954,3.415
1,6,0.878,2.887
1,6,0.564,1.782
1,6,1.229,4.138
1,6,1.381,4.301
1,6,1.703,5.216
1,6,0.573,2.09
1,6,1.627,4.573
1,6,1.459,5.102
1,6,1.188,4.372
1,6,0.892,2.694
1,6,0.942,3.413
1,6,0.688,2.894
1,6,0.839,2.812
1,6,0.992,3.092
1,6,0.896,2.73
1,6,0.508,2.004
1,6,0.513,2.367
1,6,0.249,0.876
1,6,1.775,5.419
1,7,0.935,4.176
1,7,0.77,2.408
1,7,1.354,4.459
1,7,0.689,2.854
1,7,1.143,3.334
1,7,0.083,0.361
1,7,0.615,2.566
1,7,1.335,3.732
1,7,1.665,6.305
1,7,1.076,3.653
1,7,1.128,3.696
1,7,1.249,4.25
1,7,0.229,1.004
1,7,1.297,4.01
1,7,1.22,3.533
1,7,0.894,3.292
1,7,0.414,2.81
1,7,0.008,0.078
1,7,0.918,2.651
1,7,1.083,4.057
1,7,1.455,4.452
1,7,0.937,2.969
1,7,0.407,1.284
1,7,0.804,2.973
1,7,1.038,3.454
1,7,1.718,5.133
1,7,0.115,0.724
1,7,1.396,4.74
1,7,1.746,6.465
1,7,0.408,1.607
1,7,0.808,2.367
1,7,0.338,1.042
1,7,1.221,3.775
1,7,1.222,4.215
1,7,1.228,3.976
1,7,0.06,0.321
1,7,1.552,4.859
1,7,1.522,5.343
1,7,1.583,4.45
1,7,0.342,1.125
1,7,0.007,0.078
1,7,0.881,3.405
1,7,0.805,4.215
1,7,0.907,3.21
1,7,1.298,4.295
1,7,0.069,0.724
1,7,0.211,0.843
1,7,0.591,2.128
1,7,0.962,2.534
1,7,0.017,0.078
1,7,1.828,5.823
1,7,0.015,0.078
1,8,1.205,3.851
1,8,0.594,2.129
1,8,1.073,3.091
1,8,0.789,2.651
1,8,0.717,2.211
1,8,0.749,3.049
1,8,1.316,4.986
1,8,1.027,3.175
1,8,0.879,3.857
1,8,1.319,4.899
1,8,1.616,5.064
1,8,0.903,3.049
1,8,1.008,3.415
1,8,0.652,2.37
1,8,1.361,4.419
1,8,0.724,2.17
1,8,1.134,3.936
1,8,1.356,4.218
1,8,0.085,0.404
1,8,1.886,5.583
1,8,1.208,4.899
1,8,0.942,2.932
1,8,1.396,5.423
1,8,1.856,6.107
1,8,0.047,0.084
1,8,1.686,6.067
1,8,1.091,3.776
1,8,0.843,2.974
1,8,1.067,4.538
1,8,1.345,4.298
1,8,0.556,2.328
1,8,0.501,2.329
1,8,0.913,3.535
1,8,0.927,2.886
1,8,0.887,3.936
1,8,0.876,3.089
1,8,1.024,3.575
1,8,1.639,5.742
1,8,0.908,3.617
1,8,1.617,5.337
1,8,1.76,5.064
1,8,1.136,3.457
1,8,0.31,1.405
1,9,0.827,2.65
1,9,0.897,3.574
1,9,0.413,1.491
1,9,0.953,3.375
1,9,0.627,2.328
1,9,1.174,3.246
1,9,0.456,1.929
1,9,0.527,2.731
1,9,0.667,2.169
1,9,0.661,2.488
1,9,0.381,1.526
1,9,0.905,2.851
1,9,1.147,3.855
1,9,0.639,2.49
1,9,1.17,3.656
1,9,1.402,4.86
1,9,0.881,3.093
1,9,1.237,4.257
1,9,0.05,0.323
1,9,0.629,2.65
1,9,1.315,4.218
1,9,0.854,3.574
1,9,0.105,0.402
1,9,0.058,0.645
1,9,1.12,3.539
1,9,0.089,0.844
1,9,0.942,2.65
1,9,0.93,3.764
1,9,1.28,4.899
1,9,1.222,4.9
1,9,0.883,2.65
1,9,1.213,4.377
1,9,1.026,4.016
1,9,0.619,2.208
1,9,0.855,2.53
1,9,0.946,4.739
1,9,1.082,3.294
1,10,0.645,2.528
1,10,0.581,3.212
1,10,1.869,6.787
1,10,0.992,3.292
1,10,1.554,4.741
1,10,1.026,4.779
1,10,0.473,3.369
1,10,0.82,2.851
1,10,0.526,2.004
1,10,0.023,0.362
1,10,0.367,2.017
1,10,1.894,5.942
1,10,0.895,4.056
1,10,0.812,2.539
1,10,0.821,4.212
1,10,1.68,5.821
1,10,1.381,4.255
1,10,0.836,3.772
1,10,0.256,0.923
1,10,0.888,3.493
1,10,0.811,3.817
1,10,0.642,2.648
1,10,1.119,3.933
1,10,0.939,4.212
1,10,1.163,4.173
1,10,0.66,2.933
1,10,0.507,2.007
1,10,1.777,5.181
1,10,0.948,3.129
1,10,0.025,0.236
1,10,1.006,2.926
1,10,0.703,2.532
1,10,0.61,2.65
1,10,0.081,0.279
1,10,0.136,1.284
1,10,0.961,2.926
1,10,0.553,4.495
1,10,0.526,2.046
1,10,0.423,1.726
1,10,0.86,2.926
1,10,0.717,2.205
1,10,0.761,3.129
1,11,0.869,3.771
1,11,1.447,5.181
1,11,1.476,5.462
1,11,0.123,0.843
1,11,1.435,4.941
1,11,0.805,2.931
1,11,2.011,5.985
1,11,0.907,3.051
1,11,0.541,2.652
1,11,0.349,1.288
1,11,1.005,2.931
1,11,0.008,0.078
1,11,0.557,3.133
1,11,0.77,2.73
1,11,0.582,2.666
1,11,1.717,5.781
1,11,1.127,3.574
1,11,0.603,2.178
1,11,1.021,3.25
1,11,0.231,1.649
1,11,0.082,0.482
1,11,1.12,7.504
1,11,1.063,3.817
1,11,0.921,5.178
1,11,0.5,1.767
1,11,0.628,2.095
1,11,0.264,1.169
1,11,0.295,1.327
1,11,0.057,0.36
1,11,0.033,0.118
1,11,0.535,3.054
1,11,0.185,1.083
1,11,0.582,1.811
1,11,1.226,3.817
1,11,0.567,2.61
1,11,0.01,0.078
1,11,0.622,2.731
1,11,0.442,1.24
1,11,0.58,2.333
1,11,0.025,0.16
1,11,1.191,4.297
1,11,1.057,2.931
1,11,0.027,0.2
1,11,0.724,3.374
1,11,0.949,3.133
1,11,1.153,4.339
1,11,1.706,5.1
1,12,0.391,1.862
1,12,0.043,0.322
1,12,0.915,3.133
1,12,1.472,5.179
1,12,0.438,2.408
1,12,0.8,2.85
1,12,0.403,1.889
1,12,0.091,0.159
1,12,0.999,3.814
1,12,0.008,0.081
1,12,0.905,3.525
1,12,1.297,4.335
1,12,0.865,4.379
1,12,1.253,4.094
1,12,1.047,3.211
1,12,0.683,4.945
1,12,0.012,0.081
1,12,0.442,2.402
1,12,0.146,1.042
1,12,0.457,1.968
1,12,0.574,2.697
1,12,0.808,3.525
1,12,0.657,2.728
1,12,0.461,1.729
1,12,0.011,0.081
1,12,0.96,3.528
1,12,1.122,3.938
1,12,0.673,3.451
1,12,0.939,2.603
1,12,0.012,0.081
1,12,0.051,0.322
1,12,0.832,3.613
1,12,0.458,2.568
1,12,1.997,6.144
1,12,0.752,3.25
1,12,0.008,0.12
1,12,0.893,2.85
1,12,0.849,3.053
1,12,1.363,4.858
1,12,0.77,3.053
1,12,1.586,4.578
1,12,0.654,2.731
1,12,0.053,0.602
1,12,0.044,0.2
1,12,0.366,1.646
1,12,0.06,0.201
1,12,0.265,1.038
1,12,0.898,3.734
1,12,1.504,4.496
1,12,0.875,3.332
1,13,0.013,0.085
1,13,0.943,3.817
1,13,0.754,2.63
1,13,0.087,0.364
1,13,0.815,3.574
1,13,0.815,3.328
1,13,0.036,0.242
1,13,1.035,3.574
1,13,1.062,3.495
1,13,0.409,2.731
1,13,0.014,0.118
1,13,0.256,0.924
1,13,0.807,3.252
1,13,1.084,3.574
1,13,0.403,2.008
1,13,0.376,1.569
1,13,1.481,5.294
1,13,0.888,3.613
1,13,0.776,3.172
1,13,0.998,4.016
1,13,0.526,2.27
1,13,0.92,3.251
1,13,0.555,3.132
1,13,2.149,6.064
1,13,0.613,2.25
1,13,0.332,2.936
1,13,1.096,3.412
1,13,0.396,2.089
1,13,0.948,3.858
1,13,0.359,2.206
1,13,0.547,3.255
1,13,1.131,5.298
1,13,1.122,3.331
1,13,0.421,1.606
1,13,1.822,5.22
1,13,0.101,0.482
1,13,0.156,1
1,13,1.383,4.296
1,13,0.8,2.811
1,13,0.935,3.534
1,13,0.995,3.488
1,13,2.104,6.947
1,13,0.028,0.16
1,13,0.009,0.118
1,13,0.381,1.965
1,13,1.175,4.059
1,14,0.061,0.481
1,14,0.45,2.649
1,14,0.238,0.966
1,14,0.05,0.406
1,14,0.631,2.375
1,14,0.389,1.968
1,14,0.075,0.366
1,14,0.298,1.324
1,14,1.388,5.547
1,14,0.71,3.822
1,14,0.613,2.736
1,14,0.683,3.056
1,14,1.157,3.387
1,14,0.706,3.292
1,14,0.363,2.173
1,14,0.42,1.846
1,14,0.591,2.534
1,14,1.761,5.701
1,14,0.958,3.217
1,14,0.328,1.128
1,14,1.293,5.703
1,14,0.608,3.491
1,14,0.11,1.281
1,14,0.248,1.971
1,14,1.125,3.982
1,14,1.07,4.744
1,14,0.219,0.567
1,14,0.168,0.567
1,14,0.96,3.941
1,14,0.426,1.97
1,14,0.32,1.456
1,14,0.864,3.056
1,14,0.139,1.199
1,14,1.441,4.984
1,14,0.735,2.936
1,14,0.022,0.162
1,14,0.75,2.576
1,14,0.348,1.808
1,15,0.06,0.32
1,15,0.545,3.172
1,15,0.335,3.735
1,15,0.937,4.057
1,15,0.361,2.247
1,15,0.367,1.767
1,15,1.082,3.496
1,15,1.321,4.538
1,15,0.644,3.049
1,15,1.134,3.496
1,15,0.32,1.646
1,15,0.661,2.852
1,15,0.541,2.007
1,15,0.672,3.13
1,15,0.036,0.085
1,15,0.019,0.12
1,15,0.776,3.294
1,15,0.033,0.123
1,15,0.872,2.974
1,15,0.473,2.883
1,15,1.795,5.952
1,15,0.026,0.204
1,15,0.462,2.257
1,15,0.07,0.438
1,15,0.717,2.372
1,15,0.687,2.689
1,15,0.345,2.042
1,15,0.79,3.168
1,15,1.113,4.016
1,15,0.112,0.559
1,15,0.023,0.201
1,15,1.093,3.735
1,15,0.924,3.533
1,15,1.181,4.136
1,15,0.122,1.006
1,15,1.039,4.299
1,15,1.282,4.9
1,15,0.064,0.356
1,15,0.732,2.453
1,15,0.086,0.523
1,15,0.617,2.615
1,15,0.042,0.327
1,15,0.564,2.411
1,16,0.419,2.291
1,16,0.753,3.653
1,16,0.465,1.647
1,16,0.321,1.929
1,16,1.352,4.94
1,16,0.207,0.643
1,16,0.811,3.086
1,16,0.01,0.075
1,16,0.066,0.402
1,16,0.738,3.334
1,16,0.979,3.816
1,16,0.042,0.248
1,16,0.769,3.694
1,16,0.731,2.85
1,16,1.808,7.311
1,16,0.812,2.812
1,16,1.174,5.14
1,16,0.488,1.606
1,16,0.009,0.075
1,16,1.046,3.29
1,16,1.22,4.539
1,16,0.573,2.533
1,16,0.267,1.446
1,16,0.662,3.094
1,16,0.104,0.72
1,16,0.93,3.575
1,16,0.787,3.73
1,16,0.784,3.776
1,16,0.057,0.202
1,16,0.976,3.816
1,16,1.139,4.668
1,16,1.016,3.816
1,16,0.084,0.363
1,16,0.425,1.646
1,16,0.354,1.246
1,16,1.219,4.416
1,16,0.672,2.45
1,16,0.71,2.539
1,17,0.53,3.168
1,17,0.415,3.945
1,17,1.384,4.208
1,17,0.208,1
1,17,0.557,2.488
1,17,0.623,3.008
1,17,0.482,3.127
1,17,0.011,0.075
1,17,0.701,3.127
1,17,0.673,3.168
1,17,0.737,3.492
1,17,1.206,3.568
1,17,0.721,2.154
1,17,0.657,3.813
1,17,1.288,4.861
1,17,0.622,2.052
1,17,0.68,2.76
1,17,0.442,2.282
1,17,0.454,2.403
1,17,1.284,3.859
1,17,0.353,2.382
1,17,0.032,0.19
1,17,0.652,2.544
1,17,0.359,1.802
1,17,0.81,3.089
1,17,0.643,2.162
1,17,0.435,2.049
1,17,0.864,3.288
1,17,0.488,1.561
1,17,0.045,0.161
1,17,0.05,0.356
1,17,0.992,2.961
1,17,1.171,5.26
1,17,1.003,3.408
1,17,0.598,2.282
1,17,0.604,1.875
1,17,0.783,2.961
1,17,0.92,3.419
1,17,0.778,2.846
1,17,0.776,2.726
1,18,0.156,0.641
1,18,0.419,2.536
1,18,0.361,4.415
1,18,0.02,0.125
1,18,0.81,3.186
1,18,0.942,3.819
1,18,0.805,3.029
1,18,0.417,2.453
1,18,1.03,3.859
1,18,0.079,0.398
1,18,0.088,0.724
1,18,0.036,0.161
1,18,0.721,3.491
1,18,0.15,0.961
1,18,0.018,0.165
1,18,0.91,3.483
1,18,0.051,0.287
1,18,1.481,5.546
1,18,0.931,3.582
1,18,0.897,3.618
1,18,0.67,2.725
1,18,0.923,3.36
1,18,1.031,3.939
1,18,0.743,3.186
1,18,0.632,2.539
1,18,0.774,3.36
1,18,0.041,0.326
1,18,0.589,2.935
1,18,1.03,5.065
1,18,0.459,1.732
1,18,0.049,0.326
1,18,1.342,4.262
1,18,0.048,0.246
1,18,0.818,3.186
1,18,0.963,4.622
1,18,0.379,1.845
1,18,0.809,3.065
1,18,0.876,2.935
1,18,0.84,3.299
1,18,0.03,0.202
1,18,0.728,2.213
1,18,0.729,3.029
1,18,0.057,0.326
1,18,0.219,0.806
1,19,0.005,0.099
1,19,0.04,0.241
1,19,0.426,2.331
1,19,1.062,4.7
1,19,0.732,3.215
1,19,0.751,3.166
1,19,0.598,3.048
1,19,0.428,2.129
1,19,0.113,0.701
1,19,0.408,0.844
1,19,1.217,4.558
1,19,0.738,2.973
1,19,0.93,4.507
1,19,0.492,1.729
1,19,0.843,3.215
1,19,1.153,4.299
1,19,0.602,3.215
1,19,1.104,5.323
1,19,0.903,3.417
1,19,0.19,1.207
1,19,0.446,1.69
1,19,0.485,2.692
1,19,0.022,0.201
1,19,0.092,0.605
1,19,0.041,0.281
1,19,1.25,3.776
1,19,0.035,0.281
1,19,0.547,2.692
1,19,0.373,1.766
1,19,0.445,2.048
1,19,0.635,2.973
1,19,0.062,0.34
1,19,0.081,0.642
1,19,0.624,3.048
1,19,0.033,0.241
1,19,0.012,0.122
1,19,0.093,0.618
1,19,1.144,3.937
1,19,1.559,5.422
1,20,0.237,1.881
1,20,0.426,2.973
1,20,1.033,4.336
1,20,0.91,3.734
1,20,0.661,4.054
1,20,0.637,2.569
1,20,1.363,5.094
1,20,0.826,4.296
1,20,1.122,4.493
1,20,0.405,3.127
1,20,0.349,1.686
1,20,1.092,3.778
1,20,0.087,0.441
1,20,0.694,2.771
1,20,0.562,2.491
1,20,0.941,4.619
1,20,0.499,2.357
1,20,0.475,1.972
1,20,0.835,3.012
1,20,0.507,1.969
1,20,0.093,0.319
1,20,0.765,2.65
1,20,0.847,3.574
1,20,0.681,3.211
1,20,0.965,4.376
1,20,0.084,0.28
1,20,0.329,1.162
1,20,1.622,5.461
1,20,1.216,4.094
1,20,0.266,1.324
1,20,0.677,2.169
1,20,0.007,0.114
1,20,0.894,3.135
1,20,0.348,2.239
1,20,0.704,2.53
1,20,0.006,0.114
1,20,0.31,1.847
1,20,1.108,4.177
1,20,1.192,4.017
1,20,0.077,0.323
1,20,1.465,5.022
1,20,0.074,0.362
1,20,0.028,0.24
1,20,1.163,3.734
1,21,0.036,0.24
1,21,0.494,2.569
1,21,1.034,3.533
1,21,1.196,4.255
1,21,0.564,2.329
1,21,0.624,1.966
1,21,0.867,4.979
1,21,0.267,1.558
1,21,0.621,2.932
1,21,0.689,3.128
1,21,0.704,3.332
1,21,0.613,2.932
1,21,1.173,5.222
1,21,0.205,0.841
1,21,0.009,0.074
1,21,1.479,5.38
1,21,0.508,2.408
1,21,0.476,2.329
1,21,0.921,3.573
1,21,0.442,2.167
1,21,0.865,3.893
1,21,0.028,0.201
1,21,0.018,0.119
1,21,1.648,4.939
1,21,0.433,2.246
1,21,1.446,5.542
1,21,1.126,4.87
1,21,1.635,5.702
1,21,1.351,5.342
1,21,0.733,2.849
1,21,0.015,0.114
1,21,0.04,0.24
1,21,0.441,2.975
1,21,1.086,4.331
1,21,1.124,3.933
1,21,0.371,1.768
1,21,0.014,0.119
1,21,0.88,2.932
1,21,0.944,3.814
1,21,0.717,3.332
1,21,1.155,4.129
1,21,0.235,1.204
1,21,0.083,0.641
1,21,0.512,2.127
1,21,0.056,0.277
1,21,0.721,2.97
1,21,0.034,0.159
1,21,0.43,1.443
1,21,0.145,0.601
1,21,1.988,6.542
1,21,0.269,1.121
1,22,0.109,0.445
1,22,0.589,3.98
1,22,1.001,4.579
1,22,0.448,2.292
1,22,0.548,2.691
1,22,0.614,3.374
1,22,0.622,3.171
1,22,0.788,3.374
1,22,0.554,3.252
1,22,0.874,3.614
1,22,0.29,1.725
1,22,0.638,3.128
1,22,0.895,4.337
1,22,0.95,3.736
1,22,0.024,0.203
1,22,0.419,2.126
1,22,0.442,2.203
1,22,1.947,6.589
1,22,0.301,2.146
1,22,0.667,4.093
1,22,1.073,5.022
1,22,1.058,3.736
1,22,1.273,5.342
1,22,0.636,2.89
1,22,0.715,3.214
1,22,0.738,2.781
1,22,0.899,4.017
1,22,0.068,0.406
1,22,0.223,0.764
1,22,0.017,0.281
1,22,0.059,0.281
1,22,0.725,4.179
1,22,0.23,1.045
1,22,1.205,4.381
1,22,0.719,3.568
1,22,0.488,2.128
1,22,0.89,3.695
1,22,0.206,0.964
1,22,0.125,0.36
1,22,1.023,3.93
1,22,0.037,0.119
1,22,1.072,3.616
1,22,1.147,4.131
1,22,0.655,2.693
1,22,0.703,2.652
1,22,0.046,0.162
1,22,0.517,2.291
1,22,1.002,5.619
1,22,1.144,3.896
1,22,0.127,0.608
1,22,0.216,1.165
1,23,0.072,0.201
1,23,0.838,4.053
1,23,0.211,1.848
1,23,0.574,2.889
1,23,0.046,0.277
1,23,0.516,3.686
1,23,0.064,0.398
1,23,0.925,4.494
1,23,0.731,3.752
1,23,0.03,0.102
1,23,0.326,1.102
1,23,0.644,4.293
1,23,0.053,0.282
1,23,0.325,1.966
1,23,0.6,3.007
1,23,0.254,1.541
1,23,0.396,2.444
1,23,0.056,0.282
1,23,0.706,3.209
1,23,0.912,4.134
1,23,0.102,0.841
1,23,1.472,4.417
1,23,0.848,2.845
1,23,0.9,3.886
1,23,0.014,0.116
1,23,1.147,4.815
1,23,0.202,0.439
1,23,1.691,5.744
1,23,0.647,2.326
1,23,0.296,1.209
1,23,0.167,0.758
1,23,0.383,2.33
1,23,0.751,3.854
1,23,0.233,1.829
1,23,1.707,6.219
1,23,0.582,1.362
1,23,0.073,0.318
1,23,0.676,3.042
1,23,0.72,3.488
1,23,0.846,4.058
1,23,0.126,0.357
1,23,0.006,0.116
1,23,0.768,3.209
1,23,0.06,0.357
1,23,0.767,2.567
1,23,0.034,0.284
1,24,0.694,3.347
1,24,0.016,0.237
1,24,0.419,2.37
1,24,0.417,2.647
1,24,0.718,3.495
1,24,0.387,2.69
1,24,0.292,1.404
1,24,0.536,2.973
1,24,0.225,1.564
1,24,0.704,3.495
1,24,0.905,3.173
1,24,0.678,2.812
1,24,0.434,2.17
1,24,0.051,0.28
1,24,0.098,0.401
1,24,0.698,2.971
1,24,1.046,3.815
1,24,0.892,3.741
1,24,0.682,2.533
1,24,0.01,0.122
1,24,0.293,1.527
1,24,0.996,4.097
1,24,0.955,4.057
1,24,0.047,0.284
1,24,1.05,3.733
1,24,0.566,2.693
1,24,0.158,0.726
1,24,1.07,4.218
1,24,0.029,0.159
1,24,0.516,2.768
1,24,1.126,4.529
1,24,1.386,4.735
1,24,0.679,2.932
1,24,1.66,5.984
1,24,0.708,3.089
1,24,0.934,2.812
1,25,0.465,2.449
1,25,0.054,0.643
1,25,0.717,3.294
1,25,0.538,2.86
1,25,0.63,3.851
1,25,0.264,0.903
1,25,0.071,0.339
1,25,0.652,3.655
1,25,0.7,2.769
1,25,0.738,2.835
1,25,1.098,4.185
1,25,0.734,2.171
1,25,0.636,3.421
1,25,0.553,3.421
1,25,0.648,3.5
1,25,1.4,4.545
1,25,0.866,3.22
1,25,0.234,0.973
1,25,0.601,2.337
1,25,0.054,0.402
1,25,0.444,2.617
1,25,0.264,1.445
1,25,1.188,4.264
1,25,1.154,3.982
1,25,1.048,4.505
1,25,0.509,1.977
1,25,0.974,3.702
1,25,0.693,3.259
1,25,1.121,4.142
1,25,1.448,4.86
1,25,0.082,0.33
1,25,0.039,0.206
1,25,0.33,1.533
1,26,0.505,1.986
1,26,1.029,5.719
1,26,0.736,3.448
1,26,0.513,3.234
1,26,0.449,2.97
1,26,0.988,3.674
1,26,1.127,4.174
1,26,0.763,3.674
1,26,0.31,1.974
1,26,0.688,2.789
1,26,0.657,3.375
1,26,0.653,3.697
1,26,0.055,0.38
1,26,0.609,3.234
1,26,0.567,2.5
1,26,1.159,3.832
1,26,0.722,3.632
1,26,0.275,0.862
1,26,0.755,3.873
1,26,1.111,4.76
1,26,0.97,3.471
1,26,0.706,2.705
1,26,0.566,2.705
1,26,1.21,4.113
1,26,0.713,2.705
1,26,0.356,1.21
1,26,0.397,1.098
1,26,0.701,2.946
1,26,0.036,0.216
1,26,1.074,4.314
1,26,0.13,0.82
1,26,1.474,5.439
1,26,1.058,3.471
1,27,0.016,0.099
1,27,0.428,2.703
1,27,0.855,4.635
1,27,0.271,2.703
1,27,0.9,3.229
1,27,0.407,1.344
1,27,0.819,3.412
1,27,0.605,3.028
1,27,0.325,1.743
1,27,0.567,2.703
1,27,0.034,0.164
1,27,0.116,0.479
1,27,1.168,3.751
1,27,1.171,4.635
1,27,1.198,4.333
1,27,0.105,0.739
1,27,0.721,3.505
1,27,0.519,2.34
1,27,0.76,2.703
1,27,1.089,4.901
1,27,0.888,3.671
1,27,1.182,5.037
1,27,0.678,2.587
1,27,0.05,0.164
1,27,0.24,1.625
1,27,0.367,1.743
1,27,0.006,0.099
1,27,0.052,0.259
1,27,0.199,1.666
1,27,1.281,4.018
1,27,0.81,3.71
1,27,1.745,5.559
1,27,0.038,0.164
1,27,0.906,3.229
1,27,0.064,0.298
1,28,0.898,3.814
1,28,0.007,0.08
1,28,0.793,2.973
1,28,0.821,3.894
1,28,0.659,3.18
1,28,0.84,3.252
1,28,0.108,0.567
1,28,0.787,3.205
1,28,0.42,2.489
1,28,1.59,5.785
1,28,0.311,1.369
1,28,0.707,2.693
1,28,0.574,1.285
1,28,0.373,1.646
1,28,1.081,4.328
1,28,0.678,2.965
1,28,0.859,3.657
1,28,0.507,2.325
1,28,0.696,3.814
1,28,0.01,0.08
1,28,1.468,5.26
1,28,0.005,0.08
1,28,1.125,3.973
1,28,0.131,1.007
1,28,0.884,3.455
1,28,0.214,1.084
1,28,0.168,1.326
1,28,0.446,1.566
1,28,0.783,3.3
1,28,1.549,6.104
1,28,0.593,2.768
1,28,0.012,0.122
1,28,1.029,3.536
1,28,0.277,0.924
1,28,0.062,0.442
1,29,0.322,2.511
1,29,0.81,3.117
1,29,0.685,2.312
1,29,0.452,1.968
1,29,0.533,1.973
1,29,0.672,3.265
1,29,0.385,1.43
1,29,0.027,0.242
1,29,0.108,0.642
1,29,0.742,4.238
1,29,0.702,3.219
1,29,0.105,0.446
1,29,0.061,0.243
1,29,1.164,4.921
1,29,1.025,3.737
1,29,0.619,3.374
1,29,0.977,3.471
1,29,0.103,0.382
1,29,0.536,2.47
1,29,1.207,4.238
1,29,0.64,2.672
1,29,0.255,1.085
1,29,0.052,0.261
1,29,0.041,0.322
1,29,0.942,3.463
1,29,0.786,2.612
1,29,0.059,0.302
1,29,0.054,0.22
1,29,0.725,2.928
1,30,0.04,0.283
1,30,0.507,3.009
1,30,0.777,2.362
1,30,0.933,3.375
1,30,0.766,3.733
1,30,0.865,3.257
1,30,0.664,3.135
1,30,0.035,0.121
1,30,0.625,2.893
1,30,0.885,2.975
1,30,0.713,2.362
1,30,1.103,4.534
1,30,0.559,2.246
1,30,0.017,0.245
1,30,0.283,1.966
1,30,0.914,4.617
1,30,0.577,2.848
1,30,1.037,3.331
1,30,0.056,0.158
1,30,0.065,0.522
1,30,0.434,2.17
1,30,0.599,2.675
1,30,0.586,2.412
1,30,0.811,3.135
1,30,0.228,1.046
1,30,1.187,4.273
1,30,0.912,4.273
1,30,0.201,0.718
1,30,0.032,0.158
1,30,0.935,3.854
1,30,0.059,0.399
1,30,0.958,3.617
2,1,1.447,4.347
2,1,2.482,6.32
2,1,2.024,5.504
2,1,1.466,4.426
2,1,1.906,5.857
2,1,0.061,0.627
2,1,1.228,3.653
2,1,1.763,5.229
2,1,1.984,6.111
2,1,0.708,1.866
2,1,2.348,7.768
2,1,1.173,3.401
2,1,1.497,5.015
2,1,1.922,6.491
2,1,0.007,0.081
2,1,1.693,4.85
2,1,2.488,6.885
2,1,1.593,4.135
2,1,2.381,7.682
2,1,1.456,5.136
2,1,1.099,3.653
2,1,2.146,5.48
2,1,0.714,2.099
2,1,0.053,0.373
2,1,2.329,8.312
2,1,2.276,7.158
2,1,1.569,4.512
2,1,1.818,4.463
2,1,2.163,7.194
2,1,1.928,6.277
2,1,2.319,7.368
2,1,2.625,7.887
2,1,1.486,5.48
2,1,1.064,3.023
2,1,1.921,5.48
2,1,1.347,3.863
2,1,1.419,4.254
2,1,1.321,3.653
2,1,2.015,6.529
2,1,1.904,7.022
2,1,2.422,9.49
2,1,2.017,6.111
2,1,1.93,5.86
2,1,1.585,5.018
2,1,1.909,5.647
2,1,1.151,3.444
2,1,0.015,0.122
2,1,2.396,8.441
2,1,0.017,0.122
2,1,1.896,6.443
2,1,1.048,3.358
2,1,1.023,3.273
2,2,1.646,4.136
2,2,1.66,4.703
2,2,1.484,5.311
2,2,0.362,1.445
2,2,0.005,0.076
2,2,1.404,4.219
2,2,2.136,6.712
2,2,2.061,5.921
2,2,0.077,0.461
2,2,1.762,4.957
2,2,1.027,2.667
2,2,1.326,4.053
2,2,1.867,5.562
2,2,0.007,0.076
2,2,1.065,2.83
2,2,1.931,5.83
2,2,2.122,8.436
2,2,2.034,7.686
2,2,2.205,6.888
2,2,1.785,4.998
2,2,0.016,0.124
2,2,1.713,5.92
2,2,1.464,4.053
2,2,1.927,7.268
2,2,1.964,7.769
2,2,0.742,2.309
2,2,2.12,5.794
2,2,0.005,0.076
2,2,1.401,4.22
2,2,1.843,5.742
2,2,1.018,2.876
2,2,0.02,0.124
2,2,1.126,3.338
2,2,1.804,6.045
2,2,2.29,7.854
2,2,0.649,1.827
2,2,1.603,4.829
2,2,2.133,6.594
2,2,1.899,5.69
2,2,1.66,4.262
2,2,1.445,4.306
2,2,1.497,4.057
2,2,1.728,4.623
2,2,2.118,5.165
2,2,1.48,4.745
2,2,1.66,5.04
2,2,1.541,6.087
2,2,0.781,2.786
2,2,1.897,5.269
2,2,1.797,5.564
2,2,1.028,3.128
2,2,1.073,3.297
2,2,2.401,7.518
2,3,1.347,3.989
2,3,1.254,4.576
2,3,1.384,4.406
2,3,1.066,3.189
2,3,1.996,6.447
2,3,2.021,6.866
2,3,2.235,7.039
2,3,1.431,3.989
2,3,1.405,4.073
2,3,1.653,4.679
2,3,1.708,5.054
2,3,1.876,5.311
2,3,0.917,2.857
2,3,0.724,2.183
2,3,2.257,6.32
2,3,1.003,4.149
2,3,1.965,5.017
2,3,1.155,3.652
2,3,0.678,2.183
2,3,2.199,5.726
2,3,2.168,6.571
2,3,2.471,6.818
2,3,2.004,6.32
2,3,1.351,4.617
2,3,1.061,3.184
2,3,1.557,4.149
2,3,2.144,9.256
2,3,1.071,3.225
2,3,2.162,5.859
2,3,1.72,5.228
2,3,1.802,5.311
2,3,1.723,4.385
2,3,0.941,2.728
2,3,1.611,4.679
2,3,1.217,3.648
2,3,2.066,5.983
2,3,1.658,5.356
2,3,1.91,4.767
2,3,1.944,6.11
2,3,0.896,2.496
2,3,1.297,3.318
2,3,1.955,5.438
2,3,1.801,6.072
2,3,0.748,2.814
2,3,0.004,0.085
2,3,1.493,4.451
2,3,1.917,5.689
2,3,2.428,7.49
2,3,1.447,3.904
2,3,0.571,1.512
2,3,0.062,0.375
2,3,0.017,0.128
2,3,2.274,7.454
2,3,1.768,5.269
2,3,1.144,2.975
2,3,1.66,5.269
2,3,0.933,3.318
2,4,1.736,4.814
2,4,0.938,3.171
2,4,0.773,2.413
2,4,1.236,3.759
2,4,0.015,0.082
2,4,1.641,4.474
2,4,1.959,5.753
2,4,1.579,4.011
2,4,2.43,6.55
2,4,0.972,3.13
2,4,2.038,5.967
2,4,1.528,4.222
2,4,1.739,4.641
2,4,1.652,4.339
2,4,0.624,2.365
2,4,0.842,2.457
2,4,1.015,4.222
2,4,1.335,3.925
2,4,1.252,3.925
2,4,0.628,2.576
2,4,0.146,0.799
2,4,1.93,5.373
2,4,1.846,5.334
2,4,1.349,3.925
2,4,1.726,5.166
2,4,2.204,5.753
2,4,0.756,2.465
2,4,1.312,3.763
2,4,1.536,4.946
2,4,0.699,2.834
2,4,1.718,4.263
2,4,1.558,4.946
2,4,1.125,3.505
2,4,1.285,3.672
2,4,0.778,2.669
2,4,1.545,5.032
2,4,2.132,8.358
2,4,1.525,4.474
2,4,1.177,3.289
2,4,1.053,3.087
2,4,1.449,4.179
2,4,1.718,4.724
2,4,2.523,7.596
2,4,1.51,4.684
2,4,2.027,6.382
2,4,1.566,4.171
2,4,1.494,4.222
2,4,0.042,0.251
2,4,1.61,4.893
2,4,1.031,3.549
2,4,1.856,5.29
2,4,2.844,9.848
2,4,1.605,4.474
2,4,1.549,5.5
2,4,0.878,3.253
2,4,2.013,6.468
2,4,1.95,5.418
2,4,1.45,4.094
2,4,1.018,3.51
2,5,1.18,4.438
2,5,1.466,4.86
2,5,1.832,4.732
2,5,1.322,4.185
2,5,0.596,1.811
2,5,0.315,1.307
2,5,0.013,0.134
2,5,1.254,4.095
2,5,1.492,4.604
2,5,1.269,3.661
2,5,1.049,4.018
2,5,1.647,5.102
2,5,0.093,0.518
2,5,2.103,6.703
2,5,2.429,7.252
2,5,1.301,3.576
2,5,1.045,3.197
2,5,1.337,4.185
2,5,1.817,5.398
2,5,0.268,0.554
2,5,0.08,0.892
2,5,0.867,3.36
2,5,1.554,4.604
2,5,1.727,5.491
2,5,1.46,5.023
2,5,1.563,4.815
2,5,2.234,6.236
2,5,1.099,3.629
2,5,0.851,2.191
2,5,1.489,5.067
2,5,1.461,4.9
2,5,0.911,2.904
2,5,1.544,4.691
2,5,1.031,2.863
2,5,1.154,3.88
2,5,1.79,4.726
2,5,2.375,6.203
2,5,0.425,2.227
2,5,1.411,3.535
2,5,0.062,0.343
2,5,1.333,3.695
2,5,1.133,3.116
2,5,0.991,3.116
2,5,1.803,5.491
2,5,1.183,4.185
2,5,2.116,6.326
2,5,0.785,2.486
2,5,2.006,5.491
2,5,0.027,0.127
2,5,1.075,3.45
2,5,1.068,3.402
2,5,1.401,4.815
2,5,1.779,5.281
2,5,0.722,2.858
2,5,0.773,2.225
2,5,1.438,4.647
2,6,0.418,1.705
2,6,0.945,2.457
2,6,0.999,2.751
2,6,0.903,2.835
2,6,0.345,1.388
2,6,0.575,2.787
2,6,1.944,5.061
2,6,2.392,6.739
2,6,0.303,1.176
2,6,0.01,0.083
2,6,1.022,3.843
2,6,0.782,2.414
2,6,1.664,4.935
2,6,1.691,4.43
2,6,2.001,5.523
2,6,1.883,4.977
2,6,1.679,4.598
2,6,2.203,6.783
2,6,1.491,4.892
2,6,1.114,3.043
2,6,1.308,3.339
2,6,1.889,6.315
2,6,1.272,3.759
2,6,0.716,1.976
2,6,1.907,5.399
2,6,1.23,3.258
2,6,0.314,1.093
2,6,0.167,1.883
2,6,1.878,5.103
2,6,1.806,4.977
2,6,1.832,5.271
2,6,1.412,4.263
2,6,1.629,4.557
2,6,1.927,5.902
2,6,0.823,1.932
2,6,1.69,5.397
2,6,1.082,3.372
2,6,0.609,1.932
2,6,1.115,2.751
2,6,2.47,7.623
2,6,1.001,2.96
2,6,0.732,2.541
2,6,0.27,1.176
2,6,1.213,4.01
2,6,1.638,4.473
2,6,0.336,1.514
2,6,1.274,4.263
2,6,2.512,7.26
2,6,1.289,3.591
2,6,1.602,5.018
2,6,1.733,5.397
2,7,1.08,3.444
2,7,0.95,3.445
2,7,1.918,6.615
2,7,0.594,1.514
2,7,0.958,3.318
2,7,0.014,0.127
2,7,0.845,2.582
2,7,0.952,2.854
2,7,1.435,4.745
2,7,1.367,3.738
2,7,1.089,4.72
2,7,0.89,2.996
2,7,1.564,4.745
2,7,0.022,0.127
2,7,0.764,3.402
2,7,1.946,5.648
2,7,1.056,3.82
2,7,0.056,0.591
2,7,0.618,2.348
2,7,0.04,0.129
2,7,1.917,5.376
2,7,1.852,6.156
2,7,0.786,2.767
2,7,1.51,4.496
2,7,1.079,3.358
2,7,1.056,3.487
2,7,0.645,1.514
2,7,0.904,3.395
2,7,1.213,3.821
2,7,0.517,1.804
2,7,1.403,4.453
2,7,2.037,6.146
2,7,0.238,1.379
2,7,1.99,5.545
2,7,1.335,4.201
2,7,0.448,1.638
2,7,1.187,4.031
2,7,1.288,4.411
2,7,0.508,1.763
2,7,1.018,2.827
2,7,1.119,4.073
2,7,1.065,3.739
2,7,0.81,2.712
2,7,1.405,4.284
2,7,0.017,0.127
2,7,1.641,5.628
2,7,1.559,6.028
2,7,1.553,4.745
2,7,1.488,4.79
2,7,1,2.959
2,7,0.804,2.522
2,7,1.53,5.86
2,7,1.009,3.654
2,7,0.96,4.746
2,7,1.679,6.027
2,7,0.957,2.526
2,8,1.243,4.365
2,8,0.911,2.174
2,8,1.431,3.777
2,8,1.165,4.555
2,8,0.79,3.441
2,8,0.676,2.831
2,8,0.225,1.092
2,8,0.638,2.511
2,8,1.162,3.566
2,8,1.57,5.75
2,8,1.012,2.432
2,8,0.843,3.154
2,8,0.077,0.335
2,8,1.084,2.636
2,8,2.034,6.318
2,8,1.823,4.491
2,8,1.661,4.7
2,8,1.027,4.022
2,8,0.042,0.291
2,8,0.535,1.952
2,8,0.069,0.291
2,8,1.581,4.995
2,8,2.222,6.926
2,8,0.594,2.539
2,8,0.652,1.952
2,8,0.72,2.682
2,8,1.207,3.398
2,8,0.854,3.273
2,8,1.605,4.576
2,8,1.315,3.986
2,8,1.121,3.608
2,8,1.383,4.535
2,8,0.944,4.658
2,8,1.062,4.868
2,8,1.71,5.829
2,8,0.078,0.545
2,8,2.004,6.15
2,8,0.045,0.38
2,8,0.96,3.103
2,8,1.261,4.447
2,8,1.021,3.526
2,8,1.63,5.29
2,8,1.336,4.658
2,8,1.568,6.361
2,8,1.194,4.447
2,8,1.618,4.742
2,8,0.869,3.441
2,8,0.008,0.125
2,8,0.901,4.065
2,8,1.344,4.83
2,8,1.564,4.744
2,8,1.636,4.953
2,8,0.065,0.167
2,8,0.683,3.016
2,8,1.335,3.945
2,8,0.949,3.182
2,8,0.728,2.831
2,9,1.36,4.14
2,9,1.492,4.645
2,9,0.504,2.72
2,9,0.882,3.758
2,9,1.185,3.742
2,9,1.027,4.522
2,9,1.235,4.182
2,9,0.028,0.298
2,9,0.809,3.742
2,9,1.755,6.074
2,9,0.601,2.813
2,9,1.325,3.916
2,9,0.666,2.984
2,9,1.135,4.599
2,9,1.428,4.982
2,9,1.251,3.828
2,9,0.7,2.584
2,9,0.111,0.342
2,9,0.522,2.167
2,9,1.258,4.049
2,9,0.578,2.043
2,9,1.981,5.614
2,9,1.215,3.969
2,9,0.683,3.156
2,9,0.061,0.629
2,9,0.117,0.504
2,9,1.644,4.351
2,9,1.413,4.731
2,9,1.286,3.865
2,9,0.904,3.528
2,9,0.95,3.361
2,9,0.608,2.335
2,9,1.176,3.409
2,9,0.071,0.251
2,9,0.874,2.862
2,9,0.705,1.658
2,9,1.025,4.1
2,9,0.034,0.294
2,9,0.928,3.238
2,9,1.323,3.916
2,9,0.501,2.524
2,9,1.133,4.017
2,9,0.012,0.091
2,9,0.987,3.317
2,9,0.999,2.813
2,9,0.959,2.737
2,9,1.317,5.112
2,9,0.889,2.674
2,9,1.18,3.197
2,9,1.184,3.28
2,9,0.912,2.72
2,9,0.836,3.451
2,9,2.259,8.514
2,9,0.976,3.197
2,9,0.932,2.862
2,9,0.884,2.777
2,9,0.498,2.614
2,9,1.225,4.269
2,9,1.026,3.661
2,9,1.781,5.694
2,9,1.116,3.786
2,10,0.922,3.797
2,10,2.06,6.549
2,10,1.253,4.302
2,10,0.083,0.632
2,10,0.816,3.108
2,10,0.619,2.008
2,10,1.116,4.37
2,10,0.6,2.725
2,10,2.305,6.299
2,10,1.002,4.199
2,10,0.927,4.278
2,10,0.574,2.522
2,10,0.781,3.287
2,10,0.925,4.278
2,10,1.22,4.326
2,10,2.136,7.098
2,10,0.982,3.279
2,10,1.133,3.396
2,10,2.181,6.509
2,10,1.189,3.279
2,10,0.66,1.869
2,10,0.083,0.336
2,10,0.681,2.898
2,10,0.507,1.216
2,10,0.905,4.049
2,10,0.497,2.041
2,10,0.826,2.562
2,10,0.948,3.067
2,10,0.774,2.648
2,10,1.23,4.218
2,10,1.029,3.653
2,10,0.884,2.605
2,10,0.863,3.655
2,10,0.607,2.352
2,10,0.969,3.318
2,10,1.152,4.7
2,10,1.257,3.696
2,10,1.027,3.948
2,10,1.228,3.53
2,10,0.961,2.603
2,10,1.129,4.831
2,10,1.834,5.452
2,10,1.187,3.487
2,10,0.748,2.098
2,10,0.939,2.749
2,10,0.875,2.729
2,10,0.488,2.097
2,10,1.322,5.1
2,10,2.128,6.173
2,11,0.593,2.457
2,11,0.681,2.73
2,11,1.002,3.2
2,11,0.226,1.639
2,11,0.581,4.085
2,11,1.619,6.565
2,11,1.633,5.135
2,11,1.541,5.146
2,11,1.409,5.43
2,11,0.968,3.453
2,11,1.034,3.821
2,11,1.929,5.944
2,11,0.043,0.105
2,11,0.607,2.426
2,11,1.526,5.344
2,11,0.566,2.319
2,11,1.198,3.968
2,11,1.202,4.219
2,11,0.99,3.505
2,11,0.016,0.138
2,11,0.928,3.834
2,11,1.493,5.43
2,11,1.619,5.354
2,11,1.944,5.684
2,11,1.026,4.399
2,11,0.493,2.027
2,11,0.403,1.524
2,11,1.65,5.513
2,11,0.209,1.124
2,11,0.813,2.798
2,11,0.598,2.415
2,11,1.345,4.966
2,11,0.629,2.122
2,11,1.149,4.358
2,11,0.032,0.262
2,11,1.161,3.453
2,11,0.682,2.458
2,11,0.755,2.458
2,11,0.882,3.02
2,11,0.012,0.213
2,11,1.553,4.967
2,11,0.509,2.153
2,11,0.684,3.622
2,11,0.956,2.678
2,11,0.687,3.089
2,11,0.855,2.648
2,11,1.34,3.952
2,11,0.025,0.148
2,11,0.789,2.847
2,12,0.934,4.142
2,12,0.983,4.471
2,12,1.019,4.142
2,12,0.654,2.833
2,12,0.827,2.578
2,12,0.923,4.218
2,12,0.829,4.178
2,12,1.396,5.361
2,12,0.098,0.544
2,12,0.016,0.075
2,12,1.004,3.843
2,12,0.621,2.458
2,12,1.054,3.398
2,12,0.577,1.946
2,12,1.079,4.135
2,12,1.559,4.975
2,12,1.309,4.433
2,12,0.56,2.055
2,12,0.012,0.122
2,12,0.829,2.883
2,12,0.792,2.18
2,12,0.456,2.791
2,12,0.034,0.089
2,12,0.77,2.267
2,12,1.097,3.44
2,12,1.343,3.695
2,12,0.638,2.413
2,12,0.004,0.075
2,12,0.778,3.928
2,12,1.628,5.481
2,12,0.998,3.155
2,12,1.104,3.925
2,12,1.217,4.555
2,12,0.728,3.447
2,12,0.007,0.075
2,12,0.904,3.443
2,12,1.263,3.925
2,12,1.053,3.486
2,12,0.771,2.911
2,12,0.819,2.415
2,12,0.023,0.122
2,12,0.767,2.833
2,12,0.492,1.996
2,13,0.993,5.102
2,13,0.741,2.962
2,13,0.553,3.132
2,13,0.747,3.478
2,13,1.621,5.481
2,13,0.96,2.759
2,13,0.587,3.258
2,13,0.396,1.501
2,13,0.065,0.809
2,13,0.91,3.893
2,13,0.928,3.521
2,13,0.855,3.602
2,13,1.632,4.524
2,13,0.022,0.101
2,13,0.978,3.388
2,13,0.617,3.003
2,13,1.081,4.232
2,13,0.85,3.433
2,13,0.81,3.006
2,13,0.024,0.101
2,13,0.309,1.714
2,13,1.317,4.232
2,13,0.215,1.279
2,13,1.172,4.022
2,13,0.85,3.034
2,13,0.529,3.172
2,13,0.006,0.169
2,13,1.621,5.506
2,13,0.667,3.003
2,13,1.62,5.505
2,13,1.507,5.169
2,13,1.351,4.903
2,13,1.354,4.612
2,13,1.023,3.212
2,13,0.815,2.69
2,13,1.266,3.866
2,13,0.024,0.169
2,13,0.678,2.196
2,13,0.873,3.391
2,13,0.93,2.919
2,13,0.021,0.101
2,13,0.03,0.101
2,13,1.968,6.193
2,13,1.88,6.1
2,13,1.686,4.803
2,14,1.089,4.828
2,14,0.351,1.302
2,14,0.916,3.821
2,14,0.722,3.862
2,14,0.798,2.854
2,14,0.382,2.183
2,14,0.646,3.276
2,14,0.712,3.569
2,14,0.183,0.797
2,14,0.014,0.077
2,14,1.103,3.779
2,14,0.83,4.324
2,14,0.015,0.077
2,14,1.023,4.662
2,14,1.621,5.668
2,14,0.427,1.94
2,14,0.057,0.624
2,14,1.195,3.988
2,14,1.465,5.038
2,14,0.032,0.21
2,14,0.841,3.988
2,14,1.281,4.199
2,14,0.793,2.68
2,14,1.404,5.753
2,14,0.71,3.065
2,14,0.438,2.182
2,14,0.106,0.63
2,14,2.288,7.032
2,14,1.561,5.416
2,14,1.164,5.081
2,14,0.927,3.78
2,14,0.713,3.443
2,14,0.496,2.14
2,14,0.664,3.15
2,14,1.167,3.611
2,14,1.582,5.816
2,14,0.007,0.085
2,14,1.397,4.703
2,14,0.027,0.077
2,14,0.012,0.077
2,14,0.438,1.47
2,14,1.061,3.611
2,14,0.785,3.107
2,14,1.504,5.165
2,14,0.946,2.687
2,14,1.811,5.849
2,14,0.439,1.954
2,14,1.445,5.559
2,14,0.078,0.335
2,14,1.089,3.694
2,14,1.465,4.828
2,15,0.891,4.011
2,15,0.89,3.811
2,15,1.002,3.462
2,15,0.918,3.171
2,15,0.731,3.474
2,15,0.056,0.295
2,15,0.591,2.602
2,15,1.216,4.354
2,15,0.221,2.267
2,15,1.294,4.102
2,15,1.599,5.143
2,15,1.166,3.51
2,15,0.491,2.093
2,15,0.39,1.898
2,15,1.485,4.308
2,15,0.052,0.482
2,15,0.98,4.416
2,15,1.172,3.954
2,15,1.053,4.559
2,15,1.355,4.586
2,15,0.241,1.627
2,15,1.083,4.489
2,15,0.823,3.768
2,15,0.005,0.084
2,15,0.997,3.188
2,15,1.277,4.975
2,15,0.13,0.732
2,15,0.945,3.969
2,15,0.017,0.253
2,15,1.835,6.068
2,15,0.289,2.149
2,15,0.813,2.907
2,15,0.626,2.897
2,15,0.848,3.359
2,15,0.255,1.743
2,15,1.046,4.974
2,15,1.472,4.187
2,15,1.818,5.567
2,15,0.887,2.856
2,15,1.4,5.405
2,15,1.354,4.187
2,15,0.824,3.266
2,15,0.522,2.278
2,15,0.898,3.801
2,15,0.045,0.218
2,15,0.041,0.462
2,15,0.968,3.954
2,15,1.654,5.267
2,15,0.018,0.095
2,16,0.794,3.896
2,16,1.057,5.797
2,16,1.406,5.08
2,16,0.418,1.762
2,16,0.528,2.435
2,16,2.585,9.745
2,16,1.462,5.879
2,16,0.57,1.716
2,16,0.661,3.318
2,16,0.841,3.277
2,16,1.849,5.796
2,16,1.064,4.074
2,16,0.727,3.318
2,16,0.572,3.087
2,16,0.867,3.128
2,16,1.529,5.165
2,16,0.298,1.428
2,16,0.427,1.742
2,16,1.053,3.383
2,16,1.183,4.429
2,16,0.627,2.877
2,16,0.055,0.231
2,16,1.073,4.655
2,16,0.014,0.082
2,16,0.018,0.127
2,16,0.526,2.267
2,16,1.079,4.329
2,16,0.789,3.277
2,16,1.386,5.167
2,16,1.605,5.586
2,16,0.28,1.386
2,16,0.435,1.428
2,16,1.337,4.471
2,16,1.286,4.655
2,16,0.012,0.127
2,16,0.044,0.419
2,16,0.66,3.227
2,16,0.708,2.646
2,16,0.378,2.267
2,16,0.019,0.167
2,16,0.95,3.687
2,16,0.334,2.791
2,16,1.106,4.702
2,16,1.428,5.747
2,16,0.074,0.547
2,16,0.831,4.031
2,16,0.022,0.182
2,16,1.445,4.821
2,16,0.577,1.617
2,16,1.254,4.031
2,16,1.49,5.248
2,16,0.746,2.519
2,16,0.108,0.839
2,17,0.768,4.009
2,17,0.022,0.252
2,17,0.92,4.22
2,17,0.384,1.643
2,17,1.005,3.548
2,17,1.434,5.165
2,17,0.625,4.138
2,17,0.667,3.232
2,17,1.655,5.249
2,17,0.771,3.633
2,17,0.055,0.131
2,17,1.011,4.306
2,17,0.004,0.125
2,17,0.586,3.548
2,17,1.974,5.961
2,17,0.551,3.021
2,17,0.148,1.033
2,17,0.748,2.925
2,17,1.289,5.458
2,17,0.697,3.028
2,17,0.785,4.185
2,17,1.601,5.795
2,17,1.403,4.739
2,17,1.693,5.458
2,17,0.088,0.567
2,17,1.25,4.45
2,17,0.904,3.548
2,17,0.749,4.83
2,17,0.904,5.103
2,17,0.696,3.115
2,17,0.203,1.789
2,17,0.843,3.171
2,17,0.126,0.567
2,17,0.701,3.633
2,17,0.842,3.722
2,17,2.019,6.257
2,17,0.822,2.731
2,17,0.986,4.261
2,17,0.687,2.645
2,17,0.896,3.842
2,17,0.045,0.419
2,17,1.039,3.932
2,17,1.253,3.717
2,17,0.586,1.91
2,17,1.567,5.165
2,17,1.116,3.115
2,17,1.59,4.41
2,17,0.019,0.166
2,18,1.464,5.942
2,18,1.003,4.537
2,18,2.065,6.767
2,18,0.532,3.253
2,18,0.503,2.589
2,18,0.277,0.785
2,18,0.891,3.654
2,18,0.741,4.081
2,18,1.266,3.969
2,18,0.455,2.115
2,18,0.076,0.482
2,18,1.473,4.598
2,18,0.839,3.611
2,18,0.431,2.646
2,18,1.019,4.242
2,18,0.503,3.088
2,18,0.94,3.301
2,18,0.422,1.949
2,18,1.175,4.081
2,18,0.121,0.976
2,18,0.4,1.766
2,18,1.588,5.082
2,18,0.819,4.537
2,18,0.667,2.646
2,18,0.236,0.747
2,18,0.82,3.807
2,18,1.245,4.286
2,18,0.015,0.105
2,18,0.952,2.946
2,18,0.94,3.381
2,18,0.016,0.208
2,18,1.07,3.613
2,18,0.452,2.585
2,18,1.188,4.156
2,18,1.522,5.164
2,18,1.603,5.333
2,18,1.283,4.585
2,18,0.981,3.99
2,18,0.989,3.654
2,18,0.241,1.154
2,18,1.029,3.969
2,18,1.213,4.789
2,18,1.071,3.969
2,18,0.82,3.29
2,18,1.605,4.997
2,18,1.019,5.25
2,18,1.168,4.033
2,18,0.03,0.271
2,18,0.763,2.706
2,18,1.646,5.5
2,18,0.827,2.834
2,19,1.413,4.872
2,19,0.772,3.107
2,19,0.784,3.233
2,19,0.395,1.174
2,19,0.8,3.555
2,19,0.693,4.982
2,19,0.102,0.399
2,19,1.597,5.019
2,19,0.891,4.225
2,19,0.461,2.709
2,19,1.088,3.734
2,19,0.691,3.42
2,19,0.686,3.819
2,19,1.284,4.713
2,19,0.892,3.653
2,19,1.227,4.03
2,19,0.743,3.777
2,19,0.505,1.406
2,19,0.966,4.713
2,19,0.862,3.462
2,19,0.754,4.829
2,19,0.02,0.103
2,19,1.406,4.492
2,19,0.75,3.107
2,19,1.198,4.869
2,19,0.069,0.459
2,19,0.633,3.555
2,19,0.881,3.505
2,19,1.158,5.186
2,19,0.979,3.427
2,19,1.012,3.107
2,19,0.124,0.495
2,19,0.757,2.817
2,19,0.933,3.252
2,19,0.73,3.362
2,19,1.055,5.218
2,19,0.775,2.878
2,19,1.454,5.037
2,19,0.155,1.175
2,19,0.139,0.797
2,19,0.862,3.123
2,19,1.454,4.932
2,19,0.019,0.103
2,19,0.01,0.103
2,19,0.014,0.103
2,19,1.432,4.746
2,19,0.105,0.399
2,19,2.174,7.62
2,19,0.622,2.37
2,19,0.682,3.555
2,19,1.382,4.65
2,19,1.179,4.65
2,20,0.015,0.103
2,20,0.753,3.424
2,20,0.437,2.351
2,20,0.367,2.266
2,20,0.606,3.687
2,20,0.511,2.907
2,20,0.69,3.945
2,20,0.393,2.068
2,20,0.13,0.59
2,20,0.909,3.506
2,20,1.1,3.089
2,20,0.696,3.003
2,20,1.644,4.893
2,20,0.026,0.103
2,20,0.01,0.103
2,20,0.403,2.29
2,20,0.055,0.324
2,20,0.027,0.101
2,20,0.314,3.003
2,20,0.847,3.151
2,20,1.122,5.017
2,20,0.355,0.861
2,20,1.121,4.79
2,20,0.824,2.931
2,20,0.576,2.92
2,20,1.18,4.409
2,20,0.88,3.318
2,20,0.359,1.891
2,20,0.096,1.105
2,20,0.918,3.089
2,20,1.66,5.46
2,20,1.02,3.56
2,20,1.349,5.107
2,20,0.498,2.413
2,20,0.094,0.543
2,20,0.56,3.003
2,20,0.445,1.862
2,20,1.647,5.411
2,20,0.888,3.362
2,20,0.442,2.29
2,20,0.012,0.103
2,20,1.113,5.102
2,20,1.127,3.992
2,20,0.249,0.961
2,20,1.098,4.2
2,20,1.139,5.268
2,20,1.006,3.501
2,20,1.243,5.142
2,20,1.399,4.326
2,20,0.87,2.877
2,20,1.145,4.365
2,20,0.988,2.792
2,20,0.179,0.644
2,20,0.711,2.499
2,21,1.374,4.85
2,21,0.903,5.14
2,21,1.634,5.14
2,21,0.844,3.758
2,21,1.006,2.806
2,21,1.28,4.866
2,21,0.705,3.569
2,21,0.673,3.612
2,21,1.052,5.102
2,21,0.989,4.765
2,21,0.898,3.445
2,21,0.837,3.927
2,21,1.542,5.966
2,21,0.064,0.503
2,21,0.635,3.296
2,21,0.828,4.074
2,21,0.888,4.073
2,21,0.252,0.881
2,21,1.379,5.102
2,21,0.694,2.772
2,21,0.875,2.849
2,21,0.87,2.731
2,21,1.517,4.39
2,21,0.74,3.445
2,21,0.834,4.123
2,21,0.206,0.924
2,21,0.034,0.169
2,21,1.506,6.705
2,21,0.903,3.022
2,21,0.833,2.806
2,21,0.734,2.624
2,21,1.588,5.588
2,21,0.737,2.626
2,21,1.568,6.378
2,21,1.149,4.977
2,21,0.794,2.898
2,21,1.458,5.923
2,21,1.062,3.611
2,21,0.92,3.15
2,21,0.716,3.399
2,21,0.993,3.927
2,21,1.477,4.789
2,21,0.389,1.557
2,21,0.106,0.44
2,21,0.896,3.088
2,21,1.223,4.662
2,21,0.298,0.587
2,21,0.035,0.126
2,21,0.017,0.126
2,21,1.019,4.304
2,22,0.552,2.309
2,22,0.534,2.457
2,22,1.04,3.303
2,22,0.054,0.362
2,22,0.453,2.604
2,22,1.615,5.71
2,22,0.027,0.155
2,22,0.017,0.106
2,22,2.071,6.641
2,22,0.697,3.09
2,22,0.836,4.112
2,22,1.394,4.955
2,22,1.487,5.164
2,22,1.147,3.736
2,22,0.029,0.218
2,22,0.796,2.248
2,22,0.528,2.248
2,22,0.698,2.456
2,22,1.731,5.549
2,22,0.656,2.646
2,22,0.877,2.646
2,22,1.281,4.913
2,22,0.551,2.248
2,22,0.687,3.362
2,22,0.83,3.562
2,22,0.265,1.324
2,22,0.055,0.293
2,22,0.014,0.129
2,22,1.205,4.534
2,22,0.693,2.062
2,22,0.472,1.927
2,22,0.829,3.513
2,22,0.863,4.112
2,22,0.877,3.352
2,22,1.835,5.662
2,22,0.94,2.998
2,22,0.658,2.646
2,22,0.005,0.106
2,22,1.107,4.534
2,22,0.137,0.742
2,23,0.06,0.392
2,23,0.994,2.951
2,23,0.67,3.48
2,23,0.128,0.611
2,23,0.947,3.457
2,23,0.274,1.387
2,23,1.173,4.616
2,23,0.91,3.206
2,23,0.788,3.666
2,23,0.728,3.541
2,23,0.123,0.67
2,23,0.499,2.017
2,23,0.27,1.669
2,23,0.024,0.142
2,23,0.765,2.783
2,23,1.168,5.454
2,23,0.864,3.856
2,23,0.724,2.554
2,23,1.625,5.307
2,23,2.27,7.87
2,23,0.556,2.511
2,23,1.122,4.196
2,23,0.016,0.099
2,23,0.946,4.363
2,23,0.569,2.832
2,23,0.692,2.908
2,23,0.651,2.435
2,23,0.041,0.19
2,23,0.754,3.295
2,23,1.346,4.7
2,23,1.686,5.812
2,23,0.641,3.001
2,23,1.529,5.938
2,23,0.893,3.084
2,23,1.389,5.557
2,23,0.005,0.099
2,23,0.046,0.251
2,23,0.448,1.664
2,23,1.195,4.323
2,23,0.142,0.67
2,23,1.759,6.274
2,23,1.533,6.323
2,23,0.797,2.809
2,24,0.035,0.146
2,24,0.841,3.5
2,24,0.791,4.212
2,24,1.255,3.96
2,24,0.918,4.129
2,24,0.914,4.212
2,24,0.753,2.835
2,24,0.564,2.877
2,24,0.348,1.761
2,24,1.629,4.969
2,24,1.895,6.356
2,24,0.669,2.787
2,24,1.211,4.572
2,24,0.029,0.413
2,24,0.693,2.889
2,24,0.08,0.665
2,24,1.443,6.779
2,24,1.911,6.565
2,24,0.06,0.437
2,24,0.338,1.737
2,24,0.101,0.419
2,24,1.048,3.199
2,24,1.344,5.955
2,24,0.787,3.379
2,24,0.753,4.004
2,24,0.077,0.959
2,24,1.214,4.634
2,24,0.941,4.884
2,24,0.497,2.009
2,24,0.611,2.45
2,24,0.87,3.583
2,24,1.219,4.004
2,24,1.042,4.11
2,24,0.999,4.339
2,24,1.118,4.068
2,24,1.428,6.083
2,24,0.947,3.542
2,24,0.04,0.791
2,24,1.057,3.96
2,24,1.488,5.141
2,24,0.066,0.286
2,24,0.077,0.373
2,24,0.006,0.1
2,24,0.075,0.373
2,24,0.848,2.787
2,24,0.692,2.645
2,25,0.931,2.714
2,25,0.783,3.534
2,25,0.756,3.847
2,25,0.122,1.142
2,25,0.724,3.301
2,25,0.896,4.016
2,25,0.091,0.355
2,25,0.085,0.108
2,25,0.932,4.016
2,25,1.633,6.285
2,25,1.641,5.593
2,25,0.065,0.547
2,25,0.038,0.108
2,25,0.448,2.561
2,25,0.443,2.648
2,25,0.971,4.162
2,25,0.942,3.02
2,25,1.377,6.535
2,25,0.023,0.112
2,25,1.142,4.478
2,25,1.755,5.801
2,25,0.921,2.624
2,25,0.893,4.181
2,25,0.963,4.079
2,25,0.366,1.559
2,25,1.068,5.296
2,25,1.601,5.394
2,25,1.079,4.962
2,25,0.415,2.624
2,25,0.881,4.119
2,25,1.927,6.747
2,25,0.847,2.945
2,25,1.247,4.162
2,25,1.835,6.535
2,25,0.74,3.788
2,25,0.018,0.112
2,25,0.875,3.132
2,25,0.61,2.624
2,25,0.945,3.554
2,25,0.216,0.827
2,25,1.326,5.025
2,25,0.942,3.847
2,25,0.034,0.112
2,26,0.718,2.929
2,26,0.824,4.8
2,26,0.03,0.107
2,26,0.731,3.538
2,26,0.55,2.678
2,26,1.212,4.253
2,26,0.052,0.422
2,26,0.614,1.901
2,26,0.948,4.44
2,26,0.111,0.622
2,26,0.728,3.1
2,26,0.555,3.245
2,26,0.919,3.701
2,26,1.176,4.295
2,26,0.811,4.242
2,26,1.28,4.632
2,26,0.815,3.487
2,26,0.509,2.172
2,26,0.932,5.385
2,26,0.81,4.339
2,26,0.983,4.44
2,26,1.037,3.666
2,26,1.716,6.668
2,26,0.954,3.793
2,26,0.569,3.013
2,26,1.181,4.569
2,26,0.013,0.116
2,26,0.109,0.515
2,26,1.329,4.391
2,26,0.422,2.636
2,26,1.724,5.907
2,26,1.325,4.006
2,26,1.085,3.634
2,26,0.083,0.37
2,26,0.007,0.107
2,26,1.005,4.295
2,26,1.209,4.006
2,26,0.528,2.593
2,26,1.287,4.339
2,26,1.642,5.44
2,26,0.398,1.441
2,26,0.372,0.98
2,26,0.034,0.209
2,26,1.051,3.477
2,27,0.846,4.956
2,27,1.522,5.899
2,27,0.898,3.822
2,27,0.332,2.499
2,27,1.479,4.96
2,27,0.022,0.167
2,27,0.323,2.293
2,27,0.969,4.705
2,27,0.826,3.171
2,27,1.457,6.09
2,27,1.004,4.159
2,27,0.256,1.467
2,27,0.009,0.169
2,27,0.62,2.415
2,27,1.354,5.25
2,27,0.781,4.198
2,27,0.603,2.144
2,27,0.05,0.167
2,27,0.871,3.672
2,27,0.053,0.251
2,27,2.13,6.067
2,27,1.283,5.018
2,27,0.89,3.76
2,27,0.795,4.098
2,27,0.408,2.706
2,27,1.862,7.225
2,27,0.116,0.856
2,27,1.053,3.573
2,27,0.723,2.75
2,27,0.573,4.956
2,27,0.374,2.205
2,27,1.31,4.556
2,27,0.93,3.421
2,27,1.067,5.062
2,27,1.381,4.01
2,27,1.033,3.126
2,27,0.139,0.588
2,27,0.905,3.5
2,27,0.863,2.365
2,27,1.457,5.711
2,27,0.608,2.688
2,28,0.31,1.343
2,28,0.749,3.865
2,28,0.009,0.082
2,28,0.154,1.301
2,28,0.121,0.729
2,28,0.023,0.258
2,28,0.236,1.691
2,28,0.874,3.508
2,28,0.13,1.398
2,28,0.615,2.181
2,28,0.729,2.833
2,28,0.69,3.007
2,28,0.007,0.09
2,28,1.263,4.425
2,28,0.709,3.281
2,28,0.026,0.142
2,28,0.829,3.418
2,28,0.028,0.184
2,28,0.424,1.697
2,28,0.914,4.378
2,28,0.857,3.396
2,28,0.794,4.089
2,28,1.286,5.149
2,28,0.337,1.346
2,28,0.008,0.142
2,28,0.131,0.602
2,28,0.042,0.233
2,28,0.524,3.149
2,28,0.934,3.291
2,28,0.022,0.192
2,28,1.391,4.951
2,28,0.019,0.14
2,28,0.406,1.433
2,28,0.01,0.097
2,28,1.997,7.621
2,28,1.366,4.72
2,28,1.384,4.196
2,28,1.334,4.561
2,28,0.015,0.14
2,29,1.636,5.503
2,29,0.523,2.06
2,29,0.049,0.169
2,29,0.113,0.783
2,29,1.041,4.077
2,29,1.103,3.502
2,29,0.358,2.722
2,29,0.752,2.986
2,29,0.532,3.004
2,29,0.565,3.575
2,29,1.247,4.04
2,29,0.028,0.425
2,29,0.216,1.087
2,29,1.381,4.963
2,29,1.694,6.556
2,29,0.677,2.9
2,29,0.093,0.91
2,29,0.965,3.303
2,29,0.142,0.34
2,29,1.267,4.772
2,29,0.37,1.578
2,29,0.02,0.108
2,29,1.738,6.697
2,29,0.588,3.047
2,29,1.247,3.575
2,29,0.811,2.966
2,29,0.922,4.181
2,29,0.452,2.167
2,29,0.701,2.878
2,29,1.401,4.617
2,29,1.004,4.077
2,29,0.048,0.739
2,29,0.137,0.696
2,29,0.131,0.536
2,29,1.848,5.482
2,29,0.012,0.108
2,29,0.085,0.374
2,29,1.655,6.03
2,30,1.43,4.78
2,30,0.043,0.579
2,30,0.982,4.07
2,30,0.351,2.426
2,30,0.778,3.795
2,30,0.055,0.27
2,30,0.304,1.681
2,30,0.106,0.412
2,30,0.882,4.504
2,30,0.062,0.35
2,30,0.55,2.334
2,30,0.901,3.732
2,30,1.314,4.404
2,30,0.8,3.694
2,30,0.152,0.579
2,30,0.024,0.286
2,30,1.106,4.07
2,30,1.379,4.17
2,30,0.613,3.29
2,30,0.262,1.47
2,30,0.608,2.37
2,30,1.255,5.159
2,30,0.379,1.326
2,30,0.132,0.395
2,30,1.422,6.061
2,30,0.447,2.534
2,30,0.423,1.694
2,30,0.693,4.22
2,30,0.492,1.567
2,30,0.057,0.326
2,30,1.055,4.067
2,30,0.285,1.465
2,30,0.722,2.617
2,30,0.059,0.37
2,30,0.7,3.334
2,30,0.848,3.183
3,1,2.317,12.165
3,1,1.766,6.667
3,1,0.768,1.85
3,1,2.519,8.832
3,1,1.689,4.972
3,1,1.674,4.939
3,1,2.101,6.222
3,1,2.054,6.665
3,1,1.511,4.095
3,1,1.149,3.692
3,1,3.132,11.161
3,1,2.142,6.021
3,1,0.418,1.043
3,1,1.723,6.586
3,1,2.468,7.788
3,1,2.335,8.792
3,1,2.169,8.35
3,1,0.793,3.011
3,1,1.807,6.586
3,1,0.626,1.927
3,1,0.08,0.6
3,1,2.255,7.509
3,1,1.994,8.149
3,1,1.855,8.191
3,1,1.381,4.217
3,1,2.161,7.588
3,2,1.036,5.196
3,2,0.602,1.662
3,2,1.134,3.694
3,2,2.228,6.803
3,2,1.309,3.693
3,2,1.783,5.959
3,2,2.036,7.687
3,2,1.374,4.071
3,2,0.7,2.465
3,2,1.653,4.699
3,2,0.915,2.144
3,2,1.065,3.55
3,2,0.868,2.53
3,2,0.827,2.409
3,2,1.735,5.196
3,2,3.11,11.099
3,2,0.871,2.182
3,2,1.59,4.835
3,2,0.011,0.091
3,2,2.059,7.524
3,2,1.475,4.754
3,2,1.47,5.351
3,2,1.489,4.978
3,2,0.767,2.545
3,2,1.722,6.235
3,2,0.488,2.213
3,3,1.411,8.028
3,3,0.86,3.05
3,3,1.381,4.336
3,3,1.801,6.779
3,3,0.886,2.369
3,3,1.739,6.102
3,3,0.506,2.168
3,3,0.775,2.491
3,3,1.576,5.058
3,3,1.846,6.586
3,3,1.518,4.175
3,3,1.857,5.58
3,3,0.567,1.924
3,3,1.878,10.038
3,3,1.678,6.544
3,3,1.011,2.969
3,3,1.64,5.058
3,3,2.332,7.308
3,3,2.519,7.668
3,4,1.337,7.79
3,4,0.822,3.213
3,4,1.055,2.931
3,4,2.084,7.991
3,4,1.237,3.934
3,4,1.02,2.845
3,4,1.785,6.266
3,4,0.334,1.609
3,4,0.36,1.244
3,4,1.907,5.863
3,4,0.125,0.604
3,4,1.895,6.706
3,4,1.719,5.06
3,4,0.517,2.167
3,4,1.286,4.937
3,4,1.04,4.02
3,4,1.527,5.134
3,4,0.936,2.931
3,4,1.332,4.978
3,4,0.783,2.449
3,4,1.784,7.265
3,5,1.094,4.835
3,5,0.893,3.067
3,5,0.936,3.172
3,5,1.383,5.501
3,5,1.319,4.411
3,5,0.277,1.084
3,5,1.042,3.349
3,5,1.545,5.037
3,5,0.34,1.768
3,5,1.786,7.246
3,5,0.929,2.732
3,5,1.493,4.234
3,5,1.081,2.931
3,5,1.174,3.975
3,5,1.881,7.608
3,5,1.574,4.754
3,5,0.852,2.661
3,5,2.115,6.544
3,5,2.214,6.843
3,5,0.782,2.691
3,5,1.441,4.234
3,6,1.189,5.943
3,6,1.83,5.621
3,6,0.909,2.845
3,6,1.022,3.734
3,6,0.007,0.075
3,6,0.323,1.727
3,6,1.696,5.824
3,6,1.058,3.335
3,6,1.769,4.859
3,6,0.842,2.852
3,6,1.07,3.252
3,6,0.95,3.532
3,6,1.728,5.302
3,6,0.008,0.075
3,6,1.79,5.335
3,6,0.532,1.768
3,6,1.959,6.064
3,6,1.327,4.736
3,6,0.008,0.08
3,6,0.635,1.766
3,6,1.09,3.614
3,6,1.569,4.737
3,6,0.96,3.252
3,6,0.93,3.413
3,6,1.93,7.904
3,6,1.494,4.702
3,6,1.149,4.137
3,7,0.502,1.881
3,7,0.206,0.671
3,7,1.362,4.538
3,7,0.644,2.612
3,7,0.824,3.037
3,7,1.372,4.492
3,7,1.917,5.375
3,7,0.768,1.92
3,7,1.238,3.648
3,7,0.109,0.685
3,7,1.444,3.936
3,7,0.749,2.645
3,7,0.89,2.689
3,7,0.507,2.529
3,7,0.067,0.243
3,7,1.698,6.057
3,7,0.338,2.083
3,7,0.51,1.64
3,7,1.212,4.33
3,7,0.21,0.757
3,7,0.947,2.815
3,7,0.736,2.251
3,7,1.426,4.211
3,7,1.407,4.124
3,7,0.6,1.929
3,7,1.864,5.697
3,8,0.879,4.697
3,8,0.992,3.045
3,8,0.051,0.313
3,8,0.862,3.292
3,8,0.939,3.332
3,8,0.965,2.77
3,8,1.342,4.133
3,8,1.16,4.094
3,8,1.434,3.976
3,8,0.869,3.444
3,8,0.417,1.161
3,8,0.386,1.359
3,8,0.704,3.211
3,8,1.069,3.211
3,8,2.016,6.705
3,8,1.123,3.775
3,8,0.965,2.689
3,8,0.861,4.299
3,8,1.49,4.611
3,8,0.253,1.727
3,8,1.393,4.856
3,9,1.131,6.121
3,9,1.063,3.464
3,9,0.571,2.507
3,9,1.926,7.004
3,9,0.364,2.169
3,9,0.085,0.481
3,9,1.212,3.857
3,9,0.624,1.903
3,9,1.456,4.538
3,9,0.145,0.763
3,9,1.115,3.509
3,9,1.099,4.139
3,9,0.652,2.287
3,9,0.851,3.464
3,9,0.153,0.898
3,9,1.524,6.08
3,9,0.829,3.053
3,9,1.451,4.494
3,9,0.621,1.978
3,9,0.294,1.179
3,9,0.047,0.36
3,9,0.135,0.643
3,9,0.941,3.109
3,9,0.31,1.806
3,9,0.494,2.417
3,9,0.619,2.77
3,9,0.946,3.228
3,10,0.468,2.448
3,10,0.55,2.885
3,10,1.377,4.699
3,10,0.007,0.081
3,10,0.744,2.973
3,10,1.023,4.777
3,10,0.51,2.248
3,10,0.146,0.524
3,10,1.104,3.493
3,10,1.185,3.291
3,10,1.077,3.291
3,10,0.307,1.044
3,10,0.396,2.772
3,10,0.433,1.928
3,10,0.021,0.12
3,10,0.987,2.891
3,10,0.468,2.287
3,10,1.046,3.895
3,10,0.822,3.454
3,10,0.361,1.487
3,10,0.143,0.999
3,10,1.079,3.573
3,10,0.507,2.128
3,10,0.817,2.57
3,10,1.266,3.895
3,11,1.295,6.754
3,11,0.574,2.247
3,11,0.005,0.166
3,11,1.095,4.231
3,11,0.715,2.651
3,11,1.23,4.349
3,11,0.461,2.209
3,11,1.033,3.977
3,11,1.428,3.948
3,11,0.751,2.825
3,11,1.055,3.54
3,11,1.378,5.143
3,11,0.778,2.785
3,11,1.121,3.541
3,11,1.338,3.948
3,11,1.23,4.34
3,11,0.978,2.999
3,11,0.149,0.614
3,11,0.449,2.222
3,11,2.106,7.505
3,12,1.169,5.782
3,12,0.036,0.113
3,12,1.059,4.214
3,12,0.92,3.665
3,12,0.639,2.048
3,12,0.876,2.931
3,12,0.685,2.93
3,12,1.083,2.892
3,12,1.091,3.411
3,12,0.742,2.647
3,12,0.899,3.734
3,12,0.689,2.041
3,12,0.801,2.931
3,12,0.697,2.009
3,12,0.57,3.132
3,12,1.214,4.698
3,12,0.973,3.653
3,12,0.783,3.692
3,12,0.036,0.199
3,12,0.831,2.248
3,12,1.008,3.21
3,12,1.465,5.461
3,12,0.939,2.85
3,12,0.143,0.641
3,13,0.779,4.536
3,13,0.793,3.093
3,13,0.014,0.079
3,13,0.571,2.854
3,13,1.351,3.937
3,13,1.103,3.977
3,13,0.349,1.246
3,13,0.829,3.453
3,13,0.751,3.089
3,13,0.463,2.971
3,13,0.808,2.573
3,13,0.869,2.532
3,13,1.114,4.537
3,13,0.892,2.652
3,13,0.653,1.967
3,13,0.288,1.408
3,13,0.968,3.777
3,13,0.086,0.362
3,13,0.737,2.732
3,13,0.023,0.362
3,13,0.973,3.453
3,13,1.105,3.252
3,13,0.768,2.971
3,13,1.436,4.498
3,13,0.223,0.804
3,13,0.417,1.726
3,14,0.643,3.668
3,14,0.893,3.948
3,14,0.526,1.983
3,14,0.029,0.161
3,14,0.693,2.102
3,14,0.53,2.424
3,14,1.026,4.712
3,14,0.342,1.966
3,14,0.573,2.584
3,14,0.734,2.382
3,14,0.996,3.428
3,14,0.157,0.528
3,14,0.601,2.77
3,14,0.107,0.401
3,14,0.93,3.629
3,14,0.75,3.542
3,14,0.84,3.345
3,14,0.362,1.848
3,14,0.655,3.286
3,14,0.81,3.146
3,14,0.901,3.454
3,14,1.002,4.136
3,14,1.221,4.056
3,14,0.823,2.61
3,14,0.548,2.643
3,14,0.644,2.452
3,14,0.025,0.115
3,14,1.915,6.399
3,14,0.522,2.899
3,15,1.283,5.861
3,15,0.594,2.874
3,15,1.302,3.735
3,15,0.127,0.446
3,15,0.682,2.231
3,15,0.466,2.331
3,15,0.556,2.413
3,15,0.584,2.835
3,15,0.284,0.964
3,15,1.37,4.34
3,15,0.848,3.258
3,15,0.671,2.993
3,15,0.948,3.367
3,15,0.356,2.049
3,15,0.621,1.967
3,15,0.817,4.097
3,15,0.872,3.196
3,15,1.182,3.756
3,15,1.387,6.106
3,15,0.014,0.219
3,15,0.36,1.485
3,15,1.051,4.577
3,15,1.087,3.837
3,15,1.29,3.917
3,16,1.056,5.821
3,16,0.577,2.601
3,16,1.29,4.739
3,16,0.968,3.573
3,16,0.09,0.845
3,16,0.515,2.692
3,16,0.749,3.294
3,16,1,3.093
3,16,0.955,3.976
3,16,0.356,2.049
3,16,1.411,4.58
3,16,0.42,2.288
3,16,0.006,0.12
3,16,0.936,3.903
3,16,0.589,2.732
3,16,1.255,5.589
3,16,0.292,1.408
3,16,1.559,4.252
3,16,0.945,3.334
3,16,0.579,3.172
3,16,0.842,3.776
3,16,0.225,0.965
3,16,0.008,0.08
3,16,1.148,3.856
3,16,0.412,1.283
3,16,0.754,2.531
3,17,0.925,4.738
3,17,0.128,1.002
3,17,0.037,0.201
3,17,0.942,3.373
3,17,1.093,3.929
3,17,1.287,3.855
3,17,0.438,2.647
3,17,0.809,3.535
3,17,1.528,4.376
3,17,1.271,4.13
3,17,1.091,4.422
3,17,0.099,0.283
3,17,1.463,4.815
3,17,0.368,2.128
3,17,1.284,3.574
3,17,0.293,1.727
3,17,0.398,3.092
3,17,1.222,5.015
3,17,0.581,2.658
3,17,0.155,1.163
3,17,0.149,1.011
3,17,0.117,0.925
3,17,0.048,0.684
3,17,0.909,3.286
3,17,0.029,0.117
3,17,0.156,0.603
3,17,0.875,3.252
3,18,0.506,2.25
3,18,1.018,3.373
3,18,0.133,0.443
3,18,0.928,3.173
3,18,0.986,4.94
3,18,0.889,2.73
3,18,0.469,2.932
3,18,0.817,2.572
3,18,0.365,3.012
3,18,0.591,2.932
3,18,0.626,2.571
3,18,0.518,2.094
3,18,1.363,5.461
3,18,0.722,2.695
3,18,0.8,3.776
3,18,0.787,3.129
3,18,0.629,2.851
3,18,0.569,3.891
3,18,0.018,0.162
3,18,0.005,0.075
3,18,1.07,3.696
3,18,0.017,0.117
3,18,1.489,5.944
3,18,0.766,2.61
3,18,0.177,0.481
3,19,0.408,1.905
3,19,0.36,2.265
3,19,0.622,2.265
3,19,1.108,3.737
3,19,0.531,2.467
3,19,0.352,2.011
3,19,0.815,2.532
3,19,0.924,4.18
3,19,0.321,2.226
3,19,0.561,2.492
3,19,0.917,2.942
3,19,0.606,3.189
3,19,1.2,5.384
3,19,0.541,2.092
3,19,0.858,3.752
3,19,0.741,2.774
3,19,0.558,4.298
3,19,1.051,3.691
3,19,0.701,3.007
3,19,1.458,4.461
3,19,0.785,2.77
3,20,0.878,4.348
3,20,0.738,2.861
3,20,1.6,4.387
3,20,0.746,2.97
3,20,0.329,1.73
3,20,0.517,2.499
3,20,1.619,5.351
3,20,0.642,2.499
3,20,0.041,0.244
3,20,0.516,1.817
3,20,1.049,4.025
3,20,0.431,2.884
3,20,0.928,3.864
3,20,0.56,2.54
3,20,1.123,4.548
3,20,0.507,2.33
3,20,1.312,4.667
3,20,1.209,4.496
3,20,1.476,4.387
3,20,0.737,2.527
3,20,0.086,0.44
3,21,1.007,4.733
3,21,0.601,2.932
3,21,1.439,5.019
3,21,0.576,2.927
3,21,1.054,3.292
3,21,0.733,3.256
3,21,1.15,4.376
3,21,0.46,2.767
3,21,0.589,2.169
3,21,0.568,2.283
3,21,0.498,2.693
3,21,0.822,4.297
3,21,0.735,3.093
3,21,0.531,2.653
3,21,0.153,0.597
3,21,1.109,4.136
3,21,0.786,2.932
3,21,1.113,4.059
3,21,0.441,1.685
3,21,0.583,2.049
3,21,1.561,4.379
3,21,0.646,2.931
3,21,0.023,0.12
3,21,0.35,1.727
3,21,0.869,3.696
3,21,0.965,3.331
3,21,0.617,2.69
3,21,0.06,0.2
3,21,0.015,0.123
3,21,0.11,0.442
3,22,1.208,7.391
3,22,0.306,0.966
3,22,1.114,4.699
3,22,0.102,0.321
3,22,1.063,3.772
3,22,0.556,3.253
3,22,0.984,4.09
3,22,0.959,3.655
3,22,0.662,4.009
3,22,0.172,1.447
3,22,0.877,2.891
3,22,1.137,3.373
3,22,0.022,0.201
3,22,1.02,3.454
3,22,1.937,5.143
3,22,0.341,2.532
3,22,0.584,2.13
3,22,0.529,2.57
3,22,0.59,2.694
3,22,0.544,2.446
3,22,0.091,0.844
3,22,0.103,0.926
3,22,0.019,0.124
3,22,0.008,0.083
3,22,0.826,3.853
3,22,0.119,0.397
3,22,0.376,1.529
3,22,1.41,5.1
3,22,0.321,1.495
3,22,0.498,2.008
3,23,0.964,4.608
3,23,0.927,3.683
3,23,0.847,2.794
3,23,0.087,0.31
3,23,1.101,3.771
3,23,0.516,2.732
3,23,0.818,3.373
3,23,0.266,1.996
3,23,0.624,4.054
3,23,0.014,0.072
3,23,0.474,1.435
3,23,0.155,0.835
3,23,0.249,1.188
3,23,1.279,4.568
3,23,0.91,3.619
3,23,0.238,0.802
3,23,0.949,4.446
3,23,0.521,1.519
3,23,0.169,0.882
3,23,0.486,1.763
3,23,0.097,0.802
3,23,1.417,4.418
3,23,0.635,2.558
3,23,0.835,3.934
3,23,0.859,3.604
3,23,0.674,2.608
3,23,0.991,4.294
3,23,0.785,2.961
3,23,1.265,4.294
3,23,0.452,1.892
3,23,0.686,3.292
3,24,1.579,5.062
3,24,0.534,3.807
3,24,0.548,2.079
3,24,0.028,0.159
3,24,0.108,0.645
3,24,0.328,2.89
3,24,1.306,4.689
3,24,1.173,3.567
3,24,0.652,3.325
3,24,0.778,2.932
3,24,1.354,4.137
3,24,1.324,4.811
3,24,0.734,2.531
3,24,0.023,0.119
3,24,1.297,4.691
3,24,0.142,0.432
3,24,0.446,2.291
3,24,0.242,0.873
3,24,0.78,3.082
3,24,0.636,2.562
3,24,0.752,2.481
3,24,0.036,0.202
3,24,0.025,0.069
3,24,0.12,0.833
3,25,1.123,3.912
3,25,0.61,4.578
3,25,1.417,4.193
3,25,0.663,3.551
3,25,0.776,3.938
3,25,0.652,2.822
3,25,0.56,2.822
3,25,0.028,0.126
3,25,0.391,2.707
3,25,0.924,4.234
3,25,1.724,4.676
3,25,0.021,0.126
3,25,0.03,0.417
3,25,1.328,4.635
3,25,1.29,4.473
3,25,1.062,3.349
3,25,0.736,3.513
3,25,0.865,3.872
3,25,1.945,6.029
3,25,0.628,3.631
3,25,0.742,3.058
3,25,0.902,5.513
3,25,0.02,0.167
3,25,0.594,1.623
3,25,0.594,2.893
3,25,1.072,3.834
3,25,1.387,4.955
3,25,2.009,6.316
3,26,1.029,4.004
3,26,0.73,3.68
3,26,0.803,4.215
3,26,0.588,2.571
3,26,1.096,4.335
3,26,0.454,2.149
3,26,0.592,2.961
3,26,0.01,0.067
3,26,0.152,0.561
3,26,1.074,4.016
3,26,0.246,0.962
3,26,0.017,0.16
3,26,1.889,5.449
3,26,1.172,4.163
3,26,0.076,0.429
3,26,0.861,3.443
3,26,0.824,3.199
3,26,1.441,4.765
3,26,0.83,2.839
3,26,0.651,2.677
3,26,0.897,3.037
3,26,1.601,5.133
3,26,0.652,2.771
3,26,0.645,2.558
3,27,1.198,3.615
3,27,0.856,3.429
3,27,0.117,0.756
3,27,0.589,4.259
3,27,1.213,3.834
3,27,0.924,4.151
3,27,0.771,2.95
3,27,0.815,3.198
3,27,0.502,2.626
3,27,1.163,4.714
3,27,1.742,5.597
3,27,0.382,2.37
3,27,0.912,4.744
3,27,1.25,3.906
3,27,2.359,8.755
3,27,0.985,3.656
3,27,0.794,3.172
3,27,0.831,2.971
3,27,0.179,0.692
3,27,1.315,4.135
3,27,0.135,0.418
3,27,0.717,3.166
3,27,0.119,0.537
3,27,0.767,3.615
3,28,0.469,1.686
3,28,1.084,3.296
3,28,0.415,3.014
3,28,2.085,6.872
3,28,0.227,1.07
3,28,1.317,5.105
3,28,0.615,2.688
3,28,0.013,0.085
3,28,0.918,3.333
3,28,0.957,4.22
3,28,0.023,0.241
3,28,1.268,4.377
3,28,0.949,3.819
3,28,1.164,3.778
3,28,0.543,2.211
3,28,0.232,2.248
3,28,1.32,4.901
3,28,1.636,5.256
3,28,0.811,3.899
3,28,0.991,4.26
3,28,1.006,4.139
3,28,0.841,3.497
3,28,1.619,4.698
3,28,0.452,1.57
3,29,0.045,0.4
3,29,0.631,3.693
3,29,1.141,5.063
3,29,0.622,3.897
3,29,0.74,2.771
3,29,0.059,0.284
3,29,0.067,0.28
3,29,1.581,4.943
3,29,0.902,2.955
3,29,0.865,3.093
3,29,0.873,4.014
3,29,0.182,1.404
3,29,0.59,3.093
3,29,1.223,4.74
3,29,0.919,3.254
3,29,0.944,2.813
3,29,1.25,4.453
3,29,0.548,2.291
3,29,0.96,3.495
3,29,0.048,0.484
3,29,0.206,0.764
3,29,0.186,0.965
3,29,1.023,4.057
3,29,1.127,3.856
3,29,0.106,0.442
3,30,0.394,3.341
3,30,0.01,0.079
3,30,0.756,3.341
3,30,1.218,5.02
3,30,0.501,2.25
3,30,0.012,0.073
3,30,1.148,3.734
3,30,1.431,4.33
3,30,0.47,3.011
3,30,0.896,4.339
3,30,0.803,3.05
3,30,1.172,5.02
3,30,1.257,3.614
3,30,0.608,2.767
3,30,0.419,1.719
3,30,1.689,5.58
3,30,0.975,3.614
3,30,1.311,4.256
3,30,0.391,2.367
3,30,0.538,3.092
3,30,0.03,0.073
3,30,1.001,3.534
3,30,0.084,0.723
3,30,0.03,0.238
3,30,1.116,4.183
3,30,0.061,0.201
4,1,1.77,5.46
4,1,1.446,4.226
4,1,1.676,5.198
4,1,0.894,2.649
4,1,1.765,4.785
4,1,1.507,5.52
4,1,1.392,4.308
4,1,1.707,6.743
4,1,1.79,5.35
4,1,2.306,7.436
4,1,1.504,4.303
4,1,1.743,5.637
4,1,1.913,6.231
4,1,1.218,3.569
4,1,1.733,5.52
4,1,1.633,5.984
4,1,2.597,8.647
4,1,1.527,4.714
4,1,1.686,5.52
4,1,1.745,5.707
4,1,1.144,2.89
4,1,1.475,4.661
4,1,1.494,3.903
4,1,1.809,5.723
4,1,1.489,5.864
4,1,1.51,4.184
4,1,1.207,3.258
4,1,1.558,4.457
4,2,0.73,2.231
4,2,1.248,3.721
4,2,1.07,3.369
4,2,1.334,4.819
4,2,2.033,6.516
4,2,1.19,3.771
4,2,0.716,2.066
4,2,1.784,5.427
4,2,1.681,5.269
4,2,0.661,2.895
4,2,0.201,0.866
4,2,1.747,5.427
4,2,1.898,5.757
4,2,2.054,6.994
4,2,1.559,4.912
4,2,1.695,5.957
4,2,0.4,1.257
4,2,1.437,3.942
4,2,1.77,6.324
4,2,0.647,1.783
4,2,1.73,4.496
4,2,2.732,13.211
4,2,0.687,2.066
4,2,2.336,8.286
4,2,0.758,2.053
4,2,1.811,5.794
4,2,0.297,1.257
4,2,0.091,0.455
4,2,1.674,5.556
4,2,0.575,1.498
4,2,0.405,0.975
4,2,2.285,7.647
4,2,0.225,0.929
4,2,1.532,4.671
4,3,1.335,4.203
4,3,0.52,1.876
4,3,0.646,1.829
4,3,1.845,5.737
4,3,0.74,2.596
4,3,1.475,4.355
4,3,1.917,5.54
4,3,0.901,3.282
4,3,1.418,4.355
4,3,1.74,5.812
4,3,1.948,6.178
4,3,0.359,2.273
4,3,1.834,6.014
4,3,2.006,6.939
4,3,1.46,4.402
4,3,1.15,4.12
4,3,1.26,4.406
4,3,0.901,3.355
4,3,1.663,4.808
4,3,1.743,5.696
4,3,1.045,3.482
4,3,1.425,3.686
4,3,0.8,2.596
4,3,1.746,5.493
4,3,1.375,4.04
4,3,1.293,4.282
4,3,1.747,5.091
4,3,1.21,3.408
4,3,2.192,7.095
4,3,0.243,0.965
4,3,1.409,4.401
4,3,1.862,5.181
4,3,0.653,1.963
4,3,1.393,4.488
4,3,1.81,5.051
4,3,1.712,5.774
4,4,1.24,3.732
4,4,0.974,2.85
4,4,1.227,3.653
4,4,0.64,3.022
4,4,1.277,3.772
4,4,0.825,2.85
4,4,1.779,5.856
4,4,2.189,6.175
4,4,0.817,2.566
4,4,1.415,4.637
4,4,1.994,7.068
4,4,1.232,3.65
4,4,1.621,4.589
4,4,1.055,3.258
4,4,1.412,4.959
4,4,0.642,1.949
4,4,2.21,6.501
4,4,1.822,5.621
4,4,1.989,6.419
4,4,0.605,1.876
4,4,1.045,3.571
4,4,0.766,2.124
4,4,1.216,4.043
4,4,0.087,0.535
4,4,0.951,3.935
4,4,2.089,6.59
4,4,1.406,5.362
4,4,1.197,3.348
4,5,0.829,3.986
4,5,0.794,2.474
4,5,0.531,1.582
4,5,1.267,3.609
4,5,0.724,1.793
4,5,0.584,1.58
4,5,1.07,2.762
4,5,1.598,4.874
4,5,0.75,2.392
4,5,1.156,2.992
4,5,0.03,0.246
4,5,1.937,5.85
4,5,0.137,0.397
4,5,1.627,5.274
4,5,1.257,5.351
4,5,0.325,1.184
4,5,1.508,4.132
4,5,2.302,7.726
4,5,0.978,3.062
4,5,2.235,6.182
4,5,0.953,2.844
4,5,0.766,2.311
4,5,1.011,2.441
4,5,1.663,4.904
4,5,1.161,4.022
4,5,1.216,4.433
4,5,1.278,4.398
4,5,1.004,2.677
4,5,1.891,5.841
4,5,1.449,4.151
4,5,1.448,4.795
4,5,0.44,1.668
4,6,1.718,5.916
4,6,0.823,3.363
4,6,2.141,6.331
4,6,1.203,4.097
4,6,1.128,2.78
4,6,0.558,1.192
4,6,1.436,4.375
4,6,1.188,3.782
4,6,1.121,3.201
4,6,0.602,1.996
4,6,1.836,5.114
4,6,0.792,2.961
4,6,1.542,5.195
4,6,0.968,3.283
4,6,1.155,3.977
4,6,0.743,2.292
4,6,1.291,4.754
4,6,0.978,3.283
4,6,0.228,0.866
4,6,1.576,5.515
4,6,1.054,2.961
4,6,1.966,5.437
4,6,0.053,0.206
4,6,0.011,0.238
4,6,0.533,2.155
4,6,0.892,3.201
4,6,1.044,3.038
4,6,2.114,8.052
4,6,0.909,2.634
4,6,1.017,3.689
4,6,0.495,1.913
4,6,1.112,3.366
4,6,0.121,0.423
4,6,1.015,2.871
4,6,0.721,1.913
4,6,0.079,0.336
4,7,1.375,4.304
4,7,0.975,3.131
4,7,1.167,3.762
4,7,0.834,2.343
4,7,1.518,4.551
4,7,0.22,1.02
4,7,0.055,0.263
4,7,0.999,3.502
4,7,1.192,4.074
4,7,1.792,5.225
4,7,0.736,2.503
4,7,1.44,4.039
4,7,1.143,3.556
4,7,1.245,4.024
4,7,1.051,3.131
4,7,0.765,2.957
4,7,1.25,4.147
4,7,1.109,2.713
4,7,0.723,1.997
4,7,0.929,2.766
4,7,0.659,2.489
4,7,1.186,3.293
4,7,1.883,6.929
4,7,1.158,3.76
4,7,0.236,1.256
4,7,1.505,4.122
4,7,1.03,3.347
4,7,0.599,2.489
4,8,0.956,3.171
4,8,1.421,4.739
4,8,1.542,4.47
4,8,0.879,2.728
4,8,1.117,3.534
4,8,0.944,4.05
4,8,1.464,3.815
4,8,0.96,4.625
4,8,1.8,4.933
4,8,1.013,3.137
4,8,1.785,4.986
4,8,1.349,3.891
4,8,1.625,5.661
4,8,1.737,5.301
4,8,0.21,0.524
4,8,1.053,3.614
4,8,1.239,3.95
4,8,1.255,4.109
4,8,0.847,2.376
4,8,1.1,3.614
4,8,0.016,0.078
4,8,0.853,2.803
4,8,2.059,6.58
4,8,0.965,2.889
4,8,0.835,2.691
4,8,0.84,2.407
4,8,2.17,7.749
4,8,0.685,2.084
4,8,0.197,0.839
4,8,1.224,3.452
4,8,0.948,3.092
4,9,0.795,2.748
4,9,0.655,2.14
4,9,0.724,2.102
4,9,1.466,4.658
4,9,0.056,0.165
4,9,1.498,5.493
4,9,1.283,4.006
4,9,1.285,3.933
4,9,1.593,4.742
4,9,0.969,3.235
4,9,0.862,2.989
4,9,0.852,2.791
4,9,0.703,2.567
4,9,0.862,2.293
4,9,1.007,4.693
4,9,1.19,3.81
4,9,0.735,3.064
4,9,0.646,2.661
4,9,0.808,2.891
4,9,0.018,0.165
4,9,0.469,1.987
4,9,1.34,4.498
4,9,0.362,1.737
4,9,0.74,2.386
4,9,0.428,1.852
4,9,0.699,3.113
4,9,1.375,4.576
4,9,1.172,3.097
4,9,0.169,1.25
4,9,1.518,4.58
4,9,1.101,3.81
4,9,0.941,2.891
4,9,0.747,2.386
4,9,0.226,0.964
4,9,0.603,2.182
4,10,0.863,3.574
4,10,0.632,2.225
4,10,0.897,2.887
4,10,0.101,0.518
4,10,0.877,2.333
4,10,1.484,4.731
4,10,0.904,3.294
4,10,0.944,3.042
4,10,0.444,2.255
4,10,0.322,1.516
4,10,0.015,0.114
4,10,0.734,2.289
4,10,1.428,5.102
4,10,0.544,2.74
4,10,0.528,2.328
4,10,1.616,4.091
4,10,0.88,3.008
4,10,1.263,4.619
4,10,0.224,1.24
4,10,0.97,3.533
4,10,1.152,3.494
4,10,1.094,4.417
4,10,0.972,3.248
4,10,0.036,0.275
4,10,1.727,5.101
4,10,0.046,0.275
4,11,1.132,4.466
4,11,0.063,0.566
4,11,1.165,3.618
4,11,0.697,2.356
4,11,0.806,4.786
4,11,0.91,2.88
4,11,0.364,1.35
4,11,0.299,0.611
4,11,0.872,3.095
4,11,0.949,3.161
4,11,0.306,1.451
4,11,0.565,2.475
4,11,0.588,2.769
4,11,0.024,0.407
4,11,0.763,3.778
4,11,1.444,3.946
4,11,0.665,2.32
4,11,0.681,2.697
4,11,1.425,4.709
4,11,0.709,2.229
4,11,0.714,2.697
4,11,0.529,2.229
4,11,0.384,1.827
4,11,0.858,2.747
4,11,1.476,4.305
4,11,0.552,2.697
4,11,0.947,3.416
4,11,0.455,1.872
4,11,1.138,3.495
4,11,0.325,1.297
4,11,0.612,1.661
4,11,0.844,3.059
4,11,0.844,4.709
4,11,0.755,2.475
4,11,1.038,3.059
4,11,1.956,6.308
4,11,0.749,2.697
4,11,0.237,1.218
4,11,0.05,0.289
4,11,1.127,3.048
4,11,0.757,2.966
4,12,0.7,2.574
4,12,0.937,3.316
4,12,0.663,1.814
4,12,0.857,3.625
4,12,0.876,3.316
4,12,0.811,3.846
4,12,0.713,3.557
4,12,1.136,4.597
4,12,0.011,0.084
4,12,0.41,2.285
4,12,1.227,4.305
4,12,0.961,3.4
4,12,1.031,3.592
4,12,0.043,0.245
4,12,0.985,3.077
4,12,0.945,2.825
4,12,0.666,2.574
4,12,0.856,2.867
4,12,0.99,3.625
4,12,0.887,3.358
4,12,1.316,3.447
4,12,1.229,3.997
4,12,0.887,2.543
4,12,1.073,3.48
4,12,1.023,3.117
4,12,0.493,2.059
4,12,0.248,1.002
4,12,1.185,4.878
4,12,0.386,1.417
4,12,0.922,3.442
4,12,1.512,4.92
4,12,0.434,2.051
4,12,1.082,3.48
4,12,0.503,2.128
4,13,0.611,3.184
4,13,0.866,2.969
4,13,1.818,5.795
4,13,0.015,0.163
4,13,0.496,1.902
4,13,0.776,3.237
4,13,0.675,2.201
4,13,1.168,4.172
4,13,0.447,1.797
4,13,0.143,0.637
4,13,1.08,4.493
4,13,1.39,4.754
4,13,1.331,4.418
4,13,0.666,2.902
4,13,0.017,0.159
4,13,1.52,4.432
4,13,1.528,4.418
4,13,0.413,1.66
4,13,0.791,2.876
4,13,0.824,3.112
4,13,1.42,4.493
4,13,0.844,3.673
4,13,1.736,6.282
4,13,0.89,3.684
4,13,1.04,3.756
4,13,0.788,2.992
4,13,1.276,4.82
4,13,1.312,3.971
4,13,0.738,2.629
4,13,1.121,3.283
4,13,0.589,2.148
4,13,0.698,2.992
4,13,0.692,2.909
4,13,0.673,1.714
4,14,0.357,1.908
4,14,0.538,2.034
4,14,0.549,1.551
4,14,1.207,4.238
4,14,0.038,0.359
4,14,0.795,3.568
4,14,1.033,3.14
4,14,0.395,3.378
4,14,0.526,1.846
4,14,0.679,3.128
4,14,0.537,2.835
4,14,0.862,3.622
4,14,0.791,3.341
4,14,1.007,3.246
4,14,0.221,0.683
4,14,0.266,1.828
4,14,0.694,2.649
4,14,0.704,2.166
4,14,0.824,2.723
4,14,0.581,2.721
4,14,0.585,2.283
4,14,1.243,4.629
4,14,0.964,3.205
4,14,1.687,6.439
4,14,0.663,2.927
4,14,0.193,1.148
4,14,0.592,2.795
4,14,0.828,2.844
4,15,0.846,3.774
4,15,0.731,2.962
4,15,1.311,4.824
4,15,1.794,6.41
4,15,0.89,4.584
4,15,0.653,2.597
4,15,0.909,3.168
4,15,1.139,4.021
4,15,0.394,1.348
4,15,0.599,4.336
4,15,0.816,2.167
4,15,0.561,3.168
4,15,1.194,4.501
4,15,0.939,3.611
4,15,0.637,2.715
4,15,0.842,3.413
4,15,0.96,3.168
4,15,0.928,3.335
4,15,0.211,1.676
4,15,1.213,3.487
4,15,1.75,6.296
4,15,0.492,3.168
4,15,0.806,3.399
4,15,0.714,2.637
4,15,0.885,3.358
4,15,0.488,2.473
4,15,0.875,3.691
4,15,0.83,3.148
4,15,0.847,3.236
4,15,1.097,3.928
4,15,1.272,4.104
4,15,0.781,4.184
4,15,0.423,1.912
4,15,1.106,3.561
4,15,0.699,3.691
4,15,0.684,2.391
4,15,0.779,2.476
4,15,0.092,0.647
4,15,1.157,3.611
4,16,1.036,4.497
4,16,0.322,0.609
4,16,0.494,2.885
4,16,0.55,2.806
4,16,0.2,1.29
4,16,0.959,3.38
4,16,0.696,2.7
4,16,0.463,1.818
4,16,0.791,2.978
4,16,0.905,2.781
4,16,0.635,2.733
4,16,0.969,3.944
4,16,0.269,2.373
4,16,0.656,3.134
4,16,0.344,1.332
4,16,0.008,0.323
4,16,0.024,0.169
4,16,0.759,4.19
4,16,0.903,4.319
4,16,0.829,4.683
4,16,0.688,3.461
4,16,1.73,6.267
4,16,0.572,2.299
4,16,1.036,2.977
4,16,1.887,6.217
4,16,0.058,0.242
4,16,0.427,2.612
4,17,0.555,3.502
4,17,0.593,2.276
4,17,0.544,2.921
4,17,1.023,3.242
4,17,0.17,1.838
4,17,0.209,0.408
4,17,0.821,2.693
4,17,0.862,2.693
4,17,0.528,2.416
4,17,1.186,5.146
4,17,0.481,2.979
4,17,0.109,0.763
4,17,0.272,1.746
4,17,0.345,1.335
4,17,0.248,1.328
4,17,1.051,3.05
4,17,0.963,2.448
4,17,0.712,3.257
4,17,0.4,2.221
4,17,0.973,3.821
4,17,0.318,0.771
4,17,0.841,2.559
4,17,0.971,2.996
4,17,0.524,2.277
4,17,1.929,5.705
4,18,0.928,3.695
4,18,0.644,2.64
4,18,1.398,4.35
4,18,0.535,2.64
4,18,0.536,2.404
4,18,0.277,1.422
4,18,0.617,2.486
4,18,1.873,5.772
4,18,1.639,5.218
4,18,0.663,2.277
4,18,1.314,5.73
4,18,0.457,1.949
4,18,0.094,0.467
4,18,1.151,4.094
4,18,0.876,2.831
4,18,0.744,2.687
4,18,0.05,0.232
4,18,0.477,2.134
4,18,1.804,6.027
4,18,1.209,3.695
4,18,1.482,4.35
4,18,0.434,1.242
4,18,1.364,4.588
4,18,0.829,2.559
4,18,0.497,1.766
4,18,0.1,0.517
4,19,0.324,3.2
4,19,0.172,0.957
4,19,0.911,3.861
4,19,0.619,3.011
4,19,0.623,4.079
4,19,1.097,4.438
4,19,1,3.4
4,19,0.874,3.4
4,19,0.65,1.933
4,19,0.821,4.681
4,19,0.852,3.062
4,19,0.557,3.284
4,19,0.112,0.975
4,19,1.28,4.097
4,19,1.489,5.719
4,19,0.628,2.564
4,19,0.171,1.46
4,19,0.627,3.296
4,19,0.408,1.525
4,19,0.861,3.129
4,19,0.72,2.675
4,19,0.739,2.068
4,19,0.358,1.133
4,19,0.821,3.352
4,19,1.265,5.052
4,19,0.855,2.732
4,19,1.126,4.644
4,19,0.558,2.193
4,19,0.925,2.928
4,19,1.081,3.4
4,19,0.859,2.802
4,19,0.92,3.129
4,20,0.565,2.883
4,20,0.62,3.305
4,20,0.417,2.313
4,20,0.01,0.145
4,20,0.63,2.088
4,20,0.077,0.323
4,20,0.571,3.16
4,20,0.482,1.943
4,20,1.388,4.561
4,20,1.334,4.49
4,20,0.665,3.401
4,20,0.019,0.189
4,20,0.542,1.89
4,20,0.546,2.907
4,20,0.852,3.305
4,20,0.679,2.502
4,20,1.307,4.739
4,20,0.343,1.722
4,20,0.131,0.464
4,20,1.098,3.56
4,20,1.718,5.798
4,20,0.381,0.759
4,20,0.019,0.145
4,20,0.34,1.524
4,20,0.02,0.082
4,20,1.118,4.188
4,20,0.875,2.998
4,20,0.09,0.345
4,21,1.13,4.934
4,21,0.628,2.812
4,21,0.469,2.306
4,21,0.582,1.716
4,21,0.297,2.143
4,21,0.758,2.754
4,21,0.638,2.201
4,21,0.558,2.637
4,21,1.08,3.682
4,21,0.297,1.279
4,21,1.49,4.462
4,21,1.164,4.659
4,21,0.545,2.306
4,21,0.702,2.918
4,21,0.813,2.754
4,21,0.677,3.043
4,21,1.18,5.236
4,21,0.614,2.577
4,21,0.946,3.394
4,21,1.003,4.447
4,21,0.518,1.785
4,21,0.909,2.952
4,21,0.616,2.679
4,21,0.92,2.907
4,21,0.74,2.522
4,21,1.573,5.253
4,21,0.493,2.178
4,21,0.672,3.116
4,21,0.127,0.89
4,21,0.698,2.993
4,22,0.13,0.726
4,22,0.949,3.669
4,22,0.578,3.06
4,22,1.082,5.489
4,22,1.262,4.578
4,22,0.561,2.001
4,22,1.305,3.952
4,22,0.452,2.358
4,22,0.81,2.898
4,22,0.685,2.967
4,22,0.077,0.364
4,22,1.29,4.94
4,22,0.809,2.898
4,22,0.632,2.967
4,22,0.82,3.38
4,22,0.524,2.17
4,22,0.383,1.751
4,22,0.032,0.125
4,22,0.072,0.272
4,22,1.368,3.623
4,22,1.117,3.426
4,22,0.469,1.511
4,22,0.133,0.594
4,23,0.419,0.978
4,23,0.665,2.488
4,23,0.027,0.246
4,23,1.114,5.328
4,23,0.757,3.454
4,23,1.133,4.925
4,23,0.568,1.796
4,23,0.743,3.062
4,23,1.108,4.236
4,23,1.233,4.066
4,23,0.955,3.827
4,23,0.569,2.366
4,23,0.497,1.29
4,23,0.278,0.978
4,23,0.729,2.735
4,23,0.067,0.25
4,23,0.825,3.58
4,23,0.884,2.81
4,23,0.724,3.005
4,23,1.318,3.614
4,23,0.595,2.559
4,23,0.177,1.143
4,23,0.454,1.796
4,23,1.647,5.328
4,23,0.024,0.127
4,23,1.987,6.268
4,23,0.79,2.597
4,23,1.299,4.844
4,23,0.435,1.097
4,23,0.67,2.612
4,23,0.702,2.86
4,23,1.882,6.074
4,23,0.905,3.743
4,24,0.448,2.498
4,24,1.144,4.134
4,24,0.568,3.656
4,24,0.863,3.334
4,24,0.403,1.368
4,24,0.75,2.214
4,24,0.691,3.173
4,24,0.123,0.966
4,24,0.901,3.782
4,24,0.903,4.428
4,24,0.597,1.776
4,24,1.03,3.166
4,24,0.02,0.082
4,24,1.404,5.424
4,24,0.572,2.558
4,24,0.958,3.624
4,24,0.068,0.201
4,24,1.806,5.744
4,24,0.254,0.846
4,24,0.09,0.643
4,24,0.024,0.163
4,24,1.11,3.614
4,24,0.623,2.376
4,24,0.055,0.282
4,24,1.235,4.264
4,24,1.269,4.187
4,24,0.033,0.281
4,24,0.831,2.387
4,24,0.903,2.893
4,24,0.32,1.368
4,24,0.898,3.077
4,24,0.561,2.132
4,25,0.123,0.669
4,25,0.058,0.618
4,25,0.655,3.79
4,25,0.638,1.689
4,25,0.797,3.268
4,25,0.262,1.534
4,25,0.872,3.589
4,25,0.012,0.181
4,25,0.407,1.689
4,25,0.636,1.699
4,25,0.854,3.117
4,25,0.13,0.717
4,25,0.44,1.311
4,25,0.504,2.014
4,25,0.853,2.827
4,25,0.262,2.296
4,25,0.496,2.395
4,25,0.988,3.438
4,25,0.584,4.003
4,25,1.004,4.57
4,25,0.897,4.413
4,25,0.998,3.643
4,25,0.049,0.318
4,25,0.62,2.745
4,25,0.695,2.014
4,25,0.569,2.745
4,25,0.374,3.438
4,25,0.748,3.148
4,25,0.969,4.736
4,25,0.419,1.689
4,25,1.009,3.722
4,25,0.766,1.852
4,25,0.132,0.559
4,26,0.453,3.04
4,26,0.458,2.96
4,26,0.529,2.478
4,26,0.165,0.854
4,26,0.751,2.802
4,26,1.249,5.356
4,26,0.859,3.944
4,26,1.467,4.701
4,26,0.876,3.634
4,26,0.207,1.175
4,26,0.186,1.344
4,26,0.754,2.326
4,26,0.055,0.163
4,26,2.035,5.297
4,26,1.023,3.361
4,26,1.141,3.681
4,26,0.233,1.054
4,26,0.573,2.024
4,26,1.948,5.673
4,26,0.459,2.178
4,26,0.617,2.121
4,26,0.01,0.126
4,26,0.8,2.596
4,26,0.356,1.872
4,27,0.67,2.381
4,27,0.031,0.123
4,27,0.352,2.661
4,27,0.211,1.543
4,27,0.103,0.36
4,27,0.637,2.778
4,27,0.548,3.433
4,27,0.904,3.39
4,27,0.019,0.08
4,27,0.413,2.188
4,27,0.829,3.39
4,27,0.468,2.417
4,27,0.257,0.682
4,27,0.743,2.863
4,27,0.154,0.974
4,27,0.872,2.907
4,27,0.245,0.974
4,27,1.883,5.628
4,27,0.364,2.355
4,27,1.078,3.348
4,27,0.711,2.778
4,27,1.864,5.261
4,27,0.544,2.509
4,27,0.141,0.639
4,27,0.912,3.868
4,27,0.901,2.863
4,27,0.623,3.143
4,27,0.387,2.949
4,27,0.995,3.797
4,27,0.05,0.243
4,27,1.49,5.868
4,27,0.048,0.238
4,27,2.479,8.825
4,27,1.503,4.653
4,28,0.116,1.067
4,28,0.471,2.074
4,28,0.7,3.117
4,28,0.407,2.203
4,28,0.983,4.885
4,28,0.536,3.548
4,28,0.669,2.808
4,28,0.56,3.548
4,28,0.359,1.608
4,28,0.786,2.808
4,28,1.668,5.095
4,28,0.203,1.035
4,28,0.665,2.358
4,28,0.128,0.719
4,28,0.196,0.792
4,28,0.059,0.264
4,28,0.412,1.608
4,28,0.57,2.074
4,28,0.602,2.888
4,28,0.558,3.593
4,28,1.657,4.935
4,28,0.296,1.68
4,28,0.913,3.592
4,28,0.554,2.354
4,28,0.041,0.588
4,28,0.9,3.601
4,28,0.016,0.143
4,29,0.049,0.122
4,29,0.012,0.122
4,29,0.663,3.468
4,29,0.01,0.119
4,29,0.449,4.428
4,29,0.343,1.681
4,29,0.716,3.739
4,29,0.594,2.858
4,29,0.414,2.702
4,29,0.65,2.936
4,29,0.578,2.543
4,29,0.11,0.688
4,29,0.906,4.075
4,29,0.937,3.259
4,29,0.583,2.852
4,29,0.811,3.906
4,29,0.063,0.368
4,29,0.796,2.492
4,29,0.049,0.238
4,29,0.157,0.847
4,29,0.014,0.285
4,29,1.963,5.599
4,29,0.085,0.612
4,29,0.268,1.491
4,29,0.582,1.84
4,29,1.669,5.523
4,29,1.515,4.959
4,29,0.37,1.372
4,29,0.74,2.543
4,30,0.515,2.61
4,30,0.938,3.615
4,30,0.113,0.734
4,30,0.759,3.498
4,30,0.015,0.125
4,30,0.336,1.457
4,30,0.901,3.98
4,30,0.266,1.047
4,30,0.9,3.698
4,30,0.351,2.206
4,30,0.069,0.365
4,30,0.126,0.325
4,30,0.021,0.166
4,30,0.734,3.98
4,30,1.106,3.94
4,30,0.787,2.735
4,30,1.236,4.496
4,30,0.791,2.777
4,30,0.408,1.776
4,30,0.733,4.127
4,30,0.273,1.374
4,30,0.76,2.855
4,30,0.862,2.937
4,30,1.476,6.613
4,30,0.782,2.892
4,30,0.894,2.613
5,1,1.959,5.543
5,1,0.782,2.57
5,1,2.085,6.022
5,1,1.714,5.703
5,1,1.257,3.814
5,1,0.578,1.568
5,1,1.326,3.814
5,1,1.358,4.618
5,1,0.434,0.803
5,1,0.271,0.918
5,1,1.754,6.867
5,1,0.729,1.966
5,1,1.384,4.217
5,1,1.742,5.302
5,1,0.464,0.923
5,1,0.724,1.848
5,1,2.17,6.988
5,1,0.039,0.115
5,1,2.178,6.867
5,1,1.549,4.139
5,1,1.599,4.86
5,1,2.32,8.555
5,1,1.244,3.174
5,1,1.823,5.543
5,1,2.528,7.271
5,1,2.053,6.385
5,1,0.533,1.044
5,1,1.228,3.854
5,2,1.192,4.138
5,2,0.056,0.242
5,2,1.529,4.059
5,2,1.027,4.419
5,2,1.7,4.982
5,2,1.675,4.7
5,2,1.777,5.544
5,2,1.88,6.749
5,2,1.643,6.509
5,2,1.668,4.701
5,2,1.33,4.417
5,2,1.753,4.86
5,2,1.345,4.175
5,2,1.767,4.901
5,2,1.052,3.015
5,2,1.68,4.417
5,2,1.128,4.86
5,2,1.649,4.778
5,2,1.247,3.89
5,2,1.361,3.94
5,2,1.164,3.373
5,2,0.996,2.771
5,2,2.019,5.583
5,2,1.389,4.782
5,2,1.285,3.971
5,3,1.526,4.617
5,3,1.398,3.733
5,3,0.518,2.248
5,3,0.973,3.091
5,3,1.835,5.944
5,3,1.212,3.815
5,3,1.708,4.427
5,3,1.99,5.139
5,3,1.776,5.262
5,3,1.227,3.486
5,3,2.079,5.623
5,3,2.097,8.153
5,3,1.04,2.932
5,3,1.197,3.287
5,3,1.371,4.658
5,3,1.166,3.855
5,3,1.146,3.251
5,3,1.403,4.499
5,3,2.022,5.501
5,3,1.014,3.013
5,3,1.029,2.652
5,3,0.774,2.087
5,3,1.059,2.965
5,3,0.767,1.643
5,3,0.538,1.927
5,3,1.136,4.096
5,3,0.715,2.246
5,3,1.091,2.609
5,4,1.648,4.528
5,4,1.487,5.258
5,4,1.615,4.256
5,4,1.032,3.173
5,4,1.666,4.254
5,4,1.321,3.975
5,4,1.662,4.095
5,4,1.784,5.899
5,4,1.112,3.531
5,4,0.859,2.046
5,4,1.101,3.134
5,4,0.049,0.278
5,4,0.015,0.079
5,4,1.692,8.512
5,4,1.457,4.781
5,4,1.058,2.568
5,4,1.514,4.055
5,4,1.116,2.965
5,4,0.075,0.48
5,4,1.012,2.81
5,4,1.742,4.939
5,4,1.576,4.454
5,4,1.032,3.211
5,4,1.289,3.733
5,5,0.533,1.086
5,5,1.034,4.576
5,5,1.317,3.536
5,5,1.646,4.736
5,5,1.338,3.979
5,5,0.766,1.85
5,5,0.729,2.733
5,5,0.23,0.724
5,5,1.612,5.101
5,5,0.825,2.531
5,5,1.566,4.138
5,5,1.07,3.337
5,5,0.852,2.492
5,5,0.625,2.366
5,5,0.677,1.689
5,5,0.881,2.811
5,5,1.436,4.658
5,5,1.972,5.384
5,5,1.175,3.777
5,5,1.059,3.209
5,5,1.451,3.938
5,5,0.345,0.885
5,5,0.398,1.605
5,5,1.24,3.455
5,5,1.696,5.342
5,5,1.52,4.695
5,5,0.724,3.174
5,5,0.907,2.853
5,6,0.845,3.175
5,6,1.223,3.735
5,6,1.345,3.777
5,6,1.292,4.057
5,6,1.555,4.457
5,6,1.367,3.616
5,6,1.403,4.34
5,6,1.5,4.264
5,6,0.97,3.264
5,6,1.569,4.019
5,6,1.164,4.178
5,6,0.717,2.055
5,6,1.335,3.821
5,6,0.913,2.932
5,6,1.619,4.861
5,6,1.242,3.293
5,6,0.988,3.264
5,6,1.119,3.656
5,6,0.365,1.128
5,6,1.358,3.777
5,6,1.125,3.817
5,6,1.009,3.215
5,6,1.843,4.942
5,6,0.993,3.697
5,6,0.086,0.356
5,6,1.419,4.065
5,6,0.054,0.201
5,6,1.166,3.374
5,6,0.9,3.293
5,6,1.144,3.132
5,6,1.575,4.419
5,6,1.604,4.459
5,6,0.91,2.974
5,6,0.975,3.092
5,6,0.021,0.121
5,7,0.267,2.255
5,7,1.139,3.867
5,7,1.236,3.381
5,7,0.768,3.01
5,7,0.647,1.777
5,7,1.415,5.27
5,7,1.148,2.98
5,7,0.892,2.656
5,7,0.054,0.246
5,7,1.492,4.988
5,7,1.222,3.741
5,7,1.141,3.1
5,7,0.626,2.213
5,7,1.393,3.381
5,7,1.187,3.38
5,7,1.477,4.383
5,7,0.606,1.299
5,7,1.074,3.3
5,7,1.186,4.146
5,7,0.643,2.578
5,7,0.405,1.489
5,7,0.798,2.178
5,8,1.188,4.088
5,8,0.636,2.532
5,8,0.05,0.448
5,8,1.29,3.742
5,8,1.425,3.856
5,8,0.485,1.687
5,8,1.935,5.188
5,8,1.28,4.907
5,8,1.203,3.862
5,8,0.641,2.375
5,8,1.173,3.655
5,8,1.61,3.782
5,8,0.614,1.776
5,8,0.266,0.971
5,8,1.668,4.86
5,8,1.065,4.304
5,8,1.214,3.54
5,8,1.888,5.703
5,8,1.47,4.183
5,8,0.637,2.133
5,8,0.015,0.087
5,8,1.317,4.907
5,8,1.077,3.501
5,8,0.615,1.974
5,8,1.165,3.1
5,8,1.328,3.534
5,8,0.667,1.372
5,8,1.624,4.826
5,8,1.243,3.782
5,8,1.996,5.389
5,8,0.666,2.82
5,8,1.323,4.304
5,8,1.194,4.297
5,8,1.236,3.578
5,9,0.679,2.896
5,9,1.29,3.536
5,9,0.982,2.934
5,9,1.369,3.615
5,9,0.019,0.122
5,9,1.874,8.676
5,9,0.653,2.129
5,9,1.717,5.265
5,9,1.981,5.504
5,9,1.128,3.615
5,9,1.427,4.98
5,9,1.728,4.622
5,9,1.746,4.823
5,9,0.649,1.65
5,9,0.979,3.414
5,9,1.136,2.654
5,9,0.394,1.449
5,9,0.87,2.249
5,9,0.795,2.33
5,9,0.581,2.05
5,9,1.129,3.576
5,9,0.121,0.16
5,9,1.067,2.812
5,9,0.088,0.402
5,9,0.429,2.291
5,9,0.057,0.644
5,9,1.378,4.113
5,9,0.055,0.16
5,9,1.569,4.939
5,9,0.529,1.769
5,9,0.022,0.122
5,9,1.247,3.614
5,10,0.679,2.572
5,10,0.094,0.202
5,10,0.796,2.614
5,10,1.819,4.723
5,10,0.895,2.734
5,10,1.267,3.575
5,10,1.396,4.298
5,10,0.968,2.852
5,10,0.093,0.202
5,10,0.718,2.048
5,10,1.38,4.42
5,10,0.946,3.221
5,10,0.244,2.694
5,10,1.148,5.006
5,10,0.325,1.528
5,10,1.716,4.499
5,10,0.009,0.083
5,10,1.192,3.537
5,10,1.19,3.533
5,10,1.023,3.895
5,10,0.268,1.125
5,10,0.864,2.775
5,10,0.867,3.615
5,10,1.141,3.739
5,10,0.711,2.211
5,10,0.231,1.164
5,10,1.502,4.332
5,10,1.502,3.981
5,11,0.368,1.728
5,11,0.916,2.733
5,11,0.027,0.119
5,11,1.001,3.658
5,11,0.657,3.014
5,11,0.94,2.768
5,11,1.57,4.499
5,11,1.099,3.052
5,11,1.63,4.38
5,11,0.974,3.335
5,11,0.693,2.452
5,11,0.997,3.578
5,11,0.861,2.327
5,11,0.828,3.095
5,11,1.049,3.295
5,11,0.019,0.081
5,11,0.905,3.295
5,11,0.014,0.081
5,11,1.543,4.096
5,11,0.048,0.239
5,11,1.065,3.295
5,11,0.029,0.318
5,11,0.476,2.127
5,11,0.843,2.492
5,11,1.5,4.378
5,11,1.056,3.496
5,11,0.609,1.85
5,11,1.896,5.498
5,11,1.601,4.821
5,11,1.785,4.7
5,11,0.855,2.127
5,12,0.029,0.16
5,12,0.799,2.529
5,12,0.694,2.772
5,12,1.264,3.933
5,12,1.264,3.978
5,12,1.175,3.656
5,12,0.854,2.772
5,12,1.362,4.709
5,12,2.133,5.462
5,12,0.705,2.89
5,12,0.522,1.968
5,12,1.059,4.096
5,12,1.586,4.902
5,12,0.789,2.649
5,12,1.24,3.254
5,12,1.392,3.776
5,12,0.861,3.575
5,12,1.183,4.018
5,12,0.073,0.24
5,12,1.174,3.616
5,12,0.387,0.806
5,12,0.945,3.656
5,12,0.166,0.364
5,12,1.015,3.492
5,12,1.428,3.776
5,12,0.812,2.89
5,12,1.03,3.421
5,12,0.596,1.889
5,12,0.078,0.558
5,12,0.432,1.401
5,12,0.639,2.653
5,12,0.012,0.079
5,13,0.029,0.121
5,13,1.305,3.817
5,13,0.027,0.166
5,13,1.745,4.823
5,13,1.292,3.775
5,13,1.207,4.341
5,13,1.576,5.221
5,13,0.114,0.407
5,13,0.52,1.486
5,13,1.29,3.254
5,13,0.447,1.407
5,13,0.893,2.45
5,13,0.013,0.121
5,13,0.333,1.163
5,13,0.589,1.371
5,13,0.409,1.407
5,13,0.508,3.012
5,13,0.429,1.926
5,13,0.011,0.082
5,13,0.021,0.159
5,13,0.945,3.272
5,13,0.902,2.45
5,13,0.63,2.365
5,13,0.969,3.895
5,13,0.008,0.121
5,13,1.879,5.347
5,13,0.082,0.344
5,13,1.137,3.333
5,13,0.852,2.772
5,13,0.491,1.245
5,13,0.32,1.847
5,13,0.736,3.333
5,13,1.601,4.659
5,13,1.156,3.534
5,13,0.479,1.326
5,13,1.438,4.578
5,13,0.976,3.736
5,14,0.032,0.2
5,14,1.201,3.012
5,14,0.706,2.49
5,14,0.012,0.081
5,14,1.26,4.057
5,14,0.136,0.36
5,14,0.855,3.217
5,14,0.645,2.45
5,14,1.907,6.105
5,14,0.636,1.841
5,14,1.166,3.293
5,14,0.942,2.328
5,14,1.406,4.451
5,14,0.751,2.849
5,14,1.028,3.814
5,14,1.664,5.221
5,14,0.801,2.409
5,14,1.459,4.177
5,14,0.89,2.606
5,14,0.566,2.103
5,14,1.138,4.661
5,14,1.241,3.858
5,14,0.833,3.372
5,14,0.7,2.409
5,14,1.064,3.497
5,14,1.426,4.94
5,14,0.01,0.12
5,14,0.038,0.083
5,14,1.597,4.74
5,14,1.051,3.409
5,14,0.91,3.534
5,14,1.028,3.095
5,14,1.354,3.814
5,14,2.054,6.267
5,14,0.75,2.851
5,14,0.87,2.933
5,14,0.921,2.692
5,14,1.085,3.377
5,14,1.262,3.899
5,14,0.612,2.651
5,15,1.203,4.017
5,15,1.707,4.941
5,15,0.757,2.491
5,15,1.02,3.488
5,15,0.737,2.652
5,15,0.742,2.01
5,15,0.593,2.161
5,15,1.139,3.657
5,15,1.204,3.936
5,15,0.954,3.409
5,15,0.818,2.851
5,15,1.518,4.218
5,15,0.817,2.973
5,15,1.493,4.298
5,15,0.138,0.561
5,15,0.88,2.611
5,15,1.016,3.655
5,15,1.108,3.333
5,15,1.169,3.209
5,15,1.043,3.488
5,15,1.545,5.422
5,15,0.935,3.692
5,15,1.393,4.298
5,15,0.399,0.925
5,15,1.262,3.453
5,15,0.581,2.285
5,15,0.607,2.892
5,15,0.873,2.975
5,15,1.46,4.017
5,15,0.865,3.133
5,15,0.818,3.374
5,15,0.958,2.933
5,15,0.888,2.933
5,15,0.448,1.245
5,15,0.768,2.774
5,16,1.218,2.933
5,16,0.369,1.243
5,16,0.767,2.77
5,16,0.787,3.411
5,16,1.398,4.417
5,16,0.086,0.401
5,16,0.789,2.77
5,16,1.15,3.976
5,16,1.49,4.015
5,16,1.781,5.181
5,16,0.026,0.161
5,16,1.278,4.015
5,16,1.579,4.457
5,16,1.126,3.736
5,16,0.851,2.41
5,16,1.001,2.893
5,16,0.491,1.766
5,16,1.05,3.776
5,16,1.314,4.138
5,16,1.238,4.251
5,16,0.35,2.329
5,16,0.368,0.842
5,16,0.119,0.722
5,16,1.141,3.011
5,16,1.376,4.538
5,16,1.748,4.497
5,16,1.321,3.733
5,16,1.215,3.408
5,16,0.474,1.082
5,16,0.011,0.121
5,16,1.137,3.656
5,16,0.09,0.923
5,16,1.15,4.089
5,16,0.683,2.41
5,16,0.161,0.565
5,16,1.172,3.779
5,16,0.041,0.161
5,16,0.511,1.522
5,16,0.81,3.494
5,16,0.594,2.21
5,17,1.387,3.448
5,17,0.898,3.054
5,17,1.207,3.407
5,17,1.311,4.296
5,17,0.775,2.411
5,17,0.342,0.965
5,17,1.923,6.471
5,17,0.865,3.252
5,17,0.506,2.448
5,17,0.127,0.562
5,17,1.987,5.299
5,17,0.606,2.329
5,17,0.349,1.004
5,17,0.095,0.602
5,17,0.089,0.279
5,17,1.307,3.695
5,17,1.399,3.774
5,17,1.792,4.98
5,17,0.378,2.088
5,17,0.744,3.051
5,17,1.733,4.698
5,17,1.057,3.333
5,17,0.156,0.521
5,17,1.532,4.698
5,17,0.764,3.333
5,17,1.253,3.815
5,17,0.886,3.333
5,17,0.427,3.292
5,17,0.664,2.325
5,17,0.028,0.161
5,17,1.354,3.534
5,17,1.004,3.902
5,17,1.13,5.181
5,17,0.95,3.252
5,17,1.017,3.407
5,18,1.718,4.579
5,18,1.328,3.856
5,18,0.509,2.569
5,18,0.136,0.726
5,18,0.738,2.368
5,18,0.984,3.496
5,18,0.258,1.007
5,18,0.66,2.566
5,18,0.494,1.808
5,18,0.974,3.538
5,18,0.82,3.211
5,18,1.339,5.423
5,18,0.02,0.084
5,18,1.067,3.577
5,18,0.982,2.652
5,18,2.29,6.467
5,18,1.168,3.373
5,18,0.905,3.133
5,18,1.078,4.13
5,18,1.043,3.053
5,18,0.31,1.043
5,18,1.047,3.733
5,18,1.289,3.935
5,18,1.938,6.426
5,18,0.25,0.805
5,18,0.166,0.806
5,18,0.921,3.093
5,18,1.772,4.981
5,18,1.222,3.092
5,18,0.099,0.526
5,18,1.256,3.815
5,18,0.725,1.367
5,18,1.255,3.737
5,18,1.084,3.537
5,18,1.486,4.016
5,18,0.226,0.803
5,18,1.205,4.055
5,18,0.974,4.216
5,18,1.292,4.699
5,19,1.747,4.821
5,19,1.009,2.934
5,19,0.027,0.404
5,19,0.703,2.498
5,19,1.08,3.54
5,19,0.623,2.899
5,19,0.074,0.406
5,19,0.763,2.376
5,19,0.989,3.499
5,19,1.439,5.101
5,19,0.706,2.255
5,19,1.191,4.016
5,19,0.957,2.817
5,19,0.394,1.532
5,19,1.207,3.02
5,19,2.753,8.642
5,19,0.965,3.54
5,19,0.173,1.657
5,19,1.113,4.659
5,19,0.035,0.127
5,19,0.117,0.488
5,19,1.203,3.928
5,19,0.01,0.127
5,19,0.835,3.621
5,19,1.408,4.746
5,19,1.616,3.893
5,19,0.891,3.019
5,19,1.167,4.423
5,19,0.523,1.488
5,19,0.642,2.417
5,19,0.015,0.08
5,19,1.243,4.222
5,19,0.745,2.46
5,19,1.261,3.82
5,19,1.84,6.425
5,19,0.117,0.488
5,20,0.302,1.025
5,20,0.547,1.587
5,20,1.206,4.076
5,20,1.749,6.366
5,20,1.093,3.357
5,20,0.078,0.323
5,20,1.082,3.479
5,20,0.95,2.589
5,20,0.666,1.944
5,20,0.187,1.085
5,20,1.656,5.712
5,20,0.602,3.172
5,20,1.308,4.036
5,20,1.244,3.997
5,20,1.249,3.757
5,20,0.845,2.712
5,20,1.715,5.116
5,20,1.97,6.125
5,20,0.839,2.789
5,20,0.141,0.865
5,20,0.93,2.991
5,20,1.227,3.676
5,20,0.61,2.389
5,20,0.834,2.732
5,20,0.236,1.145
5,20,0.912,2.953
5,20,1.124,3.797
5,20,1.114,4.236
5,20,1.327,4.879
5,21,1.685,4.256
5,21,1.145,3.533
5,21,0.585,3.856
5,21,1.498,4.698
5,21,1.621,4.859
5,21,1.788,5.379
5,21,1.559,4.536
5,21,0.065,0.322
5,21,0.444,1.8
5,21,2.025,5.745
5,21,0.83,2.771
5,21,1.68,5.902
5,21,1.227,3.574
5,21,0.849,2.73
5,21,0.083,0.401
5,21,0.677,2.81
5,21,0.722,2.769
5,21,0.219,0.957
5,21,0.147,0.405
5,21,2.172,6.624
5,21,1.898,5.172
5,21,0.631,2.73
5,21,1.933,5.34
5,21,1.411,4.055
5,21,0.843,2.731
5,21,0.977,3.171
5,21,0.706,2.409
5,21,0.82,2.569
5,21,0.01,0.116
5,21,0.744,2.848
5,21,1.252,3.372
5,21,0.126,0.444
5,21,1.201,3.131
5,21,1.525,4.497
5,21,1.59,4.372
5,21,0.664,2.53
5,21,0.999,3.375
5,21,0.043,0.401
5,21,0.954,2.848
5,21,0.982,3.215
5,22,0.084,0.242
5,22,0.017,0.122
5,22,0.982,3.211
5,22,0.844,3.053
5,22,0.52,2.168
5,22,0.666,1.726
5,22,0.523,1.608
5,22,2.152,6.145
5,22,2.015,5.943
5,22,0.827,2.611
5,22,0.257,1.084
5,22,0.891,3.494
5,22,0.365,1.206
5,22,0.375,1.646
5,22,0.084,0.442
5,22,0.283,0.805
5,22,1.301,4.097
5,22,1.696,4.939
5,22,1.18,4.056
5,22,1.049,3.376
5,22,1.125,3.175
5,22,0.744,3.22
5,22,0.995,3.252
5,22,1.251,4.056
5,22,0.568,1.409
5,22,1.576,5.462
5,22,0.956,3.552
5,22,1.316,3.892
5,22,1.109,3.58
5,22,0.991,3.615
5,22,0.04,0.242
5,22,0.058,0.563
5,22,0.662,2.806
5,22,0.548,2.692
5,22,0.621,2.604
5,22,1.331,3.453
5,23,1.748,5.34
5,23,0.804,2.884
5,23,1.158,3.858
5,23,0.99,2.731
5,23,1.393,3.974
5,23,1.002,2.884
5,23,0.987,2.649
5,23,0.392,2.006
5,23,0.834,3.05
5,23,0.836,2.931
5,23,1.755,5.179
5,23,1.251,5.099
5,23,1.968,5.628
5,23,0.067,0.2
5,23,0.316,1.686
5,23,0.895,3.614
5,23,1.096,3.858
5,23,0.683,2.61
5,23,1.556,4.334
5,23,0.824,2.97
5,23,1.18,3.291
5,23,0.059,0.32
5,23,1.101,3.574
5,23,0.684,2.53
5,23,1.061,3.858
5,23,1.615,5.264
5,23,2.317,8.391
5,24,0.822,3.052
5,24,1.579,4.217
5,24,1.161,3.535
5,24,0.367,0.842
5,24,0.62,2.57
5,24,0.657,1.888
5,24,0.09,0.402
5,24,0.832,3.133
5,24,0.711,3.211
5,24,1.19,4.055
5,24,1.346,4.699
5,24,1.001,3.855
5,24,0.255,1.687
5,24,0.567,2.05
5,24,0.023,0.082
5,24,1.711,5.259
5,24,1.033,3.735
5,24,1.264,5.179
5,24,0.049,0.24
5,24,0.037,0.2
5,24,0.718,2.291
5,24,1.018,3.535
5,24,1.117,3.575
5,24,0.674,3.091
5,24,0.9,4.459
5,24,1.651,4.62
5,24,0.643,2.169
5,24,0.045,0.2
5,24,0.038,0.123
5,24,1.377,4.459
5,24,1.184,3.817
5,24,1.199,3.692
5,24,0.01,0.084
5,24,2.171,7.872
5,24,0.061,0.283
5,24,0.049,0.2
5,25,0.787,3.535
5,25,1.2,3.455
5,25,0.889,2.49
5,25,1.333,4.176
5,25,1.001,3.254
5,25,1.711,5.382
5,25,1.202,3.696
5,25,0.861,3.092
5,25,1.032,3.613
5,25,0.023,0.32
5,25,0.007,0.078
5,25,1.036,3.975
5,25,1.021,3.576
5,25,0.114,0.322
5,25,0.341,0.64
5,25,1.584,5.06
5,25,0.017,0.165
5,25,1.3,4.296
5,25,0.096,1.165
5,25,0.057,0.4
5,25,0.282,1.363
5,25,1.093,3.817
5,25,0.796,2.809
5,25,0.987,4.338
5,25,0.902,3.455
5,25,0.028,0.161
5,25,0.67,3.013
5,25,1.08,3.013
5,25,0.785,2.57
5,25,0.033,0.241
5,25,1.061,3.696
5,25,0.232,1.045
5,25,0.148,0.523
5,25,0.812,3.251
5,25,0.326,1.205
5,25,0.016,0.16
5,26,1.105,3.451
5,26,1.196,3.613
5,26,1.406,4.379
5,26,1.101,3.887
5,26,0.615,2.89
5,26,1.843,6.019
5,26,1.126,4.335
5,26,1.085,3.974
5,26,0.582,2.329
5,26,0.053,0.158
5,26,0.06,0.24
5,26,1.493,5.058
5,26,1.17,3.692
5,26,0.556,2.291
5,26,0.892,2.769
5,26,1.041,3.493
5,26,1.039,4.128
5,26,0.864,2.165
5,26,0.02,0.2
5,26,0.077,0.277
5,26,0.991,4.016
5,26,1.254,3.816
5,26,0.163,0.561
5,26,0.559,2.89
5,26,0.105,0.399
5,26,1.036,3.172
5,26,0.124,0.839
5,26,1.118,3.572
5,26,0.056,0.24
5,26,0.963,2.808
5,26,0.119,0.881
5,26,0.064,0.561
5,26,1.39,4.575
5,26,1.543,5.339
5,26,0.731,2.769
5,26,0.068,0.277
5,26,1.903,5.54
5,26,1.257,4.575
5,27,0.982,3.256
5,27,1.213,3.655
5,27,1.062,3.854
5,27,1.373,4.9
5,27,0.472,2.09
5,27,0.699,2.161
5,27,0.005,0.118
5,27,0.661,2.851
5,27,1.165,3.334
5,27,0.039,0.239
5,27,0.509,2.412
5,27,1.325,4.294
5,27,0.332,1.65
5,27,0.011,0.081
5,27,0.094,0.483
5,27,0.465,2.449
5,27,1.197,2.85
5,27,1.34,4.543
5,27,1.904,6.307
5,27,0.831,3.011
5,27,0.853,3.09
5,27,1.036,3.937
5,27,1.939,5.498
5,27,1.563,4.257
5,27,0.723,2.291
5,27,0.507,1.806
5,27,0.741,2.693
5,27,1.331,4.453
5,27,0.773,1.686
5,27,0.008,0.121
5,27,0.045,0.124
5,27,1.085,3.373
5,27,0.88,3.173
5,27,0.019,0.081
5,28,1.223,3.774
5,28,0.095,0.258
5,28,0.826,3.736
5,28,0.924,3.614
5,28,0.695,2.189
5,28,0.825,3.232
5,28,0.73,3.052
5,28,0.045,0.22
5,28,0.976,2.991
5,28,0.56,1.887
5,28,0.997,3.065
5,28,0.646,2.828
5,28,0.033,0.22
5,28,0.865,2.863
5,28,1.164,3.752
5,28,1.027,3.232
5,28,1.166,3.854
5,28,1.417,4.825
5,28,0.192,1.305
5,28,1.266,4.578
5,28,1.05,3.151
5,28,0.994,3.126
5,28,0.041,0.534
5,28,0.904,3.11
5,28,0.081,0.359
5,28,0.056,0.298
5,28,0.817,4.396
5,28,1.604,4.275
5,28,0.505,1.544
5,28,1.22,3.793
5,28,0.578,2.749
5,28,0.022,0.22
5,29,0.45,1.646
5,29,0.196,0.763
5,29,0.339,2.531
5,29,1.549,5.06
5,29,0.729,3.21
5,29,0.835,2.812
5,29,0.34,1.245
5,29,1.648,4.734
5,29,0.018,0.12
5,29,0.584,1.807
5,29,0.049,0.241
5,29,1.848,5.819
5,29,1.026,3.615
5,29,0.613,2.57
5,29,0.059,0.276
5,29,1.263,4.257
5,29,0.909,2.049
5,29,0.035,0.201
5,29,1.313,4.056
5,29,0.01,0.115
5,29,0.015,0.078
5,29,0.245,1.524
5,29,0.988,2.531
5,29,0.896,2.974
5,29,0.913,3.336
5,29,0.116,0.284
5,29,0.507,1.962
5,29,1.255,5.5
5,29,1.242,4.378
5,29,0.052,0.201
5,29,1.143,3.212
5,29,0.723,1.963
5,29,1.069,3.688
5,29,0.675,2.681
5,29,1.917,5.302
5,29,0.032,0.201
5,29,1.836,5.26
5,29,1.601,4.335
5,29,0.154,0.68
5,30,0.835,3.737
5,30,1.987,5.501
5,30,1.285,4.297
5,30,0.533,3.573
5,30,0.74,2.21
5,30,0.548,1.52
5,30,0.04,0.16
5,30,0.127,0.641
5,30,1.916,6.618
5,30,2.414,13.013
5,30,1.422,4.456
5,30,1.632,4.746
5,30,0.127,0.517
5,30,0.922,3.373
5,30,0.163,0.604
5,30,0.897,2.934
5,30,1.268,3.698
5,30,0.984,4.177
5,30,0.336,1.364
5,30,0.047,0.116
5,30,1.086,3.172
5,30,0.01,0.119
5,30,0.437,1.246
5,30,0.271,1.976
5,30,1.491,5.019
5,30,0.006,0.079
5,30,0.018,0.119
5,30,1.339,4.135
5,30,1.378,4.696
5,30,1.989,5.905
5,30,0.009,0.079
5,30,0.31,0.803
5,30,0.077,0.517
5,30,0.808,2.733
5,30,0.294,1.283
