1,1,0.529
1,1,0.633
1,1,0.939
1,1,1.04
1,1,0.455
1,1,1.315
1,1,0.448
1,1,0.604
1,1,1.472
1,1,1.898
1,1,0.705
1,1,1.735
1,1,0.648
1,1,0.561
1,1,0.199
1,1,0.71
1,1,1.109
1,1,0.477
1,1,0.643
1,1,0.852
1,1,0.981
1,1,1.88
1,1,0.584
1,1,0.697
1,1,1.511
1,1,1.112
1,1,1.24
1,1,2.034
1,1,1.368
1,1,1.359
1,1,1.077
1,1,0.794
1,1,1.679
1,1,0.604
1,1,0.948
1,1,0.819
1,1,1.137
1,1,1.467
1,1,2.42
1,1,1.255
1,1,1.012
1,1,0.448
1,1,1.206
1,1,0.495
1,1,1.008
1,1,2.29
1,1,1.309
1,2,0.066
1,2,0.381
1,2,0.58
1,2,0.577
1,2,0.767
1,2,0.27
1,2,1.121
1,2,0.414
1,2,1.488
1,2,1.309
1,2,0.833
1,2,0.059
1,2,1.069
1,2,0.748
1,2,0.988
1,2,0.416
1,2,0.783
1,2,1.149
1,2,1.3
1,2,0.725
1,2,0.816
1,2,0.259
1,2,1.287
1,2,1.409
1,2,0.092
1,2,0.758
1,2,1.219
1,2,1.128
1,2,0.777
1,2,0.084
1,2,0.094
1,2,0.829
1,2,0.421
1,2,0.907
1,2,1.546
1,2,1.174
1,2,1.691
1,2,1.493
1,2,1.574
1,3,1.156
1,3,0.05
1,3,1.372
1,3,0.176
1,3,0.474
1,3,0.512
1,3,1.17
1,3,0.066
1,3,0.889
1,3,1.257
1,3,1.214
1,3,0.613
1,3,0.126
1,3,0.472
1,3,1.63
1,3,1.033
1,3,0.788
1,3,0.336
1,3,0.785
1,3,0.912
1,3,0.701
1,3,0.885
1,3,0.956
1,3,0.46
1,3,1.238
1,3,0.929
1,3,1.244
1,3,0.978
1,3,1.207
1,3,0.144
1,3,0.165
1,3,0.318
1,3,0.483
1,4,0.408
1,4,0.31
1,4,0.405
1,4,0.18
1,4,0.032
1,4,1.487
1,4,0.323
1,4,0.174
1,4,1.259
1,4,0.596
1,4,1.112
1,4,0.666
1,4,0.682
1,4,0.673
1,4,1.042
1,4,0.329
1,4,1.052
1,4,1.208
1,4,0.573
1,4,0.03
1,4,0.036
1,4,1.229
1,4,1.143
1,4,0.748
1,4,0.535
1,4,0.042
1,4,0.677
1,4,0.231
1,4,1.075
1,4,0.885
1,4,0.286
1,4,1.226
1,4,0.553
1,5,0.342
1,5,0.519
1,5,1.25
1,5,0.203
1,5,1.186
1,5,0.624
1,5,0.442
1,5,0.309
1,5,0.43
1,5,0.179
1,5,0.893
1,5,0.68
1,5,1.105
1,5,0.093
1,5,0.577
1,5,0.413
1,5,0.951
1,5,0.553
1,5,0.519
1,5,1.602
1,5,0.675
1,5,0.76
1,5,0.021
1,5,0.889
1,5,0.093
1,5,0.405
1,5,0.145
1,5,0.257
1,5,0.96
1,5,0.069
1,5,0.266
1,6,0.097
1,6,1.059
1,6,0.02
1,6,0.67
1,6,0.616
1,6,1.041
1,6,1.278
1,6,0.409
1,6,0.382
1,6,0.096
1,6,0.725
1,6,0.785
1,6,0.318
1,6,1.159
1,6,0.581
1,6,0.032
1,6,0.837
1,6,0.051
1,6,0.686
1,6,0.057
1,6,0.578
1,6,0.667
1,6,0.745
1,6,0.866
1,6,1.425
1,6,0.314
1,6,0.643
1,6,0.083
1,6,0.46
1,6,0.424
1,6,0.856
1,6,0.095
1,6,1.667
1,6,0.079
1,6,0.085
1,6,1.184
1,6,1.673
1,7,0.269
1,7,0.405
1,7,1.167
1,7,0.662
1,7,0.088
1,7,0.376
1,7,0.477
1,7,0.742
1,7,0.575
1,7,0.541
1,7,0.814
1,7,0.908
1,7,0.606
1,7,0.595
1,7,0.252
1,7,1.088
1,7,0.229
1,7,0.563
1,7,0.137
1,7,1.19
1,7,0.47
1,7,0.048
1,7,1.179
1,7,1.451
1,7,0.323
1,7,1.057
1,7,1.073
1,7,0.054
1,7,0.782
1,7,0.519
1,7,0.086
1,7,0.208
1,7,0.399
1,7,0.625
1,7,0.534
1,7,0.883
1,7,0.33
1,7,1.194
1,7,1.123
1,7,0.549
1,7,0.825
1,8,0.054
1,8,0.05
1,8,0.577
1,8,0.613
1,8,1.19
1,8,0.441
1,8,0.326
1,8,1.107
1,8,0.108
1,8,1.033
1,8,1.459
1,8,1.029
1,8,0.013
1,8,0.313
1,8,1.168
1,8,0.316
1,8,0.674
1,8,0.883
1,8,0.617
1,8,0.364
1,8,0.028
1,8,1.036
1,8,0.69
1,8,0.798
1,8,1.267
1,8,0.037
1,8,0.693
1,8,1.162
1,8,0.714
1,8,0.473
1,8,0.287
1,8,0.517
1,8,1.115
1,8,0.745
1,8,0.936
1,8,0.846
1,9,0.591
1,9,0.847
1,9,0.293
1,9,1.126
1,9,0.157
1,9,0.125
1,9,0.28
1,9,0.536
1,9,1.114
1,9,0.497
1,9,0.065
1,9,0.93
1,9,0.042
1,9,0.488
1,9,1.583
1,9,0.286
1,9,0.961
1,9,1.025
1,9,0.088
1,9,0.094
1,9,0.674
1,9,0.914
1,9,0.57
1,9,0.608
1,10,0.929
1,10,0.647
1,10,0.058
1,10,0.685
1,10,0.092
1,10,0.127
1,10,0.465
1,10,0.133
1,10,0.097
1,10,0.402
1,10,0.517
1,10,0.503
1,10,0.567
1,10,0.539
1,10,1.429
1,10,0.85
1,10,0.937
1,10,0.092
1,10,1.376
1,10,1.132
1,10,0.661
1,10,0.089
1,10,1.189
1,10,0.271
1,10,0.325
1,10,0.608
1,10,1.309
1,10,0.144
1,10,1.102
1,11,1.482
1,11,0.024
1,11,0.737
1,11,0.729
1,11,1.4
1,11,0.067
1,11,1.137
1,11,0.388
1,11,1.559
1,11,0.482
1,11,0.621
1,11,1.301
1,11,0.38
1,11,0.05
1,11,1.419
1,11,0.054
1,11,0.62
1,11,1.321
1,11,0.572
1,11,0.773
1,11,0.043
1,11,0.852
1,11,0.812
1,11,0.381
1,11,0.053
1,11,0.066
1,12,0.78
1,12,0.393
1,12,0.054
1,12,1.392
1,12,0.277
1,12,1.017
1,12,0.726
1,12,1.015
1,12,0.062
1,12,0.721
1,12,0.054
1,12,1.572
1,12,0.017
1,12,0.627
1,12,0.969
1,12,0.823
1,12,0.505
1,12,0.185
1,12,0.064
1,12,1.375
1,12,1.125
1,12,0.212
1,12,0.345
1,12,0.968
1,12,0.458
1,12,1.138
1,12,0.765
1,12,1.297
1,12,0.608
1,13,0.042
1,13,0.407
1,13,0.069
1,13,0.394
1,13,0.636
1,13,0.761
1,13,0.732
1,13,0.047
1,13,1.079
1,13,1.071
1,13,0.628
1,13,0.779
1,13,0.697
1,13,0.885
1,13,1.035
1,13,0.028
1,13,0.689
1,13,0.109
1,13,0.013
1,13,0.023
1,13,0.283
1,13,0.692
1,13,0.891
1,13,0.294
1,13,1.538
1,13,0.05
1,14,1.691
1,14,0.908
1,14,0.349
1,14,0.281
1,14,0.766
1,14,0.014
1,14,1.064
1,14,0.051
1,14,0.075
1,14,0.837
1,14,0.022
1,14,1.085
1,14,1.22
1,14,0.394
1,14,0.587
1,14,0.1
1,14,0.793
1,14,0.488
1,14,0.21
1,14,0.389
1,14,0.078
1,14,0.131
1,14,0.059
1,14,0.037
1,14,0.775
1,14,0.916
1,15,0.558
1,15,0.11
1,15,0.054
1,15,0.31
1,15,1.304
1,15,0.047
1,15,0.195
1,15,0.157
1,15,1.675
1,15,0.729
1,15,1.067
1,15,0.444
1,15,0.499
1,15,0.315
1,15,0.361
1,15,0.15
1,15,0.82
1,15,0.56
1,15,0.449
1,16,0.573
1,16,0.086
1,16,1.212
1,16,0.088
1,16,0.497
1,16,0.356
1,16,0.056
1,16,0.93
1,16,0.05
1,16,1.296
1,16,0.538
1,16,0.012
1,16,0.501
1,16,0.022
1,16,0.04
1,16,0.025
1,16,0.392
1,16,0.774
1,16,0.882
1,16,0.017
1,16,0.35
1,16,0.075
1,16,0.415
1,17,0.049
1,17,0.332
1,17,0.032
1,17,0.086
1,17,1.498
1,17,0.595
1,17,0.496
1,17,0.012
1,17,0.064
1,17,0.007
1,17,0.148
1,17,0.385
1,17,0.448
1,17,0.013
1,17,0.683
1,17,1.182
1,17,0.079
1,17,0.04
1,17,0.655
1,17,0.443
1,18,0.054
1,18,0.089
1,18,0.662
1,18,1.174
1,18,0.853
1,18,0.517
1,18,0.804
1,18,0.04
1,18,0.549
1,18,0.529
1,18,0.049
1,18,0.037
1,18,0.061
1,18,0.446
1,18,0.056
1,18,0.061
1,18,0.024
1,18,0.932
1,18,0.026
1,18,0.226
1,18,0.06
1,19,0.013
1,19,0.407
1,19,0.116
1,19,0.794
1,19,0.3
1,19,0.536
1,19,0.702
1,19,0.112
1,19,0.639
1,19,0.022
1,19,0.036
1,19,0.569
1,19,0.326
1,19,0.318
1,19,1.186
1,19,0.672
1,19,0.524
1,19,0.048
1,19,0.089
1,19,0.121
1,19,0.032
1,20,0.149
1,20,0.092
1,20,0.066
1,20,0.201
1,20,0.94
1,20,0.692
1,20,0.599
1,20,1.243
1,20,0.458
1,20,0.045
1,20,0.021
1,20,0.054
1,20,1.366
1,21,0.187
1,21,0.026
1,21,1.112
1,21,0.217
1,21,0.078
1,21,1.151
1,21,0.136
1,21,0.195
1,21,0.413
1,21,0.795
1,21,0.162
1,21,0.61
1,21,0.573
1,21,0.226
1,22,0.025
1,22,1.162
1,22,1.227
1,22,0.548
1,22,0.148
1,22,2.132
1,22,1.052
1,22,0.064
1,22,0.097
1,22,0.428
1,22,0.084
1,22,0.047
1,22,0.283
1,23,0.069
1,23,0.07
1,23,0.029
1,23,0.691
1,23,0.041
1,23,0.69
1,23,0.162
1,23,0.126
1,23,0.034
1,23,0.047
1,23,0.765
1,23,0.519
1,23,0.208
1,23,0.816
1,23,1.282
1,23,0.693
1,23,0.227
1,23,1.271
1,24,0.371
1,24,0.4
1,24,0.057
1,24,0.331
1,24,0.092
1,24,0.694
1,24,0.074
1,24,1.11
1,24,0.014
1,24,0.727
1,24,0.046
1,24,0.064
1,24,0.107
1,24,0.032
1,24,1.047
1,24,0.063
1,24,0.076
1,24,0.078
1,25,1.454
1,25,0.161
1,25,0.358
1,25,0.784
1,25,0.629
1,25,0.309
1,25,0.05
1,25,0.236
1,25,0.069
1,25,1.128
1,25,0.172
1,25,0.58
1,25,0.155
1,25,0.099
1,26,0.106
1,26,1.384
1,26,0.292
1,26,1.259
1,26,0.797
1,26,0.705
1,26,0.979
1,26,0.161
1,26,0.321
1,26,0.917
1,26,0.193
1,26,0.423
1,26,0.602
1,26,0.136
1,26,0.277
1,26,0.35
1,26,0.335
1,26,0.11
1,27,0.876
1,27,0.103
1,27,0.037
1,27,0.054
1,27,1.395
1,27,0.49
1,27,0.115
1,27,0.752
1,27,0.039
1,27,0.247
1,27,0.745
1,27,0.3
1,27,0.043
1,27,0.077
1,27,0.006
1,27,0.249
1,27,0.105
1,27,0.444
1,28,0.108
1,28,0.382
1,28,0.296
1,28,0.912
1,28,0.046
1,28,0.056
1,28,0.369
1,28,1.234
1,28,0.056
1,28,0.071
1,28,0.026
1,28,1.208
1,28,0.544
1,28,0.047
1,28,0.232
1,28,0.142
1,28,0.022
1,28,0.063
1,29,0.072
1,29,1.067
1,29,0.09
1,29,0.498
1,29,0.035
1,29,0.171
1,29,0.057
1,29,0.34
1,29,0.043
1,29,0.331
1,29,0.112
1,29,0.036
1,29,0.894
1,29,1.356
1,30,0.027
1,30,0.239
1,30,0.248
1,30,0.066
1,30,0.014
1,30,0.563
1,30,0.084
1,30,0.804
1,30,0.729
1,30,0.61
1,30,0.035
1,30,0.802
1,30,0.043
1,30,0.012
1,30,0.75
1,30,0.194
1,30,1.186
1,30,0.017
1,30,0.078
1,30,0.278
2,1,1.267
2,1,0.972
2,1,0.851
2,1,1.168
2,1,1.139
2,1,0.044
2,1,0.94
2,1,1.087
2,1,1.404
2,1,0.545
2,1,0.681
2,1,0.926
2,1,0.657
2,1,0.936
2,1,0.095
2,1,0.79
2,1,0.168
2,1,0.978
2,1,1.227
2,1,0.021
2,1,1.807
2,1,1.03
2,1,1.129
2,1,0.471
2,1,1.251
2,1,1.006
2,1,0.449
2,1,0.478
2,1,0.636
2,1,0.728
2,1,1.404
2,1,0.53
2,1,1.334
2,1,1.633
2,1,0.23
2,1,0.054
2,1,0.699
2,1,0.991
2,1,0.056
2,1,0.485
2,1,0.504
2,1,1.559
2,1,1.449
2,1,1.472
2,1,1.71
2,2,1.296
2,2,1.093
2,2,1
2,2,0.742
2,2,0.417
2,2,0.538
2,2,0.759
2,2,0.042
2,2,0.132
2,2,1.059
2,2,1.296
2,2,0.007
2,2,0.848
2,2,0.374
2,2,0.834
2,2,0.108
2,2,0.364
2,2,0.541
2,2,0.966
2,2,0.998
2,2,0.757
2,2,0.452
2,2,1.329
2,2,1.363
2,2,0.47
2,2,0.989
2,2,0.591
2,2,0.451
2,2,0.99
2,2,1.46
2,2,0.741
2,2,0.397
2,2,0.743
2,2,1.136
2,2,0.917
2,2,0.449
2,2,0.739
2,2,0.247
2,2,0.697
2,2,0.448
2,2,0.372
2,2,0.306
2,2,0.243
2,2,1.342
2,2,0.93
2,3,0.737
2,3,0.745
2,3,0.084
2,3,0.36
2,3,0.131
2,3,1.549
2,3,0.378
2,3,0.537
2,3,0.645
2,3,0.63
2,3,0.892
2,3,0.606
2,3,0.051
2,3,0.726
2,3,0.363
2,3,0.01
2,3,0.948
2,3,0.459
2,3,1.055
2,3,2.031
2,3,0.118
2,3,0.24
2,3,0.612
2,3,1.375
2,3,0.033
2,3,0.592
2,3,1.135
2,3,0.013
2,3,0.935
2,3,0.817
2,3,0.011
2,3,1.465
2,3,0.651
2,3,0.839
2,3,0.694
2,3,0.899
2,3,0.6
2,3,1.613
2,3,0.029
2,3,0.567
2,3,0.547
2,4,0.183
2,4,0.375
2,4,0.033
2,4,0.844
2,4,0.095
2,4,0.381
2,4,0.389
2,4,0.04
2,4,0.621
2,4,0.685
2,4,1.355
2,4,1.034
2,4,0.376
2,4,0.894
2,4,0.805
2,4,0.728
2,4,0.098
2,4,1.715
2,4,0.115
2,4,0.493
2,4,0.787
2,4,1.478
2,4,0.615
2,4,1.193
2,4,0.706
2,4,0.771
2,4,0.2
2,4,0.243
2,4,0.032
2,4,1.019
2,4,0.579
2,4,1.215
2,4,0.299
2,4,0.087
2,5,1.34
2,5,1.751
2,5,0.604
2,5,0.05
2,5,1.2
2,5,0.903
2,5,0.773
2,5,0.017
2,5,1.903
2,5,0.586
2,5,0.376
2,5,0.81
2,5,1.061
2,5,0.372
2,5,0.695
2,5,0.018
2,5,0.608
2,5,0.299
2,5,0.009
2,5,0.822
2,5,0.008
2,5,0.908
2,5,0.078
2,5,0.342
2,5,1.62
2,5,0.02
2,5,0.491
2,5,1
2,5,0.954
2,5,0.434
2,5,0.649
2,5,0.345
2,5,0.626
2,5,0.031
2,5,0.034
2,5,0.601
2,5,1.115
2,5,0.066
2,5,1.98
2,6,0.408
2,6,0.085
2,6,0.272
2,6,0.536
2,6,0.781
2,6,0.319
2,6,0.502
2,6,1.042
2,6,0.44
2,6,0.548
2,6,0.643
2,6,0.136
2,6,0.493
2,6,0.785
2,6,0.066
2,6,0.474
2,6,1.59
2,6,0.399
2,6,0.735
2,6,1.336
2,6,0.53
2,6,0.397
2,6,0.874
2,6,0.965
2,6,1.14
2,6,0.024
2,6,0.269
2,6,0.021
2,6,0.402
2,6,0.594
2,6,0.067
2,6,0.033
2,6,0.526
2,6,0.136
2,6,0.079
2,6,0.273
2,6,0.787
2,6,0.29
2,6,0.821
2,6,0.06
2,6,0.018
2,6,1.468
2,6,0.064
2,6,0.973
2,6,1.013
2,6,0.707
2,7,0.317
2,7,0.045
2,7,2.096
2,7,1.301
2,7,0.634
2,7,0.639
2,7,0.243
2,7,0.598
2,7,0.667
2,7,0.026
2,7,1.55
2,7,0.276
2,7,0.282
2,7,0.792
2,7,0.429
2,7,0.599
2,7,0.038
2,7,0.134
2,7,0.78
2,7,0.053
2,7,0.272
2,7,1.473
2,7,0.791
2,7,0.333
2,7,0.637
2,7,0.901
2,7,0.609
2,7,0.6
2,7,0.388
2,7,0.186
2,8,0.029
2,8,0.399
2,8,1.054
2,8,0.572
2,8,0.03
2,8,0.946
2,8,0.51
2,8,0.046
2,8,0.357
2,8,0.4
2,8,0.03
2,8,0.023
2,8,0.536
2,8,0.025
2,8,1.44
2,8,0.132
2,8,0.026
2,8,0.505
2,8,0.122
2,8,0.501
2,8,0.058
2,8,0.032
2,8,0.974
2,8,0.384
2,8,0.428
2,8,0.753
2,8,0.401
2,8,0.364
2,8,0.096
2,8,0.005
2,9,0.963
2,9,0.64
2,9,0.885
2,9,0.634
2,9,0.577
2,9,0.012
2,9,0.647
2,9,0.031
2,9,0.061
2,9,0.734
2,9,0.932
2,9,1.257
2,9,0.309
2,9,0.049
2,9,0.842
2,9,0.725
2,9,0.69
2,9,0.428
2,9,0.015
2,9,0.183
2,9,0.015
2,9,1.129
2,9,0.021
2,9,0.017
2,9,0.449
2,9,1.035
2,9,0.469
2,9,0.363
2,9,0.252
2,9,0.175
2,9,0.2
2,9,0.171
2,9,0.495
2,9,1.456
2,9,0.639
2,9,1.202
2,9,1.356
2,9,1.205
2,9,0.702
2,9,0.018
2,10,0.119
2,10,0.408
2,10,0.596
2,10,1.279
2,10,0.54
2,10,0.673
2,10,0.425
2,10,0.255
2,10,0.385
2,10,0.069
2,10,0.91
2,10,0.5
2,10,0.265
2,10,0.594
2,10,0.142
2,10,0.533
2,10,0.028
2,10,0.036
2,10,0.378
2,10,0.021
2,10,0.662
2,10,0.02
2,10,1.604
2,10,0.777
2,10,0.05
2,10,0.335
2,10,0.061
2,10,0.042
2,10,0.039
2,10,0.728
2,10,0.873
2,10,0.184
2,10,0.059
2,10,0.319
2,10,0.04
2,10,0.62
2,10,0.175
2,10,0.275
2,10,0.066
2,10,0.737
2,10,0.375
2,10,0.045
2,10,0.142
2,10,0.068
2,10,0.06
2,10,0.042
2,11,0.288
2,11,0.286
2,11,0.65
2,11,0.478
2,11,0.434
2,11,0.064
2,11,0.387
2,11,0.008
2,11,0.044
2,11,0.444
2,11,1.038
2,11,0.277
2,11,0.164
2,11,1.399
2,11,0.948
2,11,1.134
2,11,0.067
2,11,0.774
2,11,1.028
2,11,0.076
2,11,0.487
2,11,0.045
2,11,0.632
2,11,0.067
2,11,0.03
2,11,0.549
2,11,0.034
2,11,0.794
2,11,0.097
2,11,0.034
2,11,0.855
2,11,0.091
2,11,0.864
2,11,0.807
2,11,0.167
2,11,0.007
2,11,0.286
2,11,0.602
2,12,0.076
2,12,0.888
2,12,0.337
2,12,0.515
2,12,0.752
2,12,0.802
2,12,1.23
2,12,0.102
2,12,0
2,12,1.028
2,12,0.054
2,12,0.887
2,12,0.076
2,12,0.23
2,12,0.045
2,12,0.39
2,12,0.112
2,12,0.1
2,12,0.017
2,12,0.701
2,12,0.211
2,12,0.049
2,12,0.038
2,12,0.642
2,12,0.015
2,12,0.111
2,12,0.853
2,12,0.025
2,12,1.506
2,12,0.035
2,12,0.876
2,12,0.241
2,12,0.491
2,12,0.617
2,12,0.379
2,12,0.062
2,12,0.66
2,12,0.588
2,12,0.663
2,12,0.009
2,12,0.118
2,13,0.062
2,13,0.041
2,13,0.46
2,13,0.313
2,13,0.68
2,13,0.307
2,13,0.319
2,13,0.781
2,13,0.081
2,13,1.206
2,13,0.145
2,13,0.697
2,13,0.275
2,13,0.345
2,13,0.177
2,13,0.008
2,13,0.537
2,13,0.032
2,13,0.779
2,13,0.245
2,13,0.476
2,13,0.059
2,13,0.127
2,13,0.051
2,13,1.255
2,14,0.493
2,14,0.073
2,14,0.076
2,14,0.337
2,14,0.044
2,14,1.177
2,14,0.12
2,14,0.465
2,14,0.214
2,14,0.367
2,14,1.277
2,14,0.463
2,14,0.612
2,14,0.417
2,14,0.029
2,14,0.062
2,14,0.389
2,14,0.106
2,14,0.317
2,14,0.055
2,14,0.135
2,14,0.245
2,14,0.885
2,14,0.034
2,14,0.729
2,14,0.101
2,14,0.024
2,14,0.005
2,14,0.408
2,14,0.544
2,14,0.057
2,14,0.024
2,14,0.565
2,14,0.13
2,14,0.007
2,14,0.438
2,14,1.467
2,14,0.839
2,14,0.545
2,15,0.031
2,15,0.46
2,15,0.884
2,15,0.035
2,15,1.293
2,15,0.699
2,15,0.976
2,15,0.021
2,15,0.186
2,15,0.148
2,15,0.714
2,15,0.099
2,15,0.535
2,15,0.893
2,15,0.021
2,15,1.015
2,15,0.055
2,15,0.022
2,15,0.027
2,15,0.014
2,15,0.038
2,15,0.791
2,15,0.502
2,15,0.02
2,15,0.537
2,15,0.009
2,15,0.399
2,15,0.035
2,15,0.061
2,15,0.154
2,15,0.576
2,16,0.626
2,16,0.253
2,16,0.046
2,16,0.409
2,16,0.965
2,16,0.072
2,16,0.926
2,16,0.815
2,16,0.573
2,16,0.039
2,16,0.176
2,16,0.514
2,16,0.095
2,16,0.078
2,16,0.428
2,16,0.047
2,16,0.062
2,16,0.203
2,16,0.425
2,16,1.236
2,16,0.021
2,16,0.06
2,16,0.325
2,16,0.061
2,16,0.889
2,16,0.428
2,16,0.031
2,16,0.023
2,16,0.423
2,16,0.061
2,16,0.037
2,16,0.104
2,17,0.039
2,17,0.014
2,17,0.021
2,17,0.227
2,17,0.668
2,17,1.165
2,17,0.344
2,17,0.107
2,17,0.042
2,17,0.063
2,17,1.141
2,17,0.023
2,17,0.04
2,17,0.07
2,17,0.075
2,17,0.9
2,17,0.131
2,17,0.06
2,17,0.055
2,17,0.106
2,17,0.351
2,17,0.083
2,17,0.463
2,17,0.132
2,17,0.044
2,17,0.043
2,17,0.015
2,17,0.022
2,17,0.039
2,17,0.691
2,18,0.592
2,18,0.028
2,18,1.256
2,18,0.781
2,18,0.054
2,18,1.241
2,18,0.023
2,18,0.091
2,18,0.021
2,18,0.079
2,18,2.134
2,18,0.027
2,18,0.044
2,18,0.068
2,18,0.113
2,18,0.007
2,18,0.598
2,18,0.04
2,18,0.02
2,18,0.922
2,18,1.439
2,18,0.037
2,18,0.524
2,18,0.027
2,18,0.551
2,18,0.184
2,18,0.452
2,18,0.083
2,18,0.204
2,18,0.593
2,18,0.913
2,18,0.166
2,19,0.071
2,19,0.543
2,19,0.693
2,19,0.551
2,19,0.101
2,19,0.034
2,19,0.055
2,19,0.061
2,19,0.04
2,19,0.828
2,19,0.196
2,19,0.343
2,19,0.023
2,19,1.531
2,19,0.222
2,19,0.021
2,19,0.071
2,19,0.587
2,19,0.038
2,19,0.076
2,19,0.058
2,19,0.12
2,19,0.627
2,19,0.059
2,19,0.291
2,19,0.064
2,19,0.028
2,19,0.182
2,19,0.569
2,19,0.457
2,19,0.576
2,19,0.358
2,20,0.058
2,20,0.386
2,20,0.254
2,20,0.049
2,20,0.18
2,20,0.034
2,20,0.055
2,20,0.097
2,20,0.023
2,20,0.076
2,20,0.037
2,20,0.049
2,20,0.919
2,20,1.403
2,20,0.027
2,20,0.11
2,20,0.387
2,20,0.117
2,20,0.507
2,20,0.06
2,20,0.056
2,20,0.014
2,20,0.719
2,20,0.021
2,20,0.124
2,20,0.603
2,20,0.068
2,20,0.395
2,21,1.165
2,21,0.114
2,21,0.065
2,21,0.109
2,21,0.737
2,21,0.047
2,21,0.653
2,21,0.029
2,21,0.946
2,21,0.078
2,21,0.101
2,21,0.495
2,21,1.175
2,21,0.656
2,21,0.759
2,21,0.06
2,21,0.024
2,21,0.838
2,21,0.362
2,21,0.428
2,21,0.045
2,22,0.786
2,22,1.323
2,22,0.047
2,22,0.831
2,22,0.367
2,22,0.105
2,22,0.637
2,22,0.073
2,22,0.059
2,22,0.417
2,22,0.289
2,22,0.741
2,22,0.056
2,22,0.051
2,22,0.051
2,22,0.401
2,22,0.124
2,22,0.396
2,22,0.134
2,23,0.722
2,23,0.027
2,23,0.338
2,23,0.131
2,23,0.433
2,23,0.079
2,23,1.045
2,23,0.767
2,23,0.234
2,23,0.043
2,23,0.284
2,23,0.03
2,23,0.078
2,23,0.264
2,23,0.759
2,23,0.038
2,23,0.016
2,23,0.365
2,23,0.275
2,23,0.507
2,23,0.05
2,23,0.053
2,23,0.059
2,24,0.015
2,24,0.027
2,24,1.033
2,24,0.022
2,24,0.242
2,24,0.052
2,24,1.213
2,24,0.059
2,24,0.021
2,24,0.082
2,24,0.063
2,24,0.052
2,24,0.221
2,24,1.016
2,24,0.048
2,24,1.335
2,24,0.097
2,24,0.195
2,24,0.96
2,24,0.062
2,24,0.094
2,24,0.025
2,24,0.678
2,25,0.837
2,25,0.121
2,25,1.622
2,25,0.029
2,25,0.924
2,25,0.108
2,25,0.081
2,25,0.423
2,25,0.653
2,25,0.055
2,25,0.744
2,25,0.293
2,25,0.032
2,25,0.053
2,25,0.056
2,25,0.068
2,25,0.449
2,25,0.136
2,25,0.822
2,25,0.502
2,25,0.323
2,25,0.634
2,25,0.036
2,25,1.153
2,25,0.023
2,25,0.046
2,25,0.032
2,25,0.031
2,25,0.054
2,25,0.062
2,25,0.077
2,26,0.065
2,26,0.391
2,26,0.015
2,26,0.043
2,26,0.129
2,26,0.039
2,26,0.08
2,26,0.707
2,26,0.017
2,26,0.013
2,26,0.127
2,26,0.107
2,26,0.056
2,26,0.053
2,26,0.011
2,26,0.026
2,26,0.196
2,26,0.51
2,26,0.071
2,26,0.378
2,26,0.101
2,26,0.07
2,26,1.26
2,26,0.043
2,26,0.043
2,26,0.087
2,26,0.047
2,27,0.548
2,27,0.875
2,27,0.959
2,27,0.084
2,27,0.028
2,27,0.101
2,27,0.059
2,27,1.053
2,27,0.038
2,27,0.066
2,27,0.095
2,27,0.113
2,27,0.05
2,27,0.543
2,27,0.502
2,27,0.03
2,27,0.907
2,27,0.77
2,27,0.058
2,27,0.038
2,27,0.767
2,27,0.612
2,27,0.524
2,27,0.035
2,27,0.721
2,27,0.441
2,27,0.72
2,27,0.158
2,27,0.15
2,27,0.059
2,28,1.454
2,28,0.996
2,28,0.072
2,28,0.083
2,28,0.283
2,28,0.058
2,28,0.694
2,28,0.07
2,28,0.467
2,28,0.101
2,28,0.062
2,28,0.058
2,28,0.464
2,28,0.048
2,28,0.111
2,28,0.128
2,28,0.087
2,28,0.035
2,28,0.571
2,28,0.078
2,28,0.071
2,28,0.409
2,28,0.085
2,28,0.039
2,28,0.13
2,28,0.053
2,28,0.034
2,28,0.098
2,28,0.023
2,28,0.028
2,28,0.031
2,29,0.043
2,29,0.041
2,29,0.051
2,29,0.354
2,29,0.101
2,29,0.033
2,29,0.525
2,29,0.391
2,29,0.647
2,29,0.136
2,29,0.062
2,29,1.012
2,29,1.056
2,29,0.047
2,29,0.199
2,29,0.116
2,29,0.048
2,29,0.095
2,29,0.032
2,29,0.063
2,29,0.008
2,29,0.034
2,29,0.146
2,29,0.573
2,29,0.082
2,29,0.206
2,29,0.061
2,29,1.121
2,29,0.075
2,29,0.062
2,29,0.029
2,29,0.341
2,29,0.041
2,29,0.596
2,29,0.039
2,29,0.007
2,29,0.071
2,29,0.037
2,29,0.028
2,29,0.88
2,29,0.043
2,29,0.619
2,30,1.185
2,30,0.065
2,30,1.142
2,30,0.235
2,30,0.009
2,30,0.288
2,30,1.109
2,30,0.975
2,30,0.543
2,30,0.077
2,30,0.046
2,30,0.016
2,30,0.073
2,30,0.041
2,30,0.135
2,30,0.261
2,30,0.064
2,30,0.534
2,30,0.059
2,30,0.32
2,30,1.116
2,30,0.085
2,30,0.061
2,30,0.673
2,30,1.136
2,30,0.071
2,30,0.394
2,30,0.087
2,30,0.028
2,30,1.37
2,30,0.031
2,30,0.027
2,30,1.041
3,1,1.268
3,1,0.476
3,1,1.23
3,1,1.055
3,1,1.169
3,1,0.037
3,1,1.202
3,1,0.185
3,1,0.91
3,1,0.719
3,1,0.448
3,1,0.612
3,1,1.217
3,1,0.778
3,1,0.084
3,1,0.512
3,1,0.855
3,1,0.791
3,1,0.514
3,1,0.849
3,1,1.34
3,1,1.69
3,1,0.838
3,1,0.825
3,1,0.81
3,1,1.208
3,1,0.964
3,1,0.697
3,1,0.612
3,1,0.968
3,1,0.74
3,1,0.722
3,1,1.363
3,1,0.017
3,1,0.898
3,1,0.583
3,1,0.634
3,1,0.308
3,1,1.325
3,1,0.463
3,1,0.804
3,1,0.839
3,1,0.051
3,1,1.083
3,1,0.534
3,1,1.145
3,1,0.767
3,1,0.522
3,1,1.155
3,1,1.692
3,1,1.028
3,1,0.828
3,1,0.637
3,2,0.823
3,2,1.07
3,2,0.734
3,2,0.929
3,2,0.297
3,2,0.511
3,2,0.438
3,2,1.198
3,2,0.042
3,2,0.77
3,2,0.443
3,2,0.209
3,2,0.524
3,2,0.058
3,2,1.017
3,2,0.826
3,2,0.411
3,2,1.16
3,2,0.246
3,2,0.424
3,2,0.905
3,2,1.536
3,2,1.577
3,2,0.59
3,2,0.469
3,2,0.126
3,2,1.032
3,2,0.101
3,2,0.039
3,2,0.692
3,2,0.732
3,2,1.43
3,2,0.089
3,2,0.237
3,2,1.101
3,2,0.059
3,2,0.09
3,2,0.73
3,2,0.11
3,2,0.371
3,2,1.2
3,2,0.24
3,2,1.053
3,2,0.701
3,2,1.185
3,2,0.285
3,2,0.793
3,2,0.02
3,2,0.056
3,2,0.573
3,2,0.901
3,2,0.955
3,2,0.403
3,2,0.066
3,2,0.249
3,3,0.312
3,3,0.421
3,3,0.59
3,3,0.948
3,3,0.947
3,3,0.069
3,3,0.028
3,3,0.347
3,3,1.053
3,3,0.521
3,3,0.913
3,3,0.505
3,3,1.441
3,3,0.667
3,3,1.207
3,3,0.936
3,3,1.238
3,3,1.36
3,3,0.222
3,3,1.069
3,3,1.029
3,3,0.833
3,3,0.395
3,3,0.019
3,3,0.033
3,3,0.288
3,3,0.038
3,3,0.159
3,3,0.889
3,3,0.193
3,3,0.549
3,3,1.418
3,3,1.067
3,3,0.415
3,3,0.287
3,3,0.604
3,3,1.047
3,3,0.612
3,3,0.993
3,3,0.012
3,3,0.658
3,3,0.143
3,3,0.109
3,3,0.035
3,3,0.59
3,3,0.059
3,3,1.413
3,3,1.298
3,3,1.115
3,3,0.897
3,3,1.114
3,3,0.8
3,3,0.143
3,3,0.816
3,3,0.677
3,3,0.384
3,3,0.788
3,4,0.685
3,4,0.075
3,4,0.473
3,4,1.266
3,4,0.909
3,4,1.412
3,4,0.084
3,4,1.128
3,4,1.141
3,4,0.987
3,4,0.503
3,4,0.131
3,4,0.216
3,4,0.422
3,4,0.34
3,4,0.903
3,4,0.395
3,4,1.003
3,4,0.888
3,4,0.027
3,4,0.541
3,4,0.182
3,4,1.182
3,4,0.024
3,4,0.851
3,4,1.02
3,4,0.641
3,4,0.417
3,4,0.722
3,4,0.043
3,4,0.106
3,4,0.821
3,4,0.017
3,4,0.102
3,4,0.667
3,4,0.079
3,4,0.081
3,4,0.06
3,4,0.784
3,4,0.1
3,4,0.898
3,4,0.973
3,4,0.366
3,4,1.206
3,4,1.318
3,4,0.641
3,4,0.79
3,4,0.089
3,4,1.192
3,4,1.031
3,5,0.042
3,5,0.602
3,5,0.513
3,5,0.019
3,5,0.036
3,5,0.711
3,5,0.02
3,5,1.074
3,5,0.041
3,5,1.17
3,5,1.299
3,5,0.178
3,5,0.055
3,5,1.044
3,5,1.243
3,5,0.086
3,5,0.42
3,5,0.716
3,5,0.362
3,5,0.192
3,5,0.044
3,5,1.217
3,5,0.034
3,5,1.077
3,5,0.676
3,5,0.067
3,5,0.128
3,5,0.536
3,5,0.442
3,5,0.401
3,5,0.313
3,5,0.39
3,5,0.696
3,5,0.924
3,5,0.947
3,5,0.148
3,5,0.571
3,5,0.575
3,5,0.705
3,5,0.365
3,5,0.034
3,5,0.587
3,6,0.819
3,6,0.46
3,6,0.426
3,6,1.607
3,6,0.867
3,6,0.561
3,6,0.022
3,6,0.548
3,6,0.35
3,6,0.748
3,6,1.044
3,6,1.48
3,6,0.036
3,6,0.791
3,6,0.049
3,6,1.088
3,6,1.176
3,6,0.908
3,6,0.117
3,6,0.415
3,6,0.061
3,6,0.416
3,6,1.35
3,6,0.01
3,6,0.622
3,6,0.059
3,6,0.603
3,6,0.541
3,6,0.592
3,6,0.257
3,6,0.048
3,7,0.583
3,7,0.755
3,7,1.02
3,7,0.915
3,7,0.759
3,7,0.901
3,7,0.38
3,7,1.171
3,7,0.605
3,7,0.034
3,7,0.658
3,7,0.873
3,7,0.371
3,7,1.238
3,7,0.762
3,7,0.693
3,7,0.553
3,7,0.719
3,7,0.824
3,7,0.025
3,7,1.349
3,7,0.98
3,7,0.395
3,7,1.113
3,8,0.851
3,8,0.853
3,8,1.056
3,8,0.039
3,8,0.406
3,8,0.845
3,8,0.498
3,8,0.674
3,8,0.713
3,8,0.485
3,8,0.19
3,8,0.176
3,8,0.136
3,8,0.767
3,8,0.685
3,8,0.446
3,8,0.535
3,8,0.647
3,8,1.122
3,8,0.03
3,8,0.819
3,8,0.047
3,8,0.209
3,8,0.079
3,8,0.979
3,8,0.443
3,8,0.135
3,8,0.211
3,8,0.349
3,8,0.269
3,8,0.551
3,8,0.58
3,8,0.038
3,9,0.587
3,9,0.8
3,9,0.571
3,9,0.03
3,9,0.43
3,9,0.21
3,9,0.584
3,9,0.059
3,9,0.47
3,9,0.809
3,9,0.058
3,9,1.244
3,9,0.776
3,9,0.044
3,9,0.072
3,9,0.445
3,9,0.057
3,9,0.56
3,9,0.309
3,9,0.381
3,9,0.128
3,9,0.393
3,9,0.633
3,9,0.684
3,9,1.089
3,9,0.078
3,9,1.345
3,9,0.076
3,9,0.102
3,9,0.402
3,9,0.383
3,9,1.133
3,9,0.147
3,9,0.273
3,9,0.406
3,9,0.036
3,9,0.466
3,9,0.39
3,10,0.765
3,10,0.848
3,10,0.67
3,10,0.993
3,10,1.168
3,10,0.485
3,10,0.576
3,10,0.672
3,10,0.453
3,10,0.334
3,10,0.112
3,10,0.639
3,10,0.551
3,10,0.966
3,10,0.488
3,10,0.873
3,11,0.054
3,11,0.386
3,11,1.016
3,11,0.588
3,11,0.076
3,11,1.125
3,11,0.458
3,11,0.557
3,11,0.032
3,11,0.071
3,11,1.093
3,11,0.019
3,11,0.031
3,11,0.601
3,11,0.576
3,11,0.02
3,11,0.074
3,11,0.469
3,11,0.757
3,11,0.627
3,11,0.037
3,11,0.025
3,11,0.034
3,11,0.253
3,11,0.205
3,11,0.56
3,11,0.018
3,11,0.052
3,11,0.41
3,11,0.441
3,11,0.075
3,12,0.022
3,12,0.306
3,12,0.031
3,12,0.584
3,12,0.046
3,12,0.649
3,12,0.632
3,12,0.061
3,12,1.549
3,12,0.527
3,12,0.048
3,12,0.494
3,12,0.479
3,12,0.4
3,12,0.558
3,12,0.5
3,12,0.074
3,12,0.033
3,12,0.364
3,12,0.78
3,12,0.315
3,12,1.275
3,12,0.015
3,13,0.415
3,13,0.17
3,13,0.923
3,13,0.387
3,13,0.079
3,13,1.241
3,13,1.039
3,13,0.071
3,13,0.882
3,13,0.025
3,13,0.542
3,13,1.585
3,13,1.142
3,13,0.916
3,13,1.09
3,13,0.233
3,13,0.662
3,13,1.059
3,13,1.164
3,13,1.199
3,13,1.343
3,14,0.067
3,14,0.038
3,14,0.041
3,14,0.018
3,14,0.133
3,14,0.94
3,14,0.601
3,14,0.02
3,14,0.088
3,14,0.773
3,14,0.048
3,14,0.924
3,14,0.465
3,14,0.976
3,14,0.437
3,14,0.591
3,14,0.694
3,14,0.675
3,14,0.429
3,14,0.145
3,14,0.565
3,14,0.306
3,14,0.343
3,14,0.418
3,14,0.385
3,15,0.169
3,15,0.161
3,15,0.028
3,15,0.171
3,15,0.198
3,15,0.283
3,15,0.352
3,15,0.696
3,15,0.051
3,15,0.03
3,15,0.01
3,15,0.501
3,15,0.024
3,15,0.017
3,15,0.495
3,15,0.534
3,15,0.084
3,15,2.162
3,15,0.419
3,15,0.014
3,15,0.044
3,15,1.379
3,15,0.925
3,16,0.536
3,16,0.37
3,16,0.364
3,16,0.07
3,16,0.497
3,16,1.188
3,16,1.334
3,16,0.28
3,16,1.904
3,16,0.712
3,16,1.148
3,16,1.013
3,16,0.059
3,16,0.04
3,17,0.077
3,17,0.018
3,17,0.025
3,17,0.626
3,17,0.073
3,17,0.03
3,17,0.026
3,17,0.015
3,17,0.025
3,17,0.59
3,17,0.122
3,17,0.371
3,17,0.853
3,17,0.482
3,17,0.245
3,17,0.045
3,17,0.033
3,17,0.588
3,17,0.256
3,17,0.144
3,18,0.016
3,18,0.051
3,18,0.046
3,18,0.191
3,18,0.049
3,18,0.867
3,18,0.784
3,18,0.904
3,18,0.803
3,18,1.365
3,18,0.063
3,18,0.027
3,18,0.585
3,18,0.069
3,18,0.71
3,18,0.023
3,18,0.028
3,18,0.44
3,18,0.045
3,18,0.108
3,18,0.568
3,18,0.38
3,18,0.013
3,18,0.063
3,18,0.014
3,19,0.049
3,19,0.573
3,19,0.09
3,19,0.062
3,19,0.037
3,19,0.215
3,19,0.3
3,19,0.803
3,19,1.009
3,19,0.012
3,19,0.738
3,19,0.032
3,19,0.666
3,19,0.038
3,19,0.022
3,19,0.024
3,19,0.504
3,19,0.054
3,19,0.016
3,19,0.314
3,20,0.092
3,20,0.014
3,20,0.031
3,20,0.587
3,20,0.458
3,20,0.025
3,20,0.466
3,20,0.043
3,20,0.164
3,20,1.051
3,20,0.209
3,20,0.731
3,20,0.874
3,20,0.032
3,20,0.026
3,20,0.019
3,20,0.495
3,20,0.051
3,20,0.745
3,20,0.656
3,20,0.139
3,20,1.185
3,20,0.02
3,21,0.455
3,21,0.711
3,21,0.276
3,21,0.407
3,21,0.771
3,21,1.428
3,21,0.778
3,21,0.71
3,21,1.054
3,21,0.417
3,21,1.133
3,21,0.497
3,21,0.097
3,21,0.728
3,22,1.231
3,22,0.237
3,22,0.054
3,22,0.641
3,22,0.574
3,22,0.046
3,22,0.033
3,22,0.605
3,22,0.02
3,22,0.692
3,22,0.767
3,22,0.051
3,22,0.062
3,22,0.062
3,22,1.206
3,22,1.45
3,22,0.059
3,22,0.34
3,22,0.029
3,23,1.051
3,23,1.568
3,23,0.543
3,23,0.099
3,23,0.881
3,23,1.006
3,23,0.115
3,23,1.214
3,23,0.757
3,23,0.574
3,23,1.257
3,24,0.041
3,24,1.629
3,24,0.098
3,24,1.024
3,24,1.27
3,24,0.019
3,24,1.252
3,24,0.033
3,24,0.075
3,24,0.066
3,25,0.037
3,25,0.029
3,25,1.232
3,25,0.024
3,25,0.11
3,25,0.282
3,25,0.534
3,25,0.035
3,25,0.028
3,25,0.093
3,25,0.103
3,25,0.041
3,25,0.04
3,25,0.038
3,25,0.009
3,25,0.482
3,25,0.028
3,25,0.029
3,26,0.029
3,26,1.013
3,26,0.388
3,26,0.038
3,26,0.845
3,26,1.424
3,26,0.019
3,26,0.099
3,26,0.021
3,26,0.054
3,26,0.034
3,26,0.09
3,26,1.099
3,26,1.243
3,27,0.597
3,27,1.467
3,27,0.828
3,27,0.298
3,27,1.172
3,27,1.007
3,27,0.062
3,27,1.531
3,27,0.233
3,27,0.069
3,27,0.135
3,27,0.026
3,27,0.033
3,27,0.292
3,27,0.381
3,27,0.034
3,27,0.055
3,28,0.299
3,28,0.352
3,28,0.198
3,28,0.025
3,28,0.208
3,28,0.032
3,28,0.045
3,28,0.065
3,28,0.011
3,28,0.028
3,28,0.445
3,28,0.091
3,28,0.022
3,29,1.24
3,29,0.883
3,29,0.021
3,29,0.384
3,29,0.058
3,29,0.74
3,29,0.774
3,29,0.397
3,29,0.742
3,29,0.388
3,29,0.026
3,29,0.783
3,29,0.136
3,29,0.039
3,29,1.218
3,29,0.066
3,29,0.029
3,29,0.018
3,30,0.673
3,30,0.081
3,30,0.237
3,30,0.2
3,30,0.131
3,30,1.136
3,30,0.882
3,30,0.114
3,30,1.171
3,30,1.314
4,1,0.861
4,1,0.867
4,1,0.366
4,1,0.982
4,1,1.379
4,1,0.021
4,1,1.243
4,1,0.971
4,1,0.841
4,1,0.739
4,1,0.993
4,1,1.414
4,1,1.745
4,1,1.441
4,1,0.982
4,1,1.14
4,1,0.463
4,1,0.316
4,1,1.427
4,1,0.644
4,1,0.952
4,1,1.431
4,1,1.142
4,1,1.296
4,1,1.267
4,1,0.803
4,1,0.909
4,2,1.484
4,2,1.108
4,2,0.468
4,2,0.036
4,2,0.858
4,2,0.882
4,2,0.572
4,2,0.015
4,2,1.102
4,2,1.511
4,2,1.076
4,2,0.015
4,2,1.164
4,2,0.942
4,2,1.007
4,2,0.012
4,2,1.077
4,2,0.715
4,2,0.981
4,2,1.068
4,2,0.389
4,2,0.561
4,2,0.783
4,2,1.227
4,2,1.997
4,2,0.967
4,2,1.062
4,2,1.412
4,2,0.541
4,2,1.698
4,3,1.134
4,3,0.471
4,3,0.408
4,3,0.194
4,3,0.413
4,3,0.742
4,3,0.996
4,3,0.779
4,3,0.856
4,3,0.235
4,3,1.032
4,3,0.041
4,3,0.618
4,3,0.263
4,3,1.651
4,3,1.503
4,3,0.871
4,3,0.568
4,3,0.006
4,3,1.31
4,3,0.454
4,3,0.017
4,3,0.807
4,3,0.066
4,3,0.374
4,3,0.595
4,3,0.058
4,3,0.65
4,3,0.009
4,3,0.995
4,3,0.821
4,3,0.263
4,3,0.735
4,3,0.617
4,4,0.027
4,4,0.12
4,4,0.99
4,4,1.214
4,4,0.874
4,4,0.58
4,4,0.627
4,4,1.177
4,4,0.487
4,4,1.116
4,4,0.692
4,4,0.477
4,4,1.21
4,4,0.467
4,4,0.034
4,4,0.256
4,4,0.584
4,4,0.756
4,4,0.093
4,4,0.762
4,4,0.054
4,4,0.501
4,4,0.983
4,4,0.762
4,4,0.627
4,4,0.016
4,4,1.107
4,4,0.054
4,5,0.024
4,5,0.828
4,5,0.225
4,5,0.371
4,5,0.671
4,5,0.595
4,5,0.033
4,5,0.65
4,5,0.979
4,5,0.142
4,5,0.562
4,5,0.939
4,5,1.108
4,5,0.781
4,5,0.169
4,5,0.028
4,5,0.573
4,5,0.094
4,5,0.363
4,5,0.907
4,5,0.354
4,5,0.095
4,5,0.763
4,5,0.429
4,5,0.089
4,5,0.037
4,5,0.234
4,5,0.453
4,5,0.087
4,5,0.853
4,5,0.948
4,6,0.049
4,6,0.916
4,6,0.027
4,6,0.831
4,6,0.049
4,6,1.093
4,6,0.022
4,6,0.518
4,6,0.187
4,6,0.436
4,6,0.544
4,6,0.834
4,6,1.477
4,6,0.184
4,6,0.307
4,6,0.024
4,6,0.891
4,6,0.095
4,6,0.058
4,6,0.232
4,6,1.159
4,6,0.495
4,6,1.69
4,6,0.038
4,6,1.035
4,7,0.039
4,7,0.797
4,7,1.217
4,7,0.044
4,7,0.419
4,7,0.543
4,7,0.344
4,7,0.837
4,7,0.013
4,7,0.836
4,7,0.039
4,7,0.427
4,7,0.956
4,7,0.407
4,7,0.273
4,7,0.994
4,7,0.042
4,7,0.587
4,7,0.449
4,7,0.964
4,7,0.812
4,7,0.505
4,7,0.332
4,7,0.953
4,7,0.013
4,7,0.095
4,7,0.507
4,7,0.698
4,7,0.029
4,8,0.639
4,8,1.158
4,8,0.385
4,8,0.077
4,8,0.471
4,8,0.844
4,8,0.007
4,8,0.041
4,8,0.259
4,8,0.37
4,8,0.534
4,8,0.997
4,8,0.491
4,8,0.733
4,8,0.459
4,8,0.764
4,8,0.099
4,8,0.284
4,8,1.064
4,8,0.065
4,8,0.681
4,8,0.013
4,8,0.014
4,8,0.772
4,8,0.008
4,8,0.613
4,8,0.621
4,8,0.38
4,9,0.606
4,9,1.069
4,9,0.014
4,9,1.111
4,9,0.358
4,9,0.125
4,9,0.521
4,9,0.54
4,9,0.316
4,9,0.271
4,9,0.007
4,9,0.893
4,9,0.506
4,9,0.049
4,9,0.008
4,9,0.053
4,9,0.699
4,9,0.049
4,9,0.097
4,9,1.115
4,9,0.047
4,9,0.035
4,9,0.326
4,9,0.395
4,9,0.525
4,9,0.626
4,9,0.022
4,9,1.311
4,9,0.079
4,9,0.309
4,9,0.02
4,9,0.527
4,9,0.069
4,10,1.027
4,10,0.377
4,10,0.761
4,10,0.064
4,10,0.031
4,10,0.802
4,10,0.488
4,10,1.73
4,10,0.083
4,10,0.023
4,10,0.016
4,10,0.607
4,10,0.151
4,10,1.071
4,10,0.009
4,10,0.006
4,10,0.025
4,10,0.681
4,10,0.141
4,10,1.44
4,10,0.706
4,10,0.948
4,10,0.626
4,10,0.01
4,10,0.026
4,10,0.944
4,10,0.044
4,10,0.001
4,10,0.496
4,10,0.02
4,10,1.315
4,10,0.007
4,10,0.405
4,10,0.016
4,10,0.135
4,10,0.423
4,11,0.462
4,11,0.012
4,11,0.055
4,11,0.48
4,11,0.674
4,11,0.358
4,11,0.285
4,11,0.043
4,11,0.879
4,11,0.716
4,11,0.361
4,11,0.047
4,11,0.758
4,11,0.584
4,11,0.059
4,11,0.738
4,11,0.01
4,11,0.679
4,11,0.003
4,11,0.052
4,11,0.572
4,11,0.176
4,11,0.562
4,11,0.122
4,11,0.613
4,11,0.011
4,11,0.076
4,11,0.207
4,11,0.186
4,11,0.007
4,11,0.021
4,11,0.01
4,12,1.335
4,12,0.064
4,12,0.169
4,12,0.282
4,12,0.696
4,12,0.24
4,12,0.314
4,12,0.712
4,12,0.3
4,12,0.597
4,12,0.028
4,12,0.033
4,12,0.284
4,12,0.403
4,12,0.019
4,12,0.017
4,12,0.043
4,12,0.042
4,12,0.39
4,12,0.61
4,12,0.007
4,12,1.439
4,12,0.081
4,12,0.036
4,12,0.887
4,12,0.472
4,13,0.005
4,13,0.036
4,13,0.548
4,13,0.583
4,13,0.03
4,13,0.141
4,13,0.902
4,13,0.749
4,13,0.066
4,13,0.056
4,13,0.055
4,13,0.036
4,13,0.77
4,13,0.859
4,13,0.018
4,13,0.021
4,13,0.011
4,13,0.049
4,13,0.025
4,13,0.471
4,13,0.389
4,13,0.784
4,13,1.34
4,13,0.026
4,13,0.026
4,13,0.516
4,13,0.012
4,13,1.693
4,13,0.32
4,13,0.24
4,13,0.032
4,13,0.077
4,13,0.093
4,14,0.68
4,14,0.017
4,14,0.25
4,14,0.061
4,14,0.036
4,14,0.182
4,14,0.807
4,14,0.01
4,14,0.641
4,14,0.039
4,14,0.516
4,14,0.454
4,14,0.026
4,14,0.21
4,14,0.685
4,14,0.817
4,14,0.051
4,14,0.287
4,14,0.019
4,14,0.053
4,14,0.031
4,14,0.012
4,14,1.209
4,14,0.258
4,14,0.034
4,14,0.701
4,14,0.004
4,14,0.686
4,14,0.013
4,14,0.027
4,15,0.7
4,15,0.065
4,15,1.038
4,15,0.075
4,15,0.988
4,15,0.115
4,15,0.041
4,15,0.078
4,15,0.063
4,15,1.053
4,15,0.127
4,15,0.488
4,15,0.725
4,15,0.667
4,15,0.06
4,15,0.023
4,15,0.292
4,15,0.455
4,16,0.19
4,16,0.044
4,16,0.039
4,16,0.035
4,16,0.628
4,16,0.12
4,16,0.044
4,16,0.043
4,16,0.042
4,16,0.036
4,16,0.023
4,16,0.382
4,16,0.228
4,16,0.052
4,17,0.089
4,17,0.637
4,17,0.069
4,17,0.095
4,17,0.539
4,17,0.014
4,17,0.065
4,17,0.334
4,17,0.026
4,17,0.38
4,17,0.021
4,17,0.375
4,17,1.73
4,17,0.056
4,17,0.136
4,17,0.059
4,17,0.03
4,17,1.019
4,17,0.023
4,17,0.463
4,17,0.095
4,17,0.026
4,17,0.018
4,17,0.008
4,18,0.08
4,18,0.02
4,18,0.075
4,18,0.075
4,18,0.076
4,18,0.053
4,18,0.781
4,18,0.009
4,18,0.733
4,18,0.123
4,18,0.062
4,18,0.313
4,18,0.129
4,18,0.96
4,18,0.004
4,18,0.019
4,18,0.571
4,18,0.744
4,18,0.047
4,18,0.053
4,18,0.036
4,18,0.073
4,18,0.825
4,19,0.069
4,19,0.778
4,19,0.021
4,19,0.005
4,19,0.028
4,19,0.027
4,19,0.063
4,19,0.06
4,19,0.055
4,19,0.008
4,19,0.012
4,19,0.034
4,19,0.058
4,19,0.013
4,19,0.172
4,19,0.069
4,19,1.059
4,20,0.164
4,20,0.395
4,20,0.051
4,20,0.12
4,20,0.048
4,20,0.076
4,20,0.021
4,20,0.022
4,20,0.161
4,20,0.656
4,20,0.462
4,20,0.42
4,20,0.04
4,20,0.62
4,20,0.389
4,21,0.134
4,21,0.104
4,21,0.139
4,21,0.04
4,21,0.009
4,21,0.347
4,21,0.336
4,21,0.074
4,21,0.085
4,21,0.081
4,21,1.593
4,21,0.401
4,21,0.049
4,21,0.122
4,21,0.018
4,21,0.104
4,21,0.028
4,21,0.285
4,21,0.382
4,21,0.012
4,22,0.595
4,22,0.053
4,22,0.584
4,22,0.09
4,22,0.036
4,22,0.464
4,22,0.435
4,22,0.2
4,22,0.034
4,22,0.288
4,22,0.123
4,22,0.122
4,22,0.052
4,22,0.518
4,22,0.008
4,22,0.033
4,22,0.374
4,22,0.017
4,22,0.223
4,22,0.143
4,22,0.032
4,22,0.008
4,23,0.099
4,23,0.041
4,23,0.643
4,23,0.053
4,23,0.012
4,23,0.519
4,23,0.107
4,23,0.513
4,23,0.023
4,23,0.611
4,23,0.477
4,23,0.059
4,23,0.07
4,23,0.521
4,23,0.399
4,23,0.063
4,23,0.076
4,23,0.105
4,23,0.01
4,23,0.073
4,23,0.059
4,23,0.018
4,23,0.805
4,23,0.005
4,23,0.099
4,23,0.84
4,24,0.054
4,24,0.016
4,24,0.033
4,24,0.029
4,24,0.047
4,24,0.155
4,24,0.118
4,24,0.493
4,24,0.058
4,24,0.013
4,24,0.065
4,24,0.273
4,24,0.028
4,24,0.544
4,24,0.404
4,24,1.009
4,24,0.018
4,24,0.411
4,24,0.03
4,24,0.045
4,24,0.102
4,25,0.057
4,25,0.543
4,25,0.623
4,25,0.038
4,25,0.072
4,25,0.083
4,25,0.19
4,25,0.051
4,26,0.005
4,26,0.735
4,26,0.06
4,26,0.8
4,26,0.032
4,26,0.04
4,26,0.534
4,26,0.044
4,26,0.044
4,26,0.079
4,26,0.304
4,26,0.033
4,26,0.044
4,26,0.149
4,26,0.033
4,26,0.083
4,26,0.075
4,26,0.016
4,26,0.043
4,27,0.027
4,27,0.039
4,27,0.072
4,27,0.606
4,27,0.035
4,27,0.439
4,27,0.058
4,27,0.02
4,27,0.021
4,27,0.11
4,27,0.029
4,27,0.023
4,27,0.054
4,27,0.504
4,27,1.382
4,27,0.053
4,27,0.009
4,27,0.036
4,27,0.163
4,27,0.94
4,27,0.453
4,28,0.032
4,28,0.096
4,28,1.008
4,28,0.074
4,28,0.85
4,28,0.153
4,28,0.584
4,28,0.858
4,28,0.029
4,28,0.043
4,28,0.707
4,28,0.013
4,28,0.025
4,28,0.898
4,28,0.11
4,28,0.905
4,28,0.028
4,28,0.021
4,28,0.101
4,28,0.021
4,28,0.01
4,28,0.026
4,29,0.058
4,29,0.062
4,29,0.449
4,29,0.037
4,29,0.081
4,29,0.391
4,29,0.015
4,29,0.834
4,29,0.046
4,29,0.166
4,29,0.986
4,29,0.301
4,29,0.062
4,29,0.211
4,29,0.029
4,29,0.022
4,29,0.888
4,29,0.023
4,29,0.503
4,29,1.205
4,29,0.028
4,29,0.831
4,30,0.019
4,30,0.204
4,30,0.067
4,30,0.366
4,30,0.032
4,30,0.087
4,30,0.009
4,30,0.647
4,30,0.145
4,30,0.584
4,30,0.018
4,30,0.039
4,30,0.052
4,30,0.044
4,30,0.059
4,30,0.183
4,30,0.043
5,1,1.265
5,1,1.185
5,1,1.626
5,1,1.176
5,1,1.274
5,1,1.184
5,1,0.731
5,1,0.829
5,1,1.202
5,1,0.74
5,1,0.367
5,1,1.408
5,1,0.655
5,1,0.81
5,1,1.105
5,1,1.29
5,1,0.632
5,1,1.237
5,1,1.396
5,1,0.784
5,1,1.17
5,1,1.305
5,1,2.169
5,1,0.98
5,1,0.826
5,1,0.819
5,1,0.774
5,1,0.885
5,1,0.875
5,1,1.752
5,1,0.341
5,1,0.518
5,1,1.328
5,1,0.73
5,1,1.6
5,1,1.277
5,1,1.215
5,1,1.17
5,1,1.111
5,1,0.604
5,1,0.314
5,1,1.563
5,1,0.439
5,1,1.209
5,1,0.966
5,1,0.84
5,1,1.363
5,1,0.899
5,1,0.874
5,2,1.083
5,2,1.014
5,2,1.332
5,2,0.845
5,2,0.965
5,2,1.038
5,2,0.962
5,2,2.036
5,2,1.214
5,2,1.105
5,2,1.271
5,2,0.032
5,2,1.514
5,2,0.556
5,2,0.94
5,2,0.728
5,2,1.295
5,2,0.845
5,2,0.857
5,2,0.778
5,2,0.075
5,2,0.762
5,2,0.457
5,2,0.648
5,2,1.021
5,2,0.578
5,2,1.294
5,2,0.713
5,2,0.602
5,2,1.072
5,2,1.029
5,2,0.3
5,2,0.868
5,2,0.117
5,2,0.889
5,2,0.996
5,2,0.432
5,2,1.933
5,2,0.725
5,2,0.85
5,2,0.676
5,2,1.173
5,2,0.755
5,2,0.297
5,2,0.544
5,2,0.727
5,2,1.328
5,3,1.269
5,3,0.928
5,3,0.536
5,3,0.739
5,3,1.043
5,3,1.332
5,3,1.136
5,3,0.515
5,3,1.825
5,3,1.001
5,3,0.918
5,3,1.723
5,3,0.599
5,3,1.285
5,3,0.426
5,3,0.18
5,3,0.813
5,3,0.774
5,3,0.837
5,3,0.943
5,3,0.587
5,3,0.576
5,3,0.508
5,3,0.558
5,3,0.723
5,3,0.389
5,3,1.51
5,3,1.035
5,3,0.312
5,3,0.646
5,3,1.168
5,3,0.881
5,3,0.884
5,3,1.091
5,3,0.779
5,3,0.948
5,3,0.496
5,3,1.264
5,3,1.268
5,3,1.136
5,3,0.502
5,3,1.31
5,3,0.493
5,4,0.183
5,4,0.505
5,4,0.882
5,4,1.668
5,4,0.245
5,4,0.433
5,4,0.507
5,4,0.035
5,4,1.293
5,4,0.688
5,4,0.157
5,4,1.2
5,4,0.468
5,4,0.567
5,4,0.12
5,4,1.68
5,4,0.665
5,4,0.548
5,4,1.156
5,4,1.237
5,4,1.05
5,4,0.851
5,4,0.503
5,4,0.429
5,4,0.908
5,4,0.826
5,4,1.197
5,4,1.222
5,4,0.334
5,4,0.714
5,4,0.815
5,4,0.914
5,4,0.39
5,4,0.665
5,4,0.663
5,4,0.522
5,4,1.045
5,4,0.468
5,4,0.268
5,4,0.752
5,4,0.547
5,4,0.571
5,4,0.748
5,4,0.306
5,4,1.463
5,4,0.54
5,4,0.571
5,4,0.985
5,4,0.048
5,4,0.014
5,4,0.819
5,5,0.335
5,5,0.025
5,5,0.552
5,5,0.887
5,5,1.366
5,5,0.044
5,5,0.521
5,5,1.273
5,5,0.778
5,5,0.793
5,5,1.378
5,5,1.619
5,5,0.461
5,5,1.055
5,5,0.782
5,5,0.028
5,5,0.025
5,5,1.223
5,5,0.623
5,5,1.04
5,5,1.225
5,5,0.767
5,5,0.93
5,5,0.624
5,5,0.032
5,5,1.334
5,5,0.771
5,5,0.049
5,5,0.562
5,5,0.099
5,5,0.805
5,5,0.224
5,5,1.27
5,5,0.622
5,5,1.026
5,5,0.828
5,5,0.619
5,5,0.732
5,5,0.028
5,5,1.441
5,5,0.952
5,5,0.146
5,5,0.92
5,5,0.026
5,6,0.371
5,6,0.019
5,6,0.103
5,6,1.078
5,6,0.066
5,6,0.445
5,6,0.697
5,6,0.572
5,6,0.709
5,6,0.969
5,6,0.058
5,6,1.359
5,6,0.784
5,6,1.021
5,6,0.061
5,6,0.394
5,6,0.671
5,6,0.458
5,6,0.435
5,6,1.512
5,6,0.969
5,6,0.894
5,6,0.605
5,6,0.296
5,6,0.062
5,6,0.44
5,6,1.335
5,6,0.533
5,6,0.201
5,6,0.53
5,6,0.76
5,6,0.889
5,6,0.302
5,6,0.034
5,6,1.346
5,6,0.786
5,6,0.102
5,6,0.64
5,6,0.871
5,6,0.508
5,6,0.694
5,6,0.586
5,6,0.46
5,6,0.502
5,6,1.315
5,7,0.53
5,7,0.041
5,7,0.428
5,7,0.262
5,7,0.017
5,7,0.808
5,7,0.618
5,7,0.009
5,7,0.108
5,7,1.261
5,7,0.915
5,7,0.147
5,7,0.412
5,7,0.448
5,7,0.994
5,7,1.189
5,7,0.532
5,7,0.103
5,7,1.23
5,7,0.755
5,7,0.536
5,7,0.197
5,7,0.945
5,7,0.084
5,7,0.985
5,7,0.65
5,7,0.121
5,7,0.699
5,7,0.448
5,7,1.187
5,7,0.039
5,7,0.209
5,7,0.965
5,8,0.414
5,8,0.013
5,8,0.54
5,8,0.553
5,8,0.165
5,8,0.042
5,8,0.679
5,8,1.406
5,8,1.313
5,8,0.646
5,8,0.023
5,8,0.675
5,8,0.911
5,8,0.087
5,8,1.063
5,8,0.393
5,8,0.497
5,8,0.315
5,8,0.072
5,8,0.007
5,8,0.637
5,8,1.037
5,8,1.294
5,8,0.62
5,8,0.07
5,8,1.221
5,8,0.797
5,8,0.882
5,8,0.361
5,8,0.084
5,8,0.511
5,8,0.057
5,8,0.811
5,9,0.025
5,9,0.184
5,9,0.013
5,9,0.803
5,9,0.76
5,9,1.107
5,9,0.508
5,9,0.724
5,9,0.941
5,9,0.056
5,9,0.603
5,9,0.934
5,9,0.799
5,9,0.01
5,9,0.264
5,9,0.934
5,9,0.506
5,9,1.09
5,9,0.064
5,9,0.406
5,9,0.098
5,9,0.816
5,9,0.993
5,9,0.676
5,9,0.032
5,9,0.397
5,9,0.43
5,9,0.544
5,9,1.318
5,9,0.75
5,9,0.031
5,9,1.01
5,9,0.638
5,9,0.686
5,9,0.54
5,9,0.05
5,9,0.049
5,9,0.049
5,9,0.861
5,9,0.279
5,9,0.032
5,9,0.128
5,9,0.484
5,9,0.252
5,9,0.393
5,9,0.374
5,10,0.082
5,10,0.59
5,10,0.45
5,10,0.918
5,10,0.933
5,10,0.752
5,10,0.86
5,10,0.697
5,10,0.838
5,10,0.136
5,10,1.005
5,10,0.773
5,10,0.037
5,10,0.159
5,10,0.016
5,10,0.559
5,10,0.55
5,10,0.78
5,10,0.803
5,10,0.069
5,10,1.093
5,10,0.052
5,10,0.036
5,10,0.078
5,10,0.763
5,10,0.423
5,10,1.006
5,10,0.143
5,10,1.251
5,10,0.116
5,10,0.287
5,10,0.506
5,10,0.579
5,10,0.363
5,10,0.615
5,10,1.182
5,10,0.102
5,10,0.45
5,11,0.053
5,11,0.827
5,11,0.309
5,11,1.739
5,11,0.313
5,11,0.045
5,11,0.785
5,11,0.972
5,11,0.384
5,11,0.962
5,11,0.017
5,11,0.607
5,11,0.818
5,11,0.067
5,11,0.862
5,11,0.898
5,11,0.854
5,11,0.989
5,11,0.756
5,11,1.219
5,11,1.183
5,11,0.894
5,11,0.551
5,11,0.049
5,11,0.752
5,11,0.635
5,11,0.494
5,11,0.422
5,11,0.466
5,11,0.672
5,11,0.423
5,11,0.041
5,11,0.829
5,12,0.113
5,12,0.684
5,12,0.47
5,12,0.352
5,12,1.146
5,12,0.296
5,12,1.521
5,12,0.52
5,12,0.037
5,12,0.349
5,12,0.759
5,12,0.846
5,12,0.743
5,12,1.321
5,12,0.025
5,12,0.463
5,12,0.579
5,12,0.521
5,12,1.003
5,12,0.013
5,12,1.275
5,12,1.142
5,12,0.332
5,12,0.455
5,12,0.852
5,12,1.008
5,12,0.298
5,12,0.24
5,12,1.289
5,12,0.853
5,12,0.54
5,12,1.206
5,12,0.022
5,12,0.023
5,12,0.029
5,13,0.068
5,13,1.124
5,13,0.154
5,13,0.039
5,13,0.99
5,13,0.861
5,13,0.166
5,13,0.107
5,13,0.044
5,13,0.625
5,13,0.065
5,13,0.078
5,13,0.072
5,13,0.566
5,13,0.544
5,13,0.355
5,13,0.459
5,13,0.337
5,13,0.605
5,13,0.759
5,13,0.761
5,13,0.892
5,13,0.809
5,13,0.852
5,13,0.699
5,13,0.938
5,13,1.347
5,13,1.103
5,13,0.585
5,13,1.046
5,13,0.93
5,13,0.68
5,13,0.675
5,13,0.042
5,13,0.914
5,14,1.075
5,14,0.551
5,14,1.252
5,14,0.576
5,14,1.071
5,14,0.545
5,14,0.04
5,14,0.535
5,14,0.088
5,14,1.079
5,14,0.419
5,14,0.027
5,14,0.181
5,14,1.081
5,14,0.052
5,14,0.076
5,14,0.258
5,14,0.085
5,14,0.039
5,14,0.453
5,14,1.128
5,14,0.55
5,14,0.439
5,14,0.053
5,14,0.81
5,14,0.602
5,14,1.309
5,14,0.148
5,14,0.1
5,14,0.405
5,14,0.971
5,14,0.884
5,14,0.583
5,14,0.065
5,14,1.025
5,15,0.048
5,15,0.878
5,15,0.809
5,15,0.163
5,15,0.364
5,15,0.966
5,15,1.329
5,15,1.1
5,15,0.595
5,15,0.631
5,15,0.429
5,15,1.633
5,15,0.388
5,15,0.905
5,15,0.538
5,15,0.487
5,15,0.041
5,15,1.122
5,15,0.04
5,15,0.529
5,15,0.149
5,15,1.372
5,15,0.409
5,15,0.566
5,15,1.132
5,15,1.534
5,15,0.514
5,15,0.77
5,15,0.807
5,15,0.723
5,15,0.193
5,16,0.523
5,16,1.225
5,16,0.111
5,16,0.888
5,16,0.044
5,16,1.655
5,16,1.345
5,16,0.66
5,16,1.15
5,16,0.414
5,16,0.618
5,16,0.543
5,16,0.556
5,16,0.916
5,16,1.204
5,16,0.736
5,16,0.101
5,16,0.482
5,16,0.663
5,16,0.734
5,16,0.051
5,16,0.073
5,16,1.112
5,16,0.095
5,16,0.02
5,16,0.385
5,16,0.812
5,16,0.529
5,16,0.11
5,17,1.296
5,17,0.055
5,17,1.026
5,17,0.122
5,17,0.019
5,17,0.021
5,17,1.112
5,17,0.096
5,17,0.796
5,17,0.593
5,17,0.79
5,17,0.033
5,17,0.492
5,17,0.082
5,17,0.02
5,17,0.039
5,17,0.287
5,17,0.091
5,17,1.568
5,17,0.035
5,17,0.137
5,17,0.032
5,17,0.027
5,17,1.091
5,17,0.815
5,17,1.087
5,17,0.239
5,17,0.627
5,17,1.306
5,17,0.02
5,17,0.048
5,17,0.414
5,18,0.047
5,18,0.514
5,18,0.55
5,18,0.916
5,18,0.848
5,18,0.742
5,18,1.232
5,18,0.473
5,18,0.778
5,18,0.304
5,18,0.098
5,18,0.046
5,18,0.801
5,18,0.07
5,18,0.642
5,18,0.089
5,18,0.86
5,18,0.783
5,18,0.174
5,18,0.328
5,18,0.163
5,18,0.894
5,18,0.089
5,18,0.081
5,18,0.018
5,19,0.053
5,19,0.097
5,19,0.673
5,19,0.947
5,19,0.106
5,19,0.404
5,19,0.579
5,19,0.074
5,19,0.035
5,19,1.151
5,19,0.612
5,19,0.553
5,19,0.205
5,19,0.092
5,19,0.035
5,19,0.527
5,19,1.31
5,19,0.562
5,19,1.185
5,19,0.073
5,19,0.158
5,19,0.509
5,19,0.012
5,19,0.568
5,19,1.702
5,19,1.104
5,19,0.355
5,20,0.205
5,20,0.556
5,20,0.306
5,20,0.049
5,20,0.06
5,20,0.086
5,20,0.406
5,20,0.051
5,20,0.963
5,20,1.067
5,20,0.607
5,20,1.17
5,20,0.38
5,20,0.752
5,20,0.017
5,20,0.155
5,20,0.033
5,20,1.024
5,20,0.523
5,20,0.282
5,20,0.104
5,20,0.089
5,20,0.015
5,20,0.014
5,20,0.57
5,20,0.027
5,20,0.01
5,21,0.431
5,21,0.025
5,21,1.251
5,21,0.453
5,21,0.428
5,21,0.321
5,21,0.041
5,21,0.932
5,21,0.044
5,21,1.164
5,21,0.787
5,21,1.037
5,21,0.068
5,21,0.44
5,21,0.047
5,21,0.697
5,21,0.443
5,21,0.16
5,21,0.006
5,21,0.356
5,21,0.03
5,21,0.068
5,22,0.506
5,22,0.376
5,22,0.561
5,22,0.111
5,22,0.041
5,22,0.044
5,22,0.102
5,22,0.029
5,22,0.025
5,22,0.071
5,22,1.311
5,22,0.668
5,22,0.086
5,22,0.043
5,22,0.531
5,22,1.107
5,22,0.095
5,22,0.598
5,22,0.57
5,22,1.119
5,22,0.665
5,22,0.024
5,22,0.623
5,22,0.061
5,23,0.553
5,23,0.871
5,23,0.054
5,23,0.042
5,23,0.177
5,23,0.726
5,23,0.602
5,23,0.102
5,23,1.399
5,23,0.822
5,23,0.062
5,23,0.418
5,23,0.715
5,23,1.512
5,23,0.295
5,23,0.755
5,23,0.022
5,23,0.029
5,23,0.049
5,23,1.004
5,23,2.067
5,23,0.69
5,23,0.652
5,23,1.294
5,23,0.079
5,24,0.073
5,24,0.09
5,24,0.642
5,24,0.099
5,24,0.779
5,24,0.044
5,24,0.211
5,24,1.074
5,24,0.574
5,24,0.939
5,24,0.059
5,24,0.618
5,24,0.011
5,24,0.631
5,24,0.113
5,24,0.48
5,24,0.062
5,24,1.627
5,24,0.074
5,24,1.092
5,24,1.315
5,25,0.126
5,25,0.49
5,25,0.555
5,25,0.094
5,25,0.033
5,25,0.097
5,25,0.702
5,25,0.094
5,25,1.454
5,25,0.071
5,25,0.157
5,25,0.274
5,25,0.031
5,25,0.153
5,25,0.159
5,25,0.152
5,25,0.543
5,25,0.026
5,25,0.031
5,25,0.715
5,26,0.022
5,26,0.07
5,26,0.685
5,26,0.148
5,26,0.072
5,26,0.073
5,26,0.228
5,26,0.848
5,26,0.082
5,26,0.014
5,26,0.036
5,26,0.088
5,26,0.348
5,26,1.297
5,26,0.023
5,26,0.052
5,26,1.488
5,26,1.516
5,26,0.064
5,26,2.26
5,26,0.059
5,26,0.971
5,26,0.53
5,26,0.013
5,26,0.872
5,26,0.486
5,27,0.054
5,27,0.02
5,27,1.079
5,27,0.963
5,27,0.268
5,27,0.057
5,27,0.155
5,27,0.737
5,27,0.092
5,27,0.36
5,27,0.037
5,27,0.04
5,27,1.559
5,27,0.473
5,27,0.116
5,27,0.7
5,27,0.495
5,27,0.45
5,27,0.396
5,27,0.038
5,27,0.195
5,27,0.843
5,27,0.079
5,27,0.045
5,28,0.088
5,28,0.572
5,28,1.027
5,28,1.034
5,28,0.081
5,28,1.389
5,28,0.033
5,28,0.543
5,28,0.188
5,28,0.541
5,28,0.57
5,28,0.126
5,28,0.064
5,28,0.718
5,28,0.619
5,28,0.037
5,28,1.91
5,28,1.065
5,28,0.112
5,28,0.435
5,28,0.074
5,28,0.062
5,28,1.346
5,28,0.659
5,29,0.133
5,29,1.009
5,29,0.649
5,29,0.062
5,29,0.508
5,29,1.293
5,29,0.068
5,29,0.043
5,29,0.657
5,29,0.138
5,29,0.088
5,29,0.053
5,29,0.045
5,29,0.833
5,29,0.362
5,29,0.143
5,29,1.019
5,29,0.058
5,29,0.04
5,29,0.778
5,29,0.015
5,29,0.034
5,29,1.078
5,29,0.565
5,29,0.043
5,29,0.363
5,29,0.142
5,29,1.036
5,29,1.016
5,29,0.128
5,29,0.302
5,29,0.087
5,29,0.056
5,29,0.823
5,29,0.044
5,30,0.136
5,30,0.579
5,30,0.692
5,30,0.93
5,30,0.748
5,30,0.762
5,30,0.08
5,30,0.656
5,30,1.182
5,30,1.066
5,30,0.283
5,30,0.438
5,30,0.646
5,30,0.085
5,30,0.189
5,30,1.247
5,30,0.387
5,30,1.023
6,1,0.803
6,1,1.146
6,1,1.485
6,1,0.936
6,1,0.671
6,1,1.021
6,1,0.836
6,1,1.475
6,1,0.955
6,1,1.764
6,1,1.361
6,1,2.095
6,1,0.412
6,1,0.463
6,1,1.237
6,1,0.665
6,1,0.785
6,1,1.353
6,1,1.231
6,1,1.057
6,1,0.898
6,1,1.294
6,1,2.276
6,1,0.649
6,1,0.952
6,1,1.261
6,1,0.585
6,1,1.299
6,1,0.68
6,1,0.751
6,2,1.175
6,2,0.944
6,2,1.011
6,2,0.542
6,2,0.804
6,2,0.77
6,2,0.538
6,2,1.426
6,2,1.061
6,2,0.824
6,2,0.606
6,2,0.573
6,2,1.175
6,2,0.538
6,2,1.169
6,2,0.376
6,2,0.078
6,2,1.411
6,2,0.101
6,2,0.508
6,2,0.917
6,2,0.198
6,2,1.246
6,2,1.444
6,2,0.285
6,2,0.894
6,2,1.063
6,2,0.762
6,2,0.721
6,2,0.469
6,2,1.084
6,2,1.112
6,3,0.016
6,3,0.54
6,3,1.609
6,3,0.771
6,3,0.415
6,3,0.603
6,3,0.258
6,3,0.344
6,3,1.117
6,3,0.789
6,3,0.954
6,3,0.612
6,3,0.005
6,3,0.348
6,3,0.32
6,3,0.292
6,3,0.746
6,3,0.349
6,3,0.207
6,3,1.157
6,3,0.392
6,3,0.542
6,3,0.312
6,3,0.2
6,3,0.882
6,3,0.506
6,3,0.744
6,3,0.411
6,3,1.427
6,3,0.575
6,3,0.954
6,3,0.071
6,3,0.656
6,3,0.512
6,3,0.073
6,3,0.664
6,3,0.943
6,3,1.827
6,3,1.013
6,3,1.082
6,3,0.467
6,4,0.688
6,4,0.466
6,4,1.047
6,4,0.921
6,4,0.971
6,4,1.167
6,4,0.37
6,4,0.712
6,4,0.402
6,4,0.777
6,4,1.062
6,4,0.631
6,4,0.654
6,4,0.043
6,4,0.036
6,4,0.079
6,4,0.841
6,4,0.148
6,4,0.739
6,4,0.564
6,4,0.866
6,4,0.039
6,4,1.024
6,4,0.754
6,4,0.382
6,4,1.133
6,4,0.899
6,4,1.039
6,4,0.075
6,4,1.316
6,4,0.037
6,4,0.582
6,4,1.453
6,4,0.756
6,4,0.586
6,4,0.632
6,4,0.953
6,4,0.645
6,4,0.405
6,5,0.243
6,5,0.419
6,5,0.387
6,5,0.802
6,5,0.067
6,5,0.675
6,5,0.347
6,5,0.825
6,5,0.054
6,5,1.465
6,5,0.04
6,5,1.597
6,5,0.534
6,5,0.833
6,5,0.822
6,5,0.398
6,5,0.637
6,5,0.462
6,5,0.029
6,5,0.123
6,5,0.27
6,5,0.292
6,5,0.304
6,5,0.546
6,5,1.034
6,5,0.907
6,5,0.902
6,5,1.313
6,5,0.232
6,5,0.396
6,5,0.571
6,5,1.261
6,5,0.583
6,5,0.524
6,5,0.128
6,5,0.094
6,5,0.123
6,5,0.324
6,5,0.022
6,5,0.507
6,5,0.029
6,5,0.043
6,6,1.085
6,6,0.306
6,6,0.326
6,6,0.276
6,6,0.277
6,6,1.018
6,6,0.39
6,6,0.605
6,6,0.079
6,6,0.033
6,6,0.338
6,6,0.523
6,6,0.617
6,6,0.231
6,6,0.039
6,6,0.502
6,6,0.389
6,6,0.502
6,6,0.357
6,6,0.469
6,6,1.075
6,6,0.791
6,6,0.433
6,6,0.052
6,6,0.724
6,6,0.504
6,6,1.549
6,6,0.659
6,6,0.148
6,6,0.18
6,6,0.08
6,6,0.731
6,6,1.671
6,6,0.897
6,6,0.451
6,6,0.035
6,6,1.089
6,6,0.066
6,6,0.328
6,6,0.415
6,7,0.623
6,7,0.219
6,7,0.51
6,7,0.393
6,7,0.353
6,7,0.954
6,7,0.052
6,7,0.432
6,7,0.739
6,7,0.02
6,7,0.692
6,7,1.062
6,7,0.629
6,7,0.01
6,7,0.051
6,7,0.043
6,7,1.107
6,7,1.116
6,7,0.678
6,7,0.667
6,7,0.569
6,7,0.433
6,7,1.575
6,7,0.417
6,7,0.526
6,7,0.742
6,7,1.575
6,7,0.511
6,7,0.05
6,7,0.995
6,7,0.914
6,7,0.476
6,7,0.901
6,7,0.882
6,7,0.682
6,7,0.082
6,8,0.254
6,8,1.118
6,8,0.772
6,8,0.059
6,8,0.085
6,8,0.07
6,8,0.068
6,8,0.57
6,8,0.356
6,8,0.937
6,8,0.074
6,8,0.233
6,8,0.078
6,8,1.136
6,8,0.652
6,8,0.125
6,8,0.414
6,8,0.386
6,8,0.438
6,8,1.782
6,8,0.545
6,8,0.38
6,8,0.033
6,8,0.593
6,8,0.27
6,8,0.488
6,8,0.91
6,8,0.179
6,8,0.533
6,8,1.508
6,8,0.093
6,9,0.674
6,9,0.022
6,9,1.117
6,9,0.324
6,9,0.605
6,9,0.176
6,9,0.175
6,9,0.572
6,9,0.034
6,9,0.638
6,9,0.359
6,9,0.53
6,9,0.27
6,9,0.403
6,9,0.354
6,9,0.108
6,9,0.011
6,9,0.875
6,9,0.086
6,9,0.98
6,9,0.529
6,9,0.075
6,9,0.066
6,9,0.416
6,9,0.055
6,9,0.212
6,9,0.04
6,10,0.358
6,10,1.016
6,10,0.317
6,10,0.738
6,10,0.233
6,10,0.031
6,10,0.007
6,10,0.04
6,10,0.065
6,10,0.215
6,10,0.575
6,10,0.024
6,10,0.172
6,10,0.491
6,10,0.159
6,10,0.567
6,10,0.071
6,10,1.865
6,10,0.591
6,10,0.298
6,10,1.279
6,10,0.415
6,10,0.932
6,10,0.029
6,10,1.341
6,10,0.052
6,10,0.335
6,10,0.136
6,11,0.024
6,11,0.564
6,11,0.031
6,11,0.624
6,11,0.267
6,11,0.005
6,11,0.299
6,11,0.397
6,11,0.035
6,11,1.026
6,11,0.349
6,11,0.06
6,11,0.981
6,11,0.271
6,11,0.009
6,11,0.557
6,11,0.65
6,11,0.563
6,11,1.012
6,11,0.062
6,11,0.634
6,11,0.493
6,11,0.626
6,11,0.527
6,11,0.242
6,11,0.094
6,11,0.007
6,11,0.1
6,11,0.613
6,11,0.278
6,11,0.027
6,11,0.996
6,11,0.033
6,11,0.453
6,12,0.439
6,12,0.248
6,12,0.597
6,12,0.642
6,12,0.906
6,12,0.476
6,12,1.019
6,12,0.884
6,12,0.269
6,12,0.694
6,12,0.208
6,12,0.038
6,12,0.479
6,12,0.298
6,12,0.027
6,12,0.238
6,12,0.578
6,12,0.089
6,12,0.177
6,12,0.053
6,12,0.237
6,12,0.729
6,12,0.037
6,12,0.07
6,12,0.281
6,12,0.221
6,12,0.45
6,12,0.412
6,12,0.16
6,12,1.104
6,12,0.384
6,12,0.023
6,12,0.572
6,12,0.507
6,12,0.089
6,13,0.04
6,13,0.007
6,13,0.063
6,13,0.259
6,13,1.356
6,13,0.836
6,13,1.496
6,13,0.7
6,13,0.027
6,13,0.512
6,13,0.881
6,13,0.882
6,13,0.174
6,13,0.073
6,13,0.021
6,13,0.02
6,13,0.405
6,13,0.687
6,13,0.485
6,13,0.025
6,13,0.294
6,13,0.028
6,13,0.338
6,13,0.755
6,13,0.872
6,13,0.448
6,13,0.156
6,13,0.395
6,13,0.024
6,14,0.049
6,14,0.043
6,14,0.371
6,14,0.291
6,14,0.648
6,14,0.556
6,14,0.671
6,14,0.046
6,14,0.07
6,14,0.244
6,14,0.36
6,14,0.746
6,14,0.357
6,14,0.832
6,14,0.242
6,14,0.539
6,14,0.005
6,14,0.093
6,14,0.254
6,14,0.384
6,14,0.013
6,14,0.007
6,14,0.255
6,14,0.307
6,14,0.052
6,14,0.054
6,14,0.004
6,14,0.477
6,14,0.871
6,14,0.053
6,14,0.837
6,14,0.103
6,14,0.035
6,14,0.152
6,15,0.788
6,15,0.561
6,15,0.168
6,15,1.656
6,15,0.648
6,15,0.116
6,15,0.176
6,15,0.314
6,15,1.034
6,15,0.917
6,15,0.396
6,15,0.404
6,15,0.108
6,15,0.744
6,15,0.125
6,16,0.105
6,16,0.646
6,16,0.379
6,16,0.107
6,16,0.169
6,16,0.716
6,16,0.071
6,16,0.513
6,16,0.729
6,16,0.469
6,16,0.456
6,16,0.356
6,16,0.706
6,16,0.368
6,16,0.012
6,16,0.143
6,16,0.504
6,16,0.418
6,16,0.857
6,16,0.015
6,16,0.033
6,16,0.978
6,16,1.294
6,16,0.574
6,16,0.127
6,17,0.186
6,17,0.514
6,17,0.033
6,17,0.04
6,17,0.1
6,17,0.025
6,17,0.332
6,17,0.112
6,17,0.061
6,17,0.018
6,17,0.03
6,17,0.077
6,17,0.048
6,17,0.877
6,17,0.548
6,17,0.171
6,17,0.074
6,17,0.063
6,17,0.036
6,18,0.527
6,18,0.894
6,18,0.261
6,18,0.235
6,18,0.078
6,18,0.092
6,18,0.138
6,18,0.033
6,18,0.033
6,18,0.007
6,18,0.099
6,18,0.064
6,18,1.023
6,18,0.195
6,18,0.063
6,18,0.058
6,18,0.41
6,18,0.143
6,18,0.815
6,18,0.302
6,18,0.076
6,19,0.255
6,19,0.084
6,19,1.319
6,19,0.476
6,19,0.038
6,19,0.638
6,19,1.347
6,19,0.03
6,19,0.068
6,19,0.025
6,19,0.582
6,19,0.066
6,19,0.261
6,19,0.13
6,19,0.025
6,20,0.361
6,20,0.304
6,20,0.92
6,20,0.641
6,20,0.032
6,20,0.032
6,20,0.03
6,20,0.063
6,20,1.042
6,20,0.246
6,20,0.403
6,20,0.49
6,20,0.035
6,20,0.439
6,20,0.636
6,20,0.04
6,20,0.082
6,20,0.712
6,21,0.043
6,21,0.582
6,21,0.03
6,21,0.078
6,21,0.501
6,21,0.09
6,21,0.699
6,21,0.237
6,21,1.13
6,21,0.025
6,21,0.261
6,21,0.006
6,21,0.023
6,21,0.019
6,21,0.468
6,21,0.418
6,21,1.523
6,21,0.258
6,21,0.056
6,21,0.117
6,21,0.009
6,21,0.049
6,22,0.72
6,22,0.462
6,22,1.145
6,22,0.653
6,22,0.027
6,22,0.046
6,22,0.043
6,22,1.262
6,22,0.016
6,22,0.128
6,22,0.343
6,22,0.638
6,22,0.422
6,22,0.084
6,22,0.017
6,22,0.026
6,22,0.081
6,22,0.616
6,23,0.724
6,23,0.296
6,23,0.452
6,23,0.082
6,23,0.058
6,23,0.862
6,23,0.025
6,23,0.372
6,23,0.032
6,23,0.043
6,23,0.964
6,23,0.039
6,23,0.056
6,23,0.047
6,23,0.052
6,23,0.055
6,23,0.22
6,23,0.123
6,23,0.053
6,24,0.021
6,24,0.053
6,24,0.19
6,24,0.036
6,24,0.096
6,24,0.764
6,24,0.066
6,24,0.041
6,24,0.202
6,24,0.049
6,24,0.232
6,24,0.159
6,24,0.096
6,24,0.134
6,24,0.051
6,24,0.956
6,24,0.166
6,24,0.401
6,24,0.113
6,24,0.1
6,24,0.011
6,24,0.036
6,24,0.355
6,25,0.022
6,25,0.908
6,25,0.44
6,25,0.042
6,25,0.661
6,25,0.431
6,25,0.35
6,25,0.029
6,25,0.479
6,25,0.595
6,25,0.013
6,25,0.081
6,25,0.138
6,25,0.062
6,25,0.009
6,25,0.025
6,25,0.053
6,25,0.077
6,25,0.025
6,26,0.039
6,26,0.055
6,26,0.044
6,26,0.725
6,26,0.597
6,26,0.129
6,26,0.111
6,26,0.091
6,26,0.113
6,26,0.012
6,26,0.713
6,26,0.585
6,26,0.053
6,26,0.726
6,26,0.098
6,26,0.007
6,27,0.032
6,27,0.036
6,27,0.249
6,27,0.039
6,27,0.06
6,27,0.044
6,27,0.578
6,27,0.562
6,27,0.047
6,27,0.066
6,27,0.031
6,27,0.011
6,27,0.146
6,27,0.416
6,27,0.535
6,27,0.042
6,27,0.903
6,27,0.071
6,27,0.032
6,27,0.513
6,27,0.331
6,27,0.133
6,28,0.721
6,28,0.178
6,28,0.065
6,28,0.016
6,28,0.275
6,28,0.191
6,28,0.02
6,28,0.022
6,28,0.021
6,28,0.038
6,28,0.484
6,28,0.296
6,28,0.491
6,28,0.848
6,28,0.024
6,28,0.717
6,28,0.41
6,28,0.022
6,28,0.034
6,29,0.889
6,29,0.784
6,29,0.046
6,29,0.042
6,29,0.041
6,29,0.161
6,29,0.019
6,29,0.426
6,29,0.008
6,29,0.044
6,29,0.072
6,29,0.978
6,29,0.676
6,29,0.09
6,29,0.047
6,29,0.096
6,29,0.141
6,29,0.003
6,30,0.104
6,30,0.028
6,30,0.022
6,30,0.023
6,30,0.043
6,30,0.107
6,30,0.01
6,30,0.073
6,30,0.912
6,30,0.081
6,30,1.073
6,30,0.089
6,30,0.174
6,30,0.289
6,30,0.045
7,1,1.453
7,1,2.339
7,1,1.279
7,1,0.999
7,1,1.019
7,1,0.507
7,1,0.965
7,1,0.629
7,1,0.049
7,1,0.508
7,1,0.818
7,1,1.529
7,1,0.986
7,1,1.766
7,1,0.67
7,1,0.629
7,1,1.087
7,1,1.379
7,1,0.011
7,1,0.928
7,1,0.677
7,1,0.47
7,1,1.668
7,2,1.49
7,2,1.299
7,2,0.207
7,2,0.439
7,2,1.034
7,2,0.032
7,2,1.142
7,2,2.075
7,2,1.45
7,2,0.939
7,2,0.076
7,2,1.067
7,2,0.82
7,2,1.806
7,2,1.257
7,2,0.872
7,2,0.757
7,2,0.158
7,2,1.162
7,2,0.959
7,2,0.72
7,2,1.388
7,2,0.676
7,2,0.109
7,2,0.656
7,2,0.147
7,2,0.582
7,2,0.504
7,2,0.903
7,2,1.055
7,3,0.35
7,3,1.363
7,3,1.162
7,3,0.875
7,3,0.536
7,3,1.24
7,3,0.327
7,3,1.081
7,3,1.407
7,3,0.769
7,3,1.914
7,3,1.498
7,3,0.87
7,3,0.935
7,3,0.025
7,3,0.9
7,3,1.647
7,3,0.756
7,3,0.033
7,3,0.03
7,3,1.048
7,3,1.107
7,3,0.013
7,3,0.566
7,3,1.028
7,3,1.496
7,3,1.51
7,3,1.254
7,3,0.901
7,3,0.947
7,3,0.925
7,3,0.082
7,4,0.045
7,4,1.53
7,4,0.672
7,4,0.258
7,4,0.235
7,4,1.003
7,4,0.055
7,4,0.03
7,4,0.066
7,4,2.706
7,4,1.632
7,4,0.418
7,4,0.027
7,4,0.144
7,4,0.886
7,4,0.073
7,4,0.931
7,4,0.738
7,4,1.533
7,4,0.078
7,4,0.127
7,4,0.918
7,4,1.277
7,4,1.289
7,4,0.729
7,4,0.05
7,4,1.075
7,4,0.032
7,4,0.52
7,5,0.587
7,5,1.156
7,5,0.766
7,5,0.272
7,5,1.165
7,5,0.011
7,5,0.388
7,5,0.352
7,5,1.496
7,5,0.367
7,5,0.292
7,5,0.095
7,5,0.973
7,5,0.454
7,5,0.042
7,5,0.613
7,5,1.202
7,5,0.478
7,5,1.258
7,5,0.782
7,5,0.393
7,5,0.465
7,5,0.052
7,5,0.062
7,5,0.302
7,5,0.781
7,5,0.112
7,5,1.544
7,5,0.477
7,5,0.528
7,5,0.272
7,6,1.259
7,6,0.857
7,6,0.041
7,6,0.409
7,6,0.055
7,6,0.317
7,6,0.362
7,6,0.036
7,6,0.369
7,6,0.057
7,6,1.053
7,6,0.778
7,6,0.716
7,6,1.82
7,6,0.874
7,6,0.637
7,6,0.055
7,6,0.614
7,6,0.571
7,6,0.061
7,6,2.025
7,6,0.032
7,6,0.051
7,6,0.047
7,6,1.107
7,6,0.262
7,6,0.036
7,6,0.076
7,6,0.105
7,6,0.57
7,7,0.372
7,7,0.452
7,7,0.423
7,7,0.026
7,7,0.799
7,7,0.481
7,7,0.929
7,7,0.783
7,7,0.451
7,7,0.973
7,7,0.34
7,7,0.948
7,7,0.677
7,7,0.626
7,7,1.176
7,7,1.094
7,7,0.561
7,7,0.538
7,7,1.033
7,7,0.073
7,7,1.2
7,7,0.065
7,7,1.372
7,7,0.533
7,8,0.839
7,8,0.651
7,8,0.271
7,8,0.45
7,8,0.544
7,8,0.076
7,8,0.425
7,8,0.56
7,8,1.57
7,8,0.389
7,8,0.113
7,8,0.239
7,8,0.099
7,8,0.505
7,8,0.494
7,8,0.301
7,8,0.024
7,8,0.073
7,8,0.093
7,8,0.03
7,8,0.027
7,8,0.091
7,8,0.564
7,8,0.012
7,8,1.329
7,8,1.067
7,9,0.462
7,9,1.282
7,9,0.506
7,9,0.721
7,9,1.476
7,9,0.006
7,9,0.714
7,9,0.642
7,9,0.101
7,9,0.087
7,9,0.271
7,9,0.321
7,9,0.739
7,9,0.04
7,9,1.125
7,9,0.087
7,9,0.642
7,9,1.691
7,9,2.064
7,9,1.42
7,9,0.717
7,9,0.284
7,9,0.115
7,9,0.063
7,10,0.312
7,10,0.342
7,10,0.01
7,10,1.077
7,10,0.043
7,10,0.55
7,10,0.049
7,10,0.372
7,10,0.594
7,10,0.211
7,10,0.09
7,10,0.016
7,10,0.051
7,10,0.027
7,10,0.162
7,10,1.173
7,10,0.037
7,10,0.135
7,10,0.123
7,10,0.115
7,10,0.038
7,10,0.122
7,10,0.371
7,10,0.485
7,10,0.13
7,10,0.572
7,10,0.039
7,10,0.866
7,11,0.029
7,11,0.265
7,11,0.194
7,11,0.028
7,11,0.486
7,11,0.181
7,11,0.044
7,11,0.378
7,11,0.333
7,11,0.865
7,11,0.047
7,11,0.656
7,11,0.083
7,11,0.461
7,11,0.565
7,11,0.157
7,11,0.075
7,11,0.067
7,11,0.558
7,11,0.632
7,12,0.385
7,12,0.118
7,12,0.339
7,12,0.827
7,12,0.017
7,12,0.085
7,12,0.055
7,12,0.795
7,12,0.808
7,12,0.186
7,12,0.03
7,12,0.306
7,12,0.014
7,12,1.337
7,12,0.141
7,12,0.077
7,12,0.468
7,12,0.644
7,12,0.163
7,12,0.656
7,12,0.891
7,12,0.069
7,12,0.306
7,12,0.588
7,13,0.42
7,13,0.232
7,13,0.007
7,13,0.023
7,13,0.061
7,13,1.001
7,13,2.218
7,13,0.071
7,13,0.024
7,13,0.091
7,13,0.029
7,13,0.132
7,13,0.628
7,13,0.04
7,13,0.013
7,13,0.02
7,13,0.024
7,13,0.091
7,13,0.428
7,13,0.032
7,13,0.071
7,13,0.058
7,13,0.757
7,13,0.029
7,13,0.261
7,13,0.579
7,13,0.171
7,13,0.051
7,14,0.027
7,14,0.018
7,14,0.563
7,14,0.063
7,14,0.025
7,14,0.117
7,14,0.036
7,14,0.092
7,14,0.083
7,14,0.232
7,14,1.22
7,14,0.048
7,14,0.625
7,14,0.045
7,14,0.421
7,14,0.105
7,14,0.021
7,14,1.344
7,14,0.009
7,14,0.085
7,14,0.018
7,14,0.01
7,14,0.039
7,14,0.021
7,15,0.005
7,15,0.032
7,15,0.063
7,15,0.03
7,15,0.034
7,15,0.093
7,15,0.071
7,15,0.014
7,15,0.826
7,15,0.024
7,15,0.276
7,15,0.013
7,15,0.024
7,15,0.047
7,15,0.025
7,15,0.032
7,15,0.084
7,15,0.113
7,15,1.331
7,15,0.229
7,15,0.019
7,15,0.391
7,16,0.448
7,16,0.755
7,16,0.011
7,16,0.068
7,16,0.029
7,16,0.606
7,16,0.014
7,16,0.312
7,16,0.277
7,16,0.81
7,16,1.335
7,16,0.489
7,16,0.078
7,16,0.419
7,16,0.382
7,16,0.093
7,16,0.161
7,16,0.951
7,16,0.111
7,16,0.039
7,16,0.084
7,17,0.185
7,17,0.066
7,17,0.014
7,17,0.649
7,17,0.015
7,17,1.249
7,17,0.085
7,17,0.557
7,17,0.031
7,17,0.025
7,17,0.034
7,17,0.707
7,17,0.067
7,17,0.072
7,17,0.065
7,17,0.051
7,17,1.71
7,17,0.125
7,18,0.918
7,18,0.547
7,18,0.03
7,18,0.08
7,18,0.144
7,18,0.532
7,18,0.126
7,18,0.319
7,18,0.015
7,18,0.02
7,18,0.009
7,18,0.04
7,18,0.03
7,18,0.102
7,18,0.017
7,18,0.387
7,18,0.032
7,18,0.04
7,18,0.039
7,18,0.065
7,18,0.462
7,18,0.191
7,19,0.016
7,19,0.024
7,19,0.319
7,19,0.026
7,19,0.051
7,19,0.015
7,19,0.019
7,19,0.332
7,19,0.558
7,19,0.064
7,19,0.165
7,19,0.021
7,19,0.399
7,19,0.084
7,19,0.203
7,19,0.172
7,19,0.52
7,19,0.047
7,19,0.012
7,20,0.284
7,20,0.626
7,20,0.009
7,20,0.236
7,20,0.044
7,20,0.05
7,20,0.324
7,20,0.005
7,20,0.089
7,20,0.04
7,20,0.065
7,20,0.077
7,20,0.327
7,20,0.972
7,20,0.108
7,20,0.064
7,20,0.026
7,20,0.027
7,20,0.016
7,21,0.44
7,21,0.233
7,21,0.01
7,21,0.04
7,21,0.369
7,21,0.025
7,21,0.012
7,21,0.078
7,21,0.254
7,21,0.033
7,21,0.045
7,21,0.045
7,21,0.016
7,21,0.024
7,21,0.016
7,21,0.024
7,21,0.034
7,21,0.012
7,21,0.062
7,21,0.096
7,21,0.011
7,21,0.017
7,21,0.059
7,21,0.029
7,21,0.669
7,22,0.585
7,22,0.494
7,22,0.09
7,22,0.054
7,22,0.285
7,22,0.067
7,22,0.155
7,22,0.634
7,22,0.053
7,22,0.528
7,22,0.035
7,22,0.05
7,22,0.243
7,22,0.449
7,22,0.102
7,22,0.072
7,22,0.226
7,23,0.037
7,23,0.063
7,23,0.494
7,23,0.081
7,23,0.116
7,23,0.07
7,23,0.083
7,23,1.147
7,23,0.078
7,23,0.04
7,23,0.015
7,23,0.52
7,23,0.032
7,23,0.917
7,23,0.535
7,23,0.008
7,23,0.722
7,23,0.286
7,23,0.29
7,23,0.032
7,24,0.073
7,24,0.086
7,24,0.021
7,24,0.042
7,24,0.067
7,24,0.278
7,24,0.896
7,24,0.41
7,24,0.061
7,24,0.051
7,24,0.886
7,24,0.044
7,24,0.084
7,24,0.05
7,24,0.017
7,25,0.607
7,25,0.159
7,25,0.568
7,25,0.047
7,25,0.018
7,25,0.005
7,25,0.151
7,25,0.046
7,25,0.023
7,25,0.053
7,25,0.151
7,25,0.043
7,25,0.01
7,25,0.031
7,25,0.069
7,25,0.033
7,25,0.009
7,25,0.037
7,26,0.274
7,26,0.033
7,26,0.053
7,26,0.023
7,26,0.665
7,26,0.054
7,26,0.682
7,26,0.483
7,26,0.089
7,26,0.099
7,26,0.056
7,26,0.329
7,26,0.03
7,26,0.042
7,26,0.132
7,26,0.069
7,26,0.021
7,27,0.078
7,27,0.025
7,27,1.29
7,27,0.027
7,27,1.598
7,27,0.165
7,27,0.042
7,27,0.009
7,27,0.324
7,27,1.777
7,27,0.839
7,27,0.107
7,27,0.057
7,27,0.045
7,27,0.392
7,27,0.406
7,27,0.095
7,27,0.007
7,27,0.166
7,27,0.114
7,27,0.036
7,27,0.024
7,28,0.041
7,28,0.362
7,28,0.082
7,28,0.076
7,28,0.057
7,28,0.552
7,28,0.368
7,28,0.045
7,28,0.464
7,28,0.057
7,28,0.028
7,28,0.137
7,29,0.126
7,29,0.037
7,29,1.299
7,29,0.045
7,29,0.028
7,29,0.008
7,29,0.031
7,29,0.033
7,29,0.04
7,29,1.822
7,29,0.042
7,29,0.043
7,29,0.166
7,30,0.063
7,30,0.07
7,30,0.021
7,30,0.722
7,30,0.019
7,30,0.274
7,30,0.044
7,30,0.056
7,30,0.042
7,30,0.057
7,30,0.346
7,30,0.065
7,30,0.044
7,30,0.026
8,1,1.945
8,1,0.993
8,1,0.54
8,1,2.195
8,1,0.631
8,1,1.57
8,1,1.293
8,1,0.961
8,1,0.423
8,1,1.177
8,1,0.7
8,1,0.6
8,1,1.508
8,1,0.05
8,1,0.467
8,1,0.325
8,1,1.108
8,1,0.879
8,1,0.826
8,1,1.435
8,1,2.024
8,1,0.77
8,1,1.653
8,1,0.969
8,1,1.429
8,1,0.897
8,1,0.932
8,1,0.941
8,1,0.428
8,1,2.006
8,1,1.644
8,1,1.183
8,1,0.427
8,1,0.875
8,1,0.641
8,1,0.16
8,1,1.218
8,1,1.671
8,1,0.383
8,2,1.097
8,2,0.48
8,2,1.149
8,2,0.471
8,2,0.044
8,2,1.703
8,2,1.515
8,2,1.233
8,2,0.574
8,2,0.76
8,2,0.651
8,2,0.847
8,2,0.816
8,2,0.335
8,2,1.839
8,2,0.122
8,2,1.343
8,2,0.209
8,2,2.429
8,2,1.703
8,2,1.094
8,2,0.554
8,2,0.607
8,2,1.421
8,2,0.925
8,2,0.604
8,2,1.089
8,2,0.177
8,2,1.572
8,2,0.337
8,2,0.49
8,3,0.667
8,3,0.479
8,3,1.356
8,3,0.315
8,3,1.799
8,3,0.096
8,3,0.077
8,3,0.625
8,3,1.314
8,3,1.355
8,3,0.926
8,3,0.777
8,3,0.722
8,3,0.43
8,3,0.964
8,3,0.79
8,3,0.532
8,3,0.571
8,3,0.194
8,3,1.279
8,3,0.676
8,3,0.682
8,3,1.112
8,3,0.531
8,3,0.029
8,3,1.286
8,3,0.805
8,3,1.233
8,3,0.739
8,3,0.047
8,3,0.204
8,3,0.284
8,3,0.328
8,3,0.754
8,3,1.298
8,3,1.276
8,3,1.159
8,3,0.78
8,4,0.023
8,4,0.838
8,4,0.012
8,4,0.04
8,4,0.844
8,4,1.205
8,4,1.5
8,4,0.494
8,4,0.327
8,4,0.172
8,4,0.74
8,4,0.023
8,4,0.334
8,4,1.171
8,4,0.472
8,4,0.606
8,4,0.387
8,4,1.552
8,4,0.668
8,4,0.104
8,4,1.611
8,4,0.386
8,4,0.106
8,4,1.237
8,4,1.043
8,4,0.058
8,4,0.874
8,4,0.563
8,4,0.572
8,4,0.881
8,4,0.059
8,4,1.484
8,4,1.28
8,4,0.618
8,4,0.786
8,4,0.028
8,4,0.49
8,5,1.3
8,5,0.038
8,5,0.021
8,5,1.241
8,5,0.066
8,5,0.269
8,5,0.994
8,5,1.324
8,5,0.068
8,5,0.833
8,5,0.431
8,5,0.993
8,5,0.283
8,5,0.068
8,5,0.043
8,5,0.673
8,5,0.572
8,5,1.527
8,5,0.059
8,5,0.144
8,5,0.588
8,5,1.381
8,5,0.022
8,5,0.688
8,5,1.324
8,5,0.621
8,5,1.254
8,5,0.019
8,5,0.152
8,5,1.12
8,5,1.309
8,5,0.719
8,5,0.817
8,6,0.017
8,6,0.037
8,6,0.691
8,6,0.104
8,6,0.849
8,6,0.771
8,6,0.942
8,6,0.583
8,6,0.686
8,6,0.81
8,6,0.732
8,6,1.661
8,6,1.169
8,6,1.268
8,6,0.94
8,6,0.019
8,6,1.275
8,6,1.289
8,6,0.128
8,6,0.296
8,6,1.275
8,6,0.647
8,6,1.526
8,6,0.621
8,6,0.043
8,6,0.06
8,6,0.897
8,6,0.471
8,6,0.944
8,6,0.191
8,6,0.478
8,6,0.089
8,7,0.027
8,7,0.502
8,7,0.285
8,7,0.124
8,7,0.289
8,7,0.02
8,7,0.834
8,7,0.503
8,7,0.031
8,7,0.228
8,7,0.479
8,7,0.048
8,7,0.068
8,7,0.316
8,7,1.167
8,7,0.982
8,7,0.537
8,7,0.486
8,7,0.599
8,7,0.721
8,7,0.092
8,7,0.854
8,7,0.028
8,7,0.034
8,7,0.518
8,7,1.44
8,7,0.626
8,7,0.099
8,7,0.923
8,7,0.039
8,7,1.008
8,7,0.514
8,7,0.824
8,7,0.452
8,7,1.68
8,7,0.066
8,7,0.575
8,8,0.605
8,8,0.869
8,8,0.382
8,8,0.076
8,8,0.965
8,8,0.824
8,8,0.69
8,8,0.326
8,8,0.095
8,8,1.058
8,8,0.007
8,8,0.021
8,8,0.035
8,8,0.283
8,8,0.942
8,8,0.822
8,8,0.546
8,8,0.723
8,8,1.131
8,8,0.42
8,8,0.443
8,8,1.031
8,8,0.286
8,8,0.577
8,8,0.384
8,8,0.368
8,8,0.132
8,8,0.869
8,8,0.941
8,9,0.535
8,9,0.634
8,9,0.024
8,9,0.354
8,9,0.478
8,9,0.111
8,9,0.496
8,9,0.035
8,9,0.604
8,9,0.599
8,9,0.035
8,9,0.023
8,9,1.05
8,9,0.017
8,9,0.194
8,9,0.023
8,9,0.112
8,9,0.037
8,9,0.226
8,9,0.951
8,9,0.148
8,9,0.406
8,9,0.404
8,9,0.021
8,9,0.652
8,9,0.818
8,9,0.033
8,9,0.582
8,9,1.622
8,9,0.025
8,10,0.229
8,10,0.555
8,10,0.008
8,10,0.547
8,10,0.014
8,10,0.631
8,10,0.547
8,10,0.035
8,10,0.624
8,10,0.033
8,10,0.396
8,10,0.447
8,10,0.738
8,10,1.71
8,10,0.386
8,10,0.385
8,10,1.198
8,10,0.94
8,10,0.761
8,10,0.547
8,10,1.094
8,10,1.529
8,10,0.629
8,10,1.559
8,10,0.027
8,10,0.236
8,11,1.073
8,11,0.136
8,11,0.029
8,11,0.168
8,11,0.318
8,11,0.513
8,11,0.485
8,11,0.616
8,11,0.268
8,11,0.383
8,11,0.395
8,11,0.557
8,11,0.069
8,11,0.394
8,11,0.109
8,11,0.261
8,11,0.372
8,11,0.268
8,12,1.201
8,12,0.913
8,12,0.036
8,12,0.872
8,12,1.109
8,12,0.644
8,12,0.066
8,12,0.579
8,12,0.039
8,12,0.091
8,12,0.394
8,12,0.24
8,12,0.174
8,12,0.361
8,12,1.987
8,12,0.468
8,12,0.038
8,12,0.03
8,12,0.612
8,13,0.049
8,13,0.043
8,13,0.662
8,13,0.798
8,13,1.656
8,13,0.29
8,13,0.422
8,13,0.045
8,13,0.287
8,13,0.749
8,13,0.053
8,13,0.081
8,13,0.501
8,13,0.049
8,13,1.231
8,13,0.694
8,13,0.565
8,13,1.057
8,13,0.97
8,13,0.39
8,13,1.125
8,13,0.635
8,13,0.125
8,13,0.158
8,13,1.476
8,13,0.027
8,13,1.213
8,13,0.275
8,14,0.835
8,14,0.524
8,14,0.988
8,14,0.244
8,14,1.617
8,14,0.21
8,14,0.049
8,14,0.057
8,14,0.04
8,14,0.067
8,14,0.95
8,14,0.525
8,14,0.497
8,14,0.112
8,14,0.228
8,14,0.755
8,14,0.029
8,14,1.522
8,14,0.38
8,14,0.46
8,14,0.031
8,14,0.032
8,14,0.037
8,14,0.013
8,14,0.579
8,14,0.421
8,14,0.026
8,14,0.61
8,14,0.031
8,14,0.513
8,14,0.66
8,15,0.27
8,15,1.199
8,15,1.198
8,15,0.6
8,15,1.244
8,15,0.326
8,15,0.989
8,15,0.591
8,15,1.719
8,15,0.018
8,15,0.463
8,15,0.31
8,15,0.891
8,15,0.431
8,15,0.507
8,15,0.047
8,15,1.126
8,15,0.032
8,15,0.365
8,15,1.284
8,15,0.47
8,15,0.461
8,16,1.378
8,16,0.066
8,16,0.87
8,16,0.825
8,16,0.401
8,16,0.319
8,16,0.563
8,16,0.341
8,16,0.047
8,16,0.226
8,16,0.752
8,16,0.048
8,16,0.654
8,16,0.974
8,16,0.042
8,16,1.088
8,16,0.004
8,16,0.038
8,16,0.08
8,16,0.15
8,16,0.858
8,16,0.433
8,16,0.015
8,16,0.074
8,16,0.243
8,16,0.06
8,16,0.284
8,16,0.011
8,16,0.419
8,17,0.814
8,17,0.036
8,17,0.093
8,17,0.149
8,17,0.413
8,17,0.007
8,17,0.046
8,17,0.047
8,17,0.056
8,17,0.684
8,17,0.021
8,17,0.904
8,17,0.778
8,17,0.007
8,17,0.217
8,17,0.031
8,17,0.741
8,17,0.638
8,17,0.786
8,17,0.044
8,17,0.708
8,17,1.132
8,17,1.452
8,17,1.172
8,17,0.039
8,17,0.508
8,17,1.197
8,17,0.983
8,17,0.403
8,17,0.067
8,17,0.005
8,17,0.019
8,17,1.036
8,18,0.132
8,18,0.065
8,18,0.421
8,18,0.382
8,18,0.092
8,18,0.257
8,18,0.534
8,18,0.147
8,18,0.392
8,18,0.721
8,18,0.674
8,19,0.051
8,19,0.611
8,19,0.607
8,19,1.125
8,19,1.734
8,19,0.038
8,19,0.141
8,19,0.24
8,19,1.293
8,19,0.037
8,19,0.112
8,19,0.083
8,19,0.432
8,19,0.019
8,19,0.247
8,19,0.166
8,19,0.011
8,19,0.061
8,19,0.037
8,19,1.106
8,20,0.04
8,20,0.788
8,20,0.026
8,20,0.35
8,20,0.522
8,20,0.246
8,20,0.05
8,20,0.025
8,20,0.96
8,20,0.021
8,20,0.075
8,20,0.066
8,20,0.047
8,20,0.054
8,20,0.064
8,20,0.036
8,20,0.095
8,20,0.074
8,20,0.024
8,20,0.15
8,20,0.34
8,20,0.016
8,21,1.22
8,21,0.044
8,21,0.129
8,21,0.48
8,21,0.078
8,21,0.048
8,21,0.378
8,21,0.204
8,21,0.024
8,21,0.221
8,21,0.065
8,21,0.115
8,21,0.06
8,21,0.083
8,21,0.043
8,21,0.089
8,21,0.067
8,21,0.036
8,21,0.712
8,21,0.045
8,21,0.338
8,22,0.023
8,22,0.394
8,22,0.463
8,22,1.359
8,22,0.087
8,22,0.014
8,22,0.037
8,22,0.308
8,22,0.142
8,22,0.063
8,22,0.326
8,22,0.015
8,22,0.137
8,22,0.709
8,22,0.043
8,22,0.423
8,22,0.039
8,22,0.068
8,22,0.375
8,22,0.826
8,22,0.067
8,22,0.031
8,22,0.333
8,22,0.048
8,23,0.014
8,23,0.586
8,23,0.856
8,23,0.051
8,23,1.096
8,23,0.058
8,23,0.005
8,23,0.07
8,23,0.819
8,23,0.023
8,23,0.814
8,23,0.098
8,23,0.293
8,23,0.03
8,23,1.046
8,23,0.067
8,23,0.039
8,23,0.306
8,23,0.06
8,23,0.045
8,23,0.057
8,24,0.044
8,24,0.095
8,24,0.673
8,24,0.216
8,24,0.849
8,24,0.171
8,24,0.482
8,24,0.373
8,24,0.1
8,24,0.479
8,24,0.021
8,24,0.234
8,24,0.241
8,24,0.046
8,24,0.012
8,24,0.783
8,24,0.138
8,24,0.463
8,24,0.466
8,25,0.167
8,25,0.835
8,25,0.046
8,25,1.39
8,25,0.078
8,25,0.053
8,25,1.221
8,25,0.062
8,25,1.106
8,25,0.078
8,25,0.786
8,25,0.073
8,25,0.038
8,25,0.059
8,25,0.033
8,26,0.612
8,26,1.041
8,26,1.215
8,26,0.42
8,26,0.628
8,26,1.102
8,26,0.06
8,26,0.387
8,26,0.299
8,26,0.371
8,26,0.053
8,26,0.54
8,26,0.271
8,26,0.097
8,26,0.328
8,26,1.421
8,26,0.103
8,26,0.006
8,26,0.093
8,27,0.045
8,27,0.081
8,27,0.459
8,27,0.009
8,27,1.342
8,27,0.912
8,27,0.984
8,27,0.075
8,27,0.402
8,27,0.031
8,27,0.009
8,27,0.034
8,27,0.978
8,27,0.009
8,27,0.039
8,27,0.821
8,28,0.027
8,28,0.052
8,28,0.015
8,28,0.332
8,28,0.035
8,28,0.431
8,28,0.094
8,28,0.052
8,28,0.717
8,28,0.064
8,28,0.029
8,28,0.182
8,28,0.322
8,28,0.871
8,29,0.09
8,29,0.048
8,29,0.022
8,29,0.016
8,29,0.046
8,29,0.059
8,29,0.066
8,29,0.066
8,29,0.118
8,29,0.084
8,29,1.09
8,29,0.235
8,29,0.028
8,29,0.04
8,29,0.024
8,29,0.284
8,29,0.052
8,29,0.026
8,29,0.077
8,30,0.071
8,30,0.084
8,30,0.073
8,30,0.026
8,30,0.077
8,30,0.031
8,30,0.479
8,30,0.271
8,30,0.044
8,30,0.068
8,30,0.42
8,30,0.893
8,30,0.307
8,30,0.124
8,30,0.035
8,30,0.351
8,30,0.02
8,30,0.774
8,30,0.385
8,30,0.06
9,1,0.477
9,1,1.036
9,1,1.563
9,1,0.597
9,1,0.97
9,1,1.576
9,1,2.105
9,1,1.962
9,1,1.18
9,1,0.585
9,1,0.868
9,1,0.958
9,1,0.74
9,1,0.61
9,1,0.66
9,1,0.896
9,1,0.032
9,1,1.11
9,1,1.086
9,1,0.842
9,1,0.928
9,1,1.226
9,1,1.103
9,1,1.16
9,1,2.014
9,1,1.904
9,1,0.766
9,1,0.65
9,1,1.336
9,1,0.94
9,1,1.25
9,1,0.75
9,1,1.774
9,1,0.025
9,1,0.53
9,1,0.895
9,1,0.718
9,1,0.893
9,1,0.525
9,1,0.331
9,1,1.011
9,1,1.436
9,2,0.809
9,2,0.015
9,2,1.933
9,2,0.424
9,2,0.338
9,2,0.076
9,2,0.046
9,2,0.063
9,2,0.403
9,2,0.973
9,2,0.098
9,2,0.369
9,2,1.624
9,2,1.238
9,2,0.825
9,2,0.878
9,2,1.498
9,2,0.857
9,2,0.936
9,2,0.472
9,2,0.701
9,2,0.774
9,2,1.207
9,2,1.008
9,2,1.168
9,2,0.153
9,2,0.982
9,2,0.762
9,2,1.53
9,2,0.054
9,2,0.603
9,3,0.066
9,3,0.627
9,3,0.01
9,3,0.944
9,3,0.056
9,3,0.022
9,3,1.391
9,3,0.043
9,3,0.538
9,3,1.268
9,3,0.99
9,3,0.509
9,3,0.191
9,3,1.474
9,3,0.953
9,3,0.53
9,3,0.179
9,3,1.106
9,3,0.964
9,3,0.961
9,3,1.361
9,3,1.838
9,3,0.607
9,3,0.599
9,3,0.539
9,3,1.32
9,3,0.712
9,3,0.636
9,3,0.04
9,3,0.044
9,3,1.336
9,3,0.029
9,3,0.914
9,3,0.908
9,3,0.044
9,3,0.564
9,3,0.395
9,3,0.568
9,3,0.031
9,4,1.102
9,4,0.487
9,4,0.192
9,4,0.385
9,4,0.079
9,4,1.233
9,4,0.446
9,4,0.347
9,4,0.067
9,4,0.885
9,4,0.42
9,4,0.817
9,4,0.115
9,4,0.091
9,4,0.024
9,4,0.645
9,4,0.726
9,4,0.015
9,4,0.952
9,4,1.022
9,4,1.594
9,4,1.605
9,4,0.493
9,4,0.724
9,4,0.06
9,4,0.431
9,4,0.459
9,4,0.067
9,4,0.933
9,4,0.905
9,4,0.684
9,4,0.382
9,4,1.005
9,4,1.344
9,4,0.537
9,4,0.079
9,4,0.915
9,4,0.165
9,4,1.008
9,4,1.007
9,4,0.287
9,5,0.039
9,5,0.431
9,5,0.611
9,5,0.039
9,5,0.187
9,5,0.476
9,5,0.533
9,5,0.022
9,5,1.155
9,5,0.432
9,5,1.035
9,5,0.234
9,5,1.1
9,5,1.118
9,5,0.913
9,5,1.29
9,5,0.99
9,5,1.577
9,5,1.181
9,5,0.556
9,5,0.044
9,5,1.129
9,5,0.296
9,5,0.448
9,5,0.054
9,5,0.115
9,5,0.06
9,5,0.446
9,5,0.936
9,5,0.705
9,5,1.25
9,5,0.06
9,5,1.078
9,6,0.281
9,6,0.01
9,6,0.029
9,6,0.038
9,6,0.684
9,6,1.168
9,6,0.659
9,6,0.566
9,6,0.62
9,6,0.998
9,6,0.429
9,6,0.219
9,6,0.138
9,6,0.033
9,6,0.05
9,6,0.009
9,6,0.028
9,6,1.029
9,6,1.027
9,6,0.022
9,6,0.547
9,6,0.48
9,6,0.052
9,6,0.663
9,6,0.051
9,6,1.528
9,6,0.42
9,6,0.097
9,6,0.057
9,6,0.465
9,6,0.897
9,7,0.545
9,7,1.262
9,7,0.677
9,7,0.516
9,7,0.279
9,7,0.416
9,7,0.126
9,7,0.907
9,7,0.065
9,7,0.358
9,7,0.619
9,7,0.482
9,7,0.171
9,7,0.825
9,7,1.569
9,7,0.446
9,7,0.508
9,7,1.418
9,7,0.106
9,7,0.049
9,7,0.076
9,7,0.267
9,7,0.495
9,7,0.075
9,8,0.398
9,8,0.877
9,8,0.031
9,8,0.02
9,8,1.048
9,8,0.03
9,8,0.652
9,8,0.763
9,8,0.02
9,8,0.91
9,8,0.6
9,8,0.05
9,8,0.061
9,8,0.111
9,8,0.283
9,8,0.305
9,8,0.529
9,8,0.362
9,8,0.616
9,8,0.131
9,8,0.033
9,8,1.077
9,8,0.55
9,8,0.04
9,8,0.084
9,8,0.604
9,8,0.659
9,8,0.253
9,8,0.037
9,8,0.587
9,8,0.08
9,8,0.068
9,8,0.076
9,8,0.637
9,8,0.779
9,8,0.114
9,8,0.037
9,8,0.094
9,8,0.022
9,8,1.341
9,8,0.049
9,9,0.266
9,9,0.318
9,9,0.054
9,9,0.017
9,9,0.508
9,9,0.345
9,9,0.091
9,9,0.935
9,9,0.054
9,9,0.01
9,9,1.095
9,9,0.057
9,9,0.497
9,9,0.083
9,9,1.174
9,9,0.627
9,9,0.036
9,9,0.429
9,9,0.036
9,9,0.029
9,9,0.073
9,9,0.015
9,9,0.027
9,9,1.175
9,9,0.624
9,9,0.953
9,9,0.422
9,9,0.969
9,9,0.525
9,9,0.311
9,9,0.038
9,9,0.547
9,9,0.131
9,10,0.031
9,10,0.075
9,10,0.033
9,10,0.188
9,10,0.567
9,10,0.02
9,10,0.063
9,10,0.033
9,10,0.516
9,10,0.28
9,10,1.338
9,10,0.058
9,10,1.923
9,10,0.022
9,10,0.013
9,10,0.047
9,10,0.743
9,10,1.018
9,10,1.027
9,10,0.01
9,10,0.038
9,10,0.85
9,10,1.005
9,10,0.012
9,10,0.128
9,10,0.207
9,10,0.771
9,10,0.04
9,10,1.424
9,10,0.991
9,10,0.231
9,10,1.022
9,10,0.672
9,10,0.029
9,10,0.077
9,10,0.056
9,10,0.021
9,11,0.695
9,11,0.56
9,11,0.056
9,11,0.258
9,11,0.744
9,11,0.013
9,11,0.74
9,11,0.582
9,11,0.755
9,11,0.765
9,11,0.025
9,11,1.388
9,11,0.149
9,11,0.011
9,11,0.689
9,11,0.009
9,11,1.098
9,11,0.044
9,11,0.023
9,11,0.605
9,11,0.012
9,11,0.042
9,11,1.243
9,11,0.039
9,11,0.027
9,11,0.038
9,12,0.245
9,12,0.529
9,12,0.366
9,12,0.016
9,12,0.061
9,12,0.495
9,12,0.909
9,12,0.777
9,12,0.345
9,12,1.172
9,12,1.297
9,12,0.032
9,12,0.056
9,12,1.206
9,12,0.033
9,12,0.68
9,12,0.521
9,12,0.54
9,12,0.185
9,12,0.06
9,12,0.582
9,12,0.011
9,12,0.008
9,12,0.368
9,12,0.515
9,12,0.014
9,12,0.729
9,13,0.7
9,13,0.452
9,13,0.03
9,13,0.323
9,13,0.122
9,13,1.449
9,13,0.445
9,13,0.556
9,13,0.046
9,13,0.868
9,13,0.663
9,13,0.722
9,13,0.036
9,13,0.04
9,13,0.979
9,13,0.031
9,13,0.035
9,13,0.012
9,13,0.734
9,13,0.032
9,13,0.059
9,13,0.262
9,13,0.181
9,13,0.23
9,13,0.068
9,13,1.218
9,13,0.246
9,13,0.039
9,13,0.61
9,13,0.006
9,13,0.028
9,13,0.077
9,13,0.505
9,14,0.271
9,14,0.475
9,14,0.092
9,14,0.063
9,14,0.203
9,14,0.137
9,14,0.688
9,14,0.493
9,14,0.034
9,14,0.059
9,14,0.021
9,14,0.042
9,14,0.078
9,14,0.335
9,14,0.415
9,14,0.354
9,14,0.59
9,14,0.082
9,14,0.638
9,15,0.034
9,15,0.808
9,15,0.058
9,15,0.034
9,15,0.675
9,15,0.207
9,15,0.341
9,15,0.044
9,15,0.369
9,15,0.595
9,15,0.22
9,15,0.032
9,15,0.019
9,15,0.641
9,15,0.061
9,15,0.026
9,15,0.948
9,15,0.014
9,15,0.842
9,15,0.068
9,15,0.029
9,15,0.08
9,15,0.373
9,15,0.043
9,15,0.249
9,16,0.324
9,16,0.045
9,16,0.03
9,16,0.848
9,16,0.124
9,16,0.046
9,16,0.769
9,16,0.079
9,16,0.033
9,16,0.022
9,16,0.889
9,16,0.029
9,16,0.032
9,16,0.04
9,16,0.466
9,16,0.737
9,16,0.698
9,16,0.293
9,16,0.77
9,16,0.369
9,16,0.01
9,16,0.304
9,16,0.028
9,16,0.79
9,16,0.033
9,16,0.023
9,16,0.062
9,16,0.612
9,17,0.485
9,17,0.017
9,17,0.053
9,17,0.043
9,17,0.77
9,17,0.123
9,17,0.064
9,17,0.036
9,17,0.037
9,17,0.013
9,17,0.056
9,17,0.227
9,17,0.824
9,17,0.679
9,17,0.019
9,17,0.216
9,17,0.191
9,17,0.052
9,17,0.036
9,17,0.049
9,17,0.092
9,17,0.037
9,17,0.142
9,17,0.027
9,17,0.044
9,17,0.045
9,17,0.623
9,17,0.007
9,17,1.067
9,17,0.523
9,17,0.558
9,18,0.063
9,18,0.023
9,18,0.03
9,18,0.766
9,18,0.015
9,18,0.395
9,18,0.03
9,18,0.118
9,18,0.056
9,18,0.554
9,18,0.045
9,18,0.044
9,18,0.05
9,18,0.061
9,18,0.05
9,18,0.766
9,18,0.021
9,18,0.023
9,18,0.735
9,18,0.077
9,18,0.008
9,18,1.503
9,18,0.071
9,18,0.032
9,18,0.258
9,18,0.044
9,18,0.026
9,19,0.016
9,19,0.028
9,19,0.015
9,19,0.202
9,19,0.244
9,19,0.028
9,19,0.284
9,19,0.062
9,19,0.024
9,19,0.028
9,19,0.035
9,19,0.062
9,19,0.029
9,19,0.934
9,19,0.049
9,19,0.641
9,19,0.543
9,19,0.576
9,19,0.021
9,19,0.482
9,19,0.649
9,19,0.068
9,19,0.03
9,20,0.051
9,20,0.07
9,20,0.043
9,20,0.116
9,20,0.865
9,20,0.632
9,20,0.322
9,20,0.315
9,20,0.04
9,20,1.157
9,20,0.1
9,20,0.138
9,20,0.814
9,20,0.723
9,20,0.041
9,20,0.056
9,20,0.057
9,20,0.373
9,20,0.077
9,20,0.057
9,20,0.574
9,20,0.068
9,21,0.045
9,21,0.308
9,21,0.056
9,21,0.115
9,21,0.063
9,21,0.009
9,21,0.015
9,21,0.031
9,21,1.329
9,21,0.02
9,21,0.053
9,21,0.081
9,21,0.038
9,21,0.033
9,21,0.019
9,21,0.039
9,21,0.089
9,21,0.894
9,21,0.467
9,21,0.874
9,22,0.16
9,22,0.093
9,22,1
9,22,0.077
9,22,0.045
9,22,0.078
9,22,0.033
9,22,0.15
9,22,0.742
9,22,0.049
9,22,0.094
9,22,1.19
9,22,0.036
9,22,0.022
9,22,0.061
9,22,2.277
9,22,0.016
9,22,0.424
9,22,0.069
9,23,0.118
9,23,0.251
9,23,0.023
9,23,0.445
9,23,0.271
9,23,0.049
9,23,0.017
9,23,0.041
9,23,0.14
9,23,0.221
9,23,0.032
9,23,0.035
9,23,0.02
9,23,0.03
9,23,0.071
9,23,0.108
9,23,0.454
9,23,0.074
9,23,0.502
9,23,0.03
9,23,0.052
9,23,0.466
9,23,0.446
9,23,0.96
9,23,0.13
9,24,0.538
9,24,0.603
9,24,0.029
9,24,0.03
9,24,0.064
9,24,0.529
9,24,0.458
9,24,0.046
9,24,0.07
9,24,0.031
9,24,0.056
9,24,0.053
9,24,0.564
9,24,0.026
9,24,0.036
9,24,0.027
9,24,0.069
9,24,0.02
9,24,1.298
9,24,0.703
9,24,0.039
9,24,0.038
9,24,0.294
9,24,0.046
9,24,0.419
9,25,0.257
9,25,0.067
9,25,0.089
9,25,0.077
9,25,0.485
9,25,0.024
9,25,0.018
9,25,0.041
9,25,0.04
9,25,0.998
9,25,0.435
9,25,0.071
9,25,0.033
9,25,0.052
9,25,0.03
9,25,0.231
9,26,0.731
9,26,0.038
9,26,0.033
9,26,0.023
9,26,0.416
9,26,0.03
9,26,0.237
9,26,0.077
9,26,0.336
9,26,0.043
9,26,0.005
9,26,0.01
9,26,1.429
9,26,0.3
9,26,0.681
9,26,0.121
9,26,1.389
9,27,0.173
9,27,0.102
9,27,0.019
9,27,0.159
9,27,0.067
9,27,0.126
9,27,0.454
9,27,0.033
9,27,0.547
9,27,0.128
9,27,0.085
9,27,0.097
9,27,1.007
9,27,0.06
9,27,0.037
9,27,0.73
9,27,0.694
9,27,0.818
9,27,0.118
9,27,0.014
9,27,1.337
9,27,1.214
9,27,0.998
9,27,0.055
9,27,0.026
9,27,0.151
9,27,0.015
9,27,0.691
9,28,0.062
9,28,0.243
9,28,0.672
9,28,1.123
9,28,0.053
9,28,0.394
9,28,0.27
9,28,0.031
9,28,0.041
9,28,0.053
9,28,0.107
9,28,0.047
9,28,0.045
9,28,0.074
9,28,0.176
9,28,0.04
9,28,0.037
9,28,0.449
9,28,0.042
9,28,0.065
9,28,0.031
9,28,0.451
9,29,0.279
9,29,0.048
9,29,0.018
9,29,0.292
9,29,0.043
9,29,0.737
9,29,0.034
9,29,0.041
9,29,0.052
9,29,0.045
9,29,0.528
9,29,1.607
9,29,0.018
9,29,0.032
9,29,0.112
9,29,0.479
9,29,0.03
9,29,0.128
9,29,0.031
9,29,1.245
9,29,1.271
9,29,0.474
9,30,0.143
9,30,0.073
9,30,0.095
9,30,0.063
9,30,0.105
9,30,0.018
9,30,0.026
9,30,0.007
9,30,0.716
9,30,0.053
9,30,0.087
9,30,0.013
9,30,0.021
9,30,0.475
9,30,0.032
9,30,0.037
9,30,0.078
9,30,0.185
9,30,0.044
9,30,0.144
9,30,0.099
9,30,0.035
9,30,0.298
9,30,0.58
9,30,0.076
9,30,0.123
