1,1,0.85
1,1,1.755
1,1,1.163
1,1,0.985
1,1,1.724
1,1,0.968
1,1,1.03
1,1,1.69
1,1,0.281
1,1,1.686
1,1,1.413
1,1,1.484
1,1,0.951
1,1,1.044
1,1,0.362
1,1,1.343
1,1,0.305
1,1,0.744
1,1,0.848
1,1,0.896
1,1,1.055
1,1,0.984
1,1,1.283
1,1,1.362
1,1,0.708
1,1,1.006
1,1,1.224
1,1,1.513
1,1,1.049
1,1,1.344
1,1,1.549
1,1,1.13
1,1,1.088
1,1,0.22
1,1,1.12
1,1,0.099
1,1,1.56
1,1,1.25
1,1,1.53
1,2,1.251
1,2,0.378
1,2,1.198
1,2,0.55
1,2,1.276
1,2,0.739
1,2,0.435
1,2,0.647
1,2,0.476
1,2,0.075
1,2,0.496
1,2,0.014
1,2,1.018
1,2,1.259
1,2,0.674
1,2,0.53
1,2,0.913
1,2,0.805
1,2,0.381
1,2,0.48
1,2,1.304
1,2,1.586
1,2,0.059
1,2,1.277
1,2,0.636
1,2,0.124
1,2,1.336
1,2,0.579
1,2,0.519
1,2,1.501
1,2,0.557
1,2,0.807
1,2,1.495
1,2,0.029
1,2,0.074
1,2,1.83
1,3,0.489
1,3,1.585
1,3,0.754
1,3,0.87
1,3,1.063
1,3,1.144
1,3,0.519
1,3,0.407
1,3,1.128
1,3,0.974
1,3,0.679
1,3,0.433
1,3,1.122
1,3,1.072
1,3,0.427
1,3,1.175
1,3,0.78
1,3,1.4
1,3,0.95
1,3,0.352
1,3,0.759
1,3,0.403
1,3,0.497
1,3,1.218
1,3,0.443
1,3,1.216
1,3,0.883
1,3,1.027
1,3,0.997
1,3,1.033
1,3,0.635
1,3,1.187
1,3,0.411
1,3,0.752
1,3,0.678
1,3,1.082
1,3,0.665
1,3,0.542
1,3,0.284
1,3,1.27
1,3,0.975
1,4,0.467
1,4,1.131
1,4,1.039
1,4,0.309
1,4,0.928
1,4,1.342
1,4,0.235
1,4,0.524
1,4,0.423
1,4,1.142
1,4,1.46
1,4,0.774
1,4,0.456
1,4,0.227
1,4,0.962
1,4,0.643
1,4,1.521
1,4,0.727
1,4,0.628
1,4,0.613
1,4,0.118
1,4,0.448
1,4,0.742
1,4,0.932
1,4,1.208
1,4,0.491
1,4,0.893
1,4,1.012
1,4,0.675
1,4,0.65
1,4,1.107
1,4,0.396
1,4,0.937
1,4,0.978
1,4,0.723
1,4,0.469
1,4,0.06
1,4,0.795
1,4,0.098
1,4,0.854
1,4,0.999
1,4,0.551
1,4,0.91
1,4,0.966
1,5,0.254
1,5,1.084
1,5,0.342
1,5,1.082
1,5,0.977
1,5,1.553
1,5,1.081
1,5,1.032
1,5,0.585
1,5,1.086
1,5,0.636
1,5,1.111
1,5,0.056
1,5,0.489
1,5,0.685
1,5,0.852
1,5,0.969
1,5,0.444
1,5,0.804
1,5,1.28
1,5,1.102
1,5,0.184
1,5,0.39
1,5,0.365
1,5,0.659
1,5,0.063
1,5,0.326
1,5,0.476
1,5,1.255
1,5,0.497
1,5,0.731
1,5,0.365
1,5,1.509
1,5,0.174
1,5,1.156
1,5,1.165
1,5,0.791
1,5,0.868
1,6,0.319
1,6,0.516
1,6,0.516
1,6,0.843
1,6,0.808
1,6,0.961
1,6,0.748
1,6,0.466
1,6,0.345
1,6,0.86
1,6,0.762
1,6,0.944
1,6,0.772
1,6,0.287
1,6,0.696
1,6,0.43
1,6,1.369
1,6,0.56
1,6,0.314
1,6,1.107
1,6,0.538
1,6,0.527
1,6,0.542
1,6,0.627
1,6,0.501
1,6,1.18
1,6,0.493
1,6,0.664
1,6,0.59
1,6,0.739
1,6,1.264
1,6,0.573
1,6,0.692
1,6,0.847
1,6,0.506
1,6,0.456
1,6,0.397
1,6,0.046
1,6,1.168
1,7,0.952
1,7,0.082
1,7,0.247
1,7,0.813
1,7,1.382
1,7,1.32
1,7,0.429
1,7,0.644
1,7,0.394
1,7,1.229
1,7,0.585
1,7,0.08
1,7,0.358
1,7,0.486
1,7,0.431
1,7,0.668
1,7,0.685
1,7,0.93
1,7,0.863
1,7,1.072
1,7,0.998
1,7,0.407
1,7,0.715
1,7,0.791
1,7,0.3
1,7,0.842
1,7,0.733
1,7,1.006
1,7,0.993
1,7,0.92
1,7,0.494
1,7,1.309
1,7,1.237
1,7,0.395
1,7,0.604
1,7,1.314
1,7,0.721
1,7,0.407
1,7,0.846
1,8,0.72
1,8,0.663
1,8,0.488
1,8,0.297
1,8,1.066
1,8,0.682
1,8,1.017
1,8,0.828
1,8,0.914
1,8,0.714
1,8,0.312
1,8,0.672
1,8,0.365
1,8,0.779
1,8,0.482
1,8,0.637
1,8,0.147
1,8,1.116
1,8,0.565
1,8,0.978
1,8,1.099
1,8,1.576
1,8,0.145
1,8,0.515
1,8,0.781
1,8,0.933
1,8,0.451
1,8,0.344
1,8,0.387
1,8,0.949
1,8,0.029
1,8,0.616
1,8,1.276
1,8,0.838
1,8,0.071
1,8,0.05
1,8,0.331
1,8,0.178
1,8,0.406
1,8,0.044
1,9,0.782
1,9,0.214
1,9,0.261
1,9,0.632
1,9,0.642
1,9,0.795
1,9,0.678
1,9,0.738
1,9,0.997
1,9,0.491
1,9,1.096
1,9,0.523
1,9,0.051
1,9,0.58
1,9,0.585
1,9,0.914
1,9,0.758
1,9,1.096
1,9,0.311
1,9,1.027
1,9,0.352
1,9,0.544
1,9,0.635
1,9,0.725
1,9,0.694
1,9,1.152
1,9,0.829
1,9,0.646
1,9,0.034
1,9,0.697
1,9,0.335
1,9,0.731
1,10,0.415
1,10,0.354
1,10,0.704
1,10,0.53
1,10,0.619
1,10,0.708
1,10,0.429
1,10,0.295
1,10,0.502
1,10,0.47
1,10,0.941
1,10,0.901
1,10,0.484
1,10,0.869
1,10,0.637
1,10,1.198
1,10,0.53
1,10,0.449
1,10,0.538
1,10,0.897
1,10,0.272
1,10,0.622
1,10,0.261
1,10,0.477
1,10,0.049
1,10,0.36
1,10,0.834
1,10,0.429
1,10,0.366
1,10,0.226
1,10,0.217
1,10,0.478
1,10,0.521
1,10,0.512
1,11,0.696
1,11,0.531
1,11,0.492
1,11,0.838
1,11,0.779
1,11,0.393
1,11,0.915
1,11,0.878
1,11,0.941
1,11,0.338
1,11,0.329
1,11,0.045
1,11,0.028
1,11,0.258
1,11,0.435
1,11,0.56
1,11,0.319
1,11,1.085
1,11,0.553
1,11,0.279
1,11,0.865
1,11,0.525
1,11,0.332
1,11,0.014
1,11,0.361
1,11,0.096
1,11,0.155
1,11,0.858
1,11,0.932
1,11,0.02
1,11,0.173
1,11,0.389
1,11,0.968
1,11,0.938
1,11,0.358
1,11,0.312
1,11,0.406
1,11,1.03
1,12,0.838
1,12,0.27
1,12,1.048
1,12,0.929
1,12,1.162
1,12,0.107
1,12,0.247
1,12,0.288
1,12,0.043
1,12,0.792
1,12,0.456
1,12,0.903
1,12,0.135
1,12,1.173
1,12,1.151
1,12,0.402
1,12,0.408
1,12,0.791
1,12,0.682
1,12,0.23
1,12,0.949
1,12,0.14
1,12,0.129
1,12,0.129
1,12,0.038
1,12,0.62
1,12,0.054
1,12,0.704
1,12,0.43
1,12,0.944
1,12,0.252
1,12,0.442
1,12,0.836
1,12,0.153
1,12,0.506
1,13,0.645
1,13,0.587
1,13,0.748
1,13,0.668
1,13,0.163
1,13,0.34
1,13,0.514
1,13,0.063
1,13,0.465
1,13,0.382
1,13,0.361
1,13,0.563
1,13,0.942
1,13,0.089
1,13,0.264
1,13,0.167
1,13,0.421
1,13,0.592
1,13,0.421
1,13,0.088
1,13,0.709
1,13,0.569
1,13,0.867
1,13,1.15
1,13,0.924
1,13,0.432
1,13,0.972
1,13,0.543
1,13,0.445
1,13,0.38
1,14,0.444
1,14,1.195
1,14,0.054
1,14,0.373
1,14,0.046
1,14,0.176
1,14,1.068
1,14,1.09
1,14,0.285
1,14,0.76
1,14,0.019
1,14,0.417
1,14,0.645
1,14,0.345
1,14,0.325
1,14,0.105
1,14,0.745
1,14,0.363
1,14,0.126
1,14,0.791
1,14,0.523
1,14,0.809
1,14,1.073
1,14,1.014
1,14,0.387
1,14,0.874
1,14,0.202
1,14,0.698
1,14,1.439
1,14,0.032
1,14,0.748
1,14,0.328
1,14,0.473
1,14,0.008
1,14,1.096
1,14,0.079
1,14,0.319
1,15,0.893
1,15,0.684
1,15,0.361
1,15,0.657
1,15,0.607
1,15,0.154
1,15,0.34
1,15,1.513
1,15,0.015
1,15,0.246
1,15,0.259
1,15,0.444
1,15,0.043
1,15,0.823
1,15,0.045
1,15,0.786
1,15,0.613
1,15,0.375
1,15,0.288
1,15,0.387
1,15,0.511
1,15,0.401
1,15,0.484
1,15,0.712
1,15,0.446
1,15,0.396
1,15,0.503
1,15,0.768
1,15,0.385
1,15,0.325
1,15,0.514
1,15,0.596
1,16,0.467
1,16,0.822
1,16,1.242
1,16,0.366
1,16,0.929
1,16,0.249
1,16,0.733
1,16,1.236
1,16,0.216
1,16,0.024
1,16,0.389
1,16,0.482
1,16,0.349
1,16,0.36
1,16,0.492
1,16,0.842
1,16,0.648
1,16,0.565
1,16,0.039
1,16,0.901
1,16,0.641
1,16,0.661
1,16,0.499
1,16,0.808
1,16,0.247
1,16,0.792
1,16,0.083
1,16,0.069
1,16,1.358
1,16,0.908
1,16,0.112
1,16,0.101
1,17,0.598
1,17,0.508
1,17,0.64
1,17,1.05
1,17,0.277
1,17,0.24
1,17,1.073
1,17,0.028
1,17,0.595
1,17,0.535
1,17,0.514
1,17,0.296
1,17,0.74
1,17,0.499
1,17,0.56
1,17,0.164
1,17,0.481
1,17,0.546
1,17,0.024
1,17,0.436
1,17,0.607
1,17,0.472
1,17,0.441
1,17,0.186
1,17,0.601
1,17,1.3
1,17,0.03
1,17,0.713
1,17,0.609
1,17,0.52
1,17,0.363
1,17,0.594
1,17,1.071
1,17,0.377
1,17,0.124
1,17,0.06
1,17,0.415
1,17,0.097
1,17,0.356
1,17,0.944
1,18,0.27
1,18,0.077
1,18,0.086
1,18,0.295
1,18,0.259
1,18,1.015
1,18,0.313
1,18,0.583
1,18,0.61
1,18,0.362
1,18,0.967
1,18,0.195
1,18,0.577
1,18,0.363
1,18,0.699
1,18,0.069
1,18,0.458
1,18,0.337
1,18,0.825
1,18,0.03
1,18,1.04
1,18,0.335
1,18,1.16
1,18,0.642
1,18,0.422
1,18,0.188
1,18,1.175
1,18,0.069
1,18,0.304
1,18,0.026
1,18,0.263
1,18,0.392
1,18,0.374
1,18,0.145
1,18,0.766
1,18,1.265
1,19,0.078
1,19,0.043
1,19,0.089
1,19,0.202
1,19,0.254
1,19,0.036
1,19,0.453
1,19,0.455
1,19,0.627
1,19,0.497
1,19,0.011
1,19,0.156
1,19,0.335
1,19,0.396
1,19,0.011
1,19,0.036
1,19,0.223
1,19,0.142
1,19,0.631
1,19,0.421
1,19,0.471
1,19,0.051
1,19,0.361
1,19,0.459
1,19,0.795
1,19,0.648
1,19,0.393
1,19,0.715
1,19,1.407
1,19,0.25
1,19,0.09
1,19,0.519
1,20,0.162
1,20,1.414
1,20,0.104
1,20,0.204
1,20,0.455
1,20,0.242
1,20,0.782
1,20,0.96
1,20,0.013
1,20,0.342
1,20,0.864
1,20,0.481
1,20,0.469
1,20,0.482
1,20,1.198
1,20,0.202
1,20,0.432
1,20,0.046
1,20,0.61
1,20,1.334
1,20,0.066
1,20,0.8
1,20,0.597
1,20,0.213
1,20,0.879
1,20,0.979
1,20,0.265
1,20,0.208
1,20,0.698
1,21,0.404
1,21,1.218
1,21,0.296
1,21,0.519
1,21,0.359
1,21,0.775
1,21,0.195
1,21,0.365
1,21,1.145
1,21,0.411
1,21,0.888
1,21,0.341
1,21,0.364
1,21,1.044
1,21,0.78
1,21,0.137
1,21,0.636
1,21,1.019
1,21,0.675
1,21,0.513
1,21,0.092
1,22,0.338
1,22,1.194
1,22,0.046
1,22,0.161
1,22,0.667
1,22,0.099
1,22,0.052
1,22,0.628
1,22,0.149
1,22,0.643
1,22,0.407
1,22,0.766
1,22,0.436
1,22,0.988
1,22,0.732
1,22,0.296
1,22,0.45
1,22,0.171
1,22,0.568
1,22,0.473
1,22,0.028
1,22,0.083
1,22,0.368
1,22,0.519
1,22,0.385
1,22,0.567
1,22,0.757
1,22,0.554
1,22,0.083
1,22,1.082
1,22,0.665
1,22,0.399
1,22,0.792
1,22,0.741
1,23,0.544
1,23,0.535
1,23,0.043
1,23,0.778
1,23,0.382
1,23,0.362
1,23,0.988
1,23,0.087
1,23,0.379
1,23,0.369
1,23,0.532
1,23,0.59
1,23,0.021
1,23,0.294
1,23,0.283
1,23,0.087
1,23,0.849
1,23,0.997
1,23,0.732
1,23,0.388
1,23,0.315
1,23,0.283
1,23,0.28
1,23,1.216
1,23,0.575
1,23,0.011
1,23,0.022
1,23,0.127
1,23,0.599
1,23,0.245
1,24,0.354
1,24,0.291
1,24,0.346
1,24,0.44
1,24,0.381
1,24,0.593
1,24,0.039
1,24,0.59
1,24,0.176
1,24,0.541
1,24,0.202
1,24,0.715
1,24,0.035
1,24,0.024
1,24,0.032
1,24,0.395
1,24,0.06
1,24,0.164
1,24,0.416
1,24,0.785
1,24,0.695
1,24,0.547
1,24,0.38
1,24,0.305
1,24,0.482
1,24,0.041
1,24,1.159
1,24,0.699
1,24,1.035
1,24,1
1,24,1.361
1,25,1.008
1,25,0.455
1,25,0.452
1,25,0.307
1,25,0.299
1,25,0.066
1,25,0.02
1,25,0.297
1,25,0.218
1,25,0.203
1,25,0.641
1,25,0.946
1,25,0.458
1,25,0.45
1,25,0.786
1,25,0.608
1,25,0.37
1,25,0.044
1,25,0.067
1,25,0.526
1,25,0.176
1,25,0.382
1,25,0.408
1,25,0.346
1,25,0.332
1,25,0.107
1,25,0.294
1,26,0.563
1,26,0.099
1,26,0.038
1,26,0.535
1,26,0.062
1,26,0.041
1,26,0.074
1,26,0.667
1,26,0.62
1,26,0.06
1,26,0.734
1,26,0.489
1,26,0.783
1,26,0.673
1,26,0.892
1,26,0.52
1,26,0.38
1,26,0.707
1,26,0.779
1,26,0.197
1,26,0.76
1,26,0.102
1,26,0.347
1,26,0.513
1,26,0.957
1,26,0.046
1,26,0.209
1,26,0.733
1,27,0.445
1,27,0.382
1,27,0.402
1,27,0.842
1,27,0.462
1,27,1.437
1,27,0.232
1,27,0.249
1,27,0.436
1,27,0.343
1,27,0.05
1,27,0.701
1,27,0.559
1,27,1.058
1,27,0.013
1,27,0.547
1,27,0.641
1,27,0.408
1,27,0.895
1,27,0.219
1,27,0.07
1,27,0.615
1,27,0.441
1,27,0.462
1,27,0.971
1,27,0.913
1,27,0.485
1,27,0.265
1,27,0.067
1,27,0.038
1,27,0.031
1,28,0.74
1,28,0.476
1,28,0.428
1,28,0.041
1,28,0.456
1,28,0.672
1,28,0.067
1,28,0.395
1,28,0.018
1,28,0.362
1,28,0.744
1,28,0.482
1,28,0.562
1,28,0.573
1,28,0.568
1,28,0.468
1,28,0.532
1,28,0.19
1,28,0.935
1,28,0.298
1,28,0.845
1,28,0.569
1,28,0.613
1,28,0.044
1,28,0.053
1,28,0.323
1,28,0.415
1,28,0.482
1,28,0.572
1,28,0.265
1,29,1.226
1,29,0.778
1,29,0.393
1,29,0.615
1,29,0.502
1,29,0.542
1,29,0.204
1,29,0.298
1,29,0.586
1,29,0.437
1,29,0.882
1,30,0.062
1,30,0.03
1,30,0.225
1,30,0.017
1,30,0.537
1,30,0.671
1,30,0.696
1,30,0.661
1,30,0.403
1,30,0.061
1,30,0.389
1,30,0.127
1,30,0.886
1,30,0.451
1,30,0.069
1,30,0.628
1,30,0.891
1,30,0.045
1,30,0.767
1,30,0.211
1,30,0.049
1,30,0.601
1,30,0.022
1,30,0.538
1,30,0.264
1,30,1.359
1,30,0.024
1,30,0.273
1,30,0.555
1,30,0.232
1,30,0.683
2,1,1.669
2,1,0.758
2,1,1.379
2,1,1.92
2,1,0.822
2,1,1.477
2,1,1.276
2,1,1.534
2,1,2.113
2,1,1.118
2,1,0.481
2,1,0.786
2,1,1
2,1,1.006
2,1,1.197
2,1,1.232
2,1,1.252
2,1,0.577
2,1,0.716
2,1,1.227
2,1,0.448
2,1,1.437
2,1,1.04
2,1,1.246
2,1,1.36
2,1,0.992
2,1,1.188
2,1,1.707
2,1,1.117
2,1,1.455
2,1,1.15
2,1,0.864
2,1,0.825
2,1,1.22
2,1,0.971
2,1,1.377
2,1,1.032
2,1,1.228
2,1,1.683
2,1,0.848
2,1,0.522
2,1,1.486
2,2,0.515
2,2,1.169
2,2,1.348
2,2,1.432
2,2,1.024
2,2,0.875
2,2,0.396
2,2,0.747
2,2,0.478
2,2,1.182
2,2,1.164
2,2,0.874
2,2,0.809
2,2,0.692
2,2,2.157
2,2,1.878
2,2,1.159
2,2,1.322
2,2,0.179
2,2,0.88
2,2,0.881
2,2,0.391
2,2,1.102
2,2,0.491
2,2,1.228
2,2,0.942
2,2,1.216
2,2,1.531
2,2,1.033
2,2,0.71
2,2,1.274
2,2,1.217
2,2,1.156
2,2,1.267
2,2,0.276
2,2,1.413
2,2,1.029
2,2,0.884
2,2,1.635
2,2,0.195
2,2,0.78
2,2,0.279
2,2,0.696
2,2,1.205
2,2,0.87
2,2,1.072
2,2,0.985
2,2,0.359
2,2,1.106
2,3,0.994
2,3,1.095
2,3,0.499
2,3,0.216
2,3,1.43
2,3,0.537
2,3,1.108
2,3,0.977
2,3,0.907
2,3,0.058
2,3,1.198
2,3,1.012
2,3,1.687
2,3,1.054
2,3,0.408
2,3,1.526
2,3,0.524
2,3,1.009
2,3,0.466
2,3,1.024
2,3,0.144
2,3,0.444
2,3,0.779
2,3,0.528
2,3,0.8
2,3,0.555
2,3,1.48
2,3,0.067
2,3,1.495
2,3,1.139
2,3,1.154
2,3,0.013
2,3,1.15
2,3,0.583
2,3,1.508
2,3,0.224
2,3,1.014
2,3,0.979
2,3,0.322
2,3,1.084
2,3,1.563
2,4,1.252
2,4,1.212
2,4,1.639
2,4,1.235
2,4,0.048
2,4,1.069
2,4,0.757
2,4,1.259
2,4,0.573
2,4,1.368
2,4,0.668
2,4,1.084
2,4,0.536
2,4,0.486
2,4,1.578
2,4,0.363
2,4,0.195
2,4,0.45
2,4,1.829
2,4,1.355
2,4,1.66
2,4,0.663
2,4,0.742
2,4,0.209
2,4,1.335
2,4,0.564
2,4,0.332
2,4,1.406
2,4,0.633
2,4,0.836
2,4,0.832
2,4,0.439
2,4,1.286
2,4,0.462
2,4,0.479
2,4,1.103
2,4,1.136
2,4,1.228
2,4,1.305
2,5,1.122
2,5,1.326
2,5,1.016
2,5,0.345
2,5,1.67
2,5,1.164
2,5,0.598
2,5,0.262
2,5,0.439
2,5,1.233
2,5,0.65
2,5,0.517
2,5,1.319
2,5,1.186
2,5,1.057
2,5,1.515
2,5,0.727
2,5,1.007
2,5,1.292
2,5,0.974
2,5,0.914
2,5,0.851
2,5,1.522
2,5,0.945
2,5,0.569
2,5,0.505
2,5,1.338
2,5,1.186
2,5,1.174
2,5,0.299
2,5,1.199
2,5,0.595
2,5,0.855
2,5,0.589
2,5,0.135
2,5,0.341
2,5,0.487
2,5,1.592
2,5,0.688
2,6,1.227
2,6,0.354
2,6,0.627
2,6,1.766
2,6,0.08
2,6,1.065
2,6,1.048
2,6,0.759
2,6,1.262
2,6,1.315
2,6,0.737
2,6,0.674
2,6,0.096
2,6,0.352
2,6,0.667
2,6,0.396
2,6,0.333
2,6,0.434
2,6,1.082
2,6,0.863
2,6,0.722
2,6,0.522
2,6,1.222
2,6,0.225
2,6,0.99
2,6,1.209
2,6,1.267
2,6,0.486
2,6,1.249
2,6,1.165
2,6,0.777
2,6,1.171
2,6,1.045
2,6,0.519
2,6,0.911
2,6,0.767
2,7,0.272
2,7,0.519
2,7,0.537
2,7,1.224
2,7,0.894
2,7,0.944
2,7,1.17
2,7,0.774
2,7,0.978
2,7,0.371
2,7,0.615
2,7,0.52
2,7,0.789
2,7,0.921
2,7,1.262
2,7,1.153
2,7,0.519
2,7,1.358
2,7,1.006
2,7,0.745
2,7,1.191
2,7,0.811
2,7,0.567
2,7,1.205
2,7,0.51
2,7,1.106
2,7,0.754
2,7,1.201
2,7,0.802
2,7,0.164
2,7,0.035
2,7,1.041
2,7,1.303
2,7,0.767
2,7,1.22
2,7,0.055
2,7,0.317
2,7,1.006
2,7,1.017
2,7,0.811
2,7,1.041
2,7,0.393
2,7,1.484
2,8,0.439
2,8,1.037
2,8,1.081
2,8,0.914
2,8,1.094
2,8,1.028
2,8,1.061
2,8,1.017
2,8,0.444
2,8,1.051
2,8,0.289
2,8,0.949
2,8,0.404
2,8,1.084
2,8,0.752
2,8,0.908
2,8,1.073
2,8,0.96
2,8,0.25
2,8,0.463
2,8,1.168
2,8,0.887
2,8,1.135
2,8,0.521
2,8,0.327
2,8,1.193
2,8,0.505
2,8,0.214
2,8,0.549
2,8,0.692
2,8,1.137
2,8,0.831
2,8,0.719
2,8,1.324
2,8,0.773
2,8,1.148
2,9,1.322
2,9,0.033
2,9,1.133
2,9,0.061
2,9,0.754
2,9,1.545
2,9,0.311
2,9,1.209
2,9,0.8
2,9,0.456
2,9,1.279
2,9,0.463
2,9,1.523
2,9,0.775
2,9,0.37
2,9,0.616
2,9,0.538
2,9,0.737
2,9,0.55
2,9,1.165
2,9,0.631
2,9,0.611
2,9,0.415
2,9,0.009
2,9,1.127
2,9,0.841
2,9,0.463
2,9,0.266
2,9,0.414
2,9,0.633
2,9,1.348
2,9,0.314
2,9,0.263
2,9,1.36
2,9,1.215
2,10,0.508
2,10,0.804
2,10,0.885
2,10,0.318
2,10,0.319
2,10,0.688
2,10,0.543
2,10,0.692
2,10,0.013
2,10,0.576
2,10,0.275
2,10,0.008
2,10,1.173
2,10,0.253
2,10,0.841
2,10,0.107
2,10,0.802
2,10,0.268
2,10,0.493
2,10,1.064
2,10,0.427
2,10,0.802
2,10,0.447
2,10,1.071
2,10,1.373
2,10,0.834
2,10,0.603
2,10,1.407
2,10,0.305
2,10,0.045
2,10,0.921
2,10,0.051
2,10,0.742
2,10,1.16
2,10,1.133
2,10,0.595
2,10,0.516
2,10,0.976
2,10,0.341
2,11,0.688
2,11,0.105
2,11,0.132
2,11,0.229
2,11,0.374
2,11,1.076
2,11,0.423
2,11,0.037
2,11,1.367
2,11,0.305
2,11,1.018
2,11,0.923
2,11,0.491
2,11,1.297
2,11,1.274
2,11,1.182
2,11,0.668
2,11,0.483
2,11,0.952
2,11,0.024
2,11,0.399
2,11,0.492
2,11,0.666
2,11,0.318
2,11,1.172
2,11,1.4
2,11,0.443
2,11,0.848
2,11,0.866
2,11,0.715
2,11,0.926
2,11,0.75
2,11,0.557
2,11,0.44
2,11,1.372
2,11,0.537
2,11,0.381
2,12,0.437
2,12,0.81
2,12,0.269
2,12,0.405
2,12,0.092
2,12,0.982
2,12,0.051
2,12,1.272
2,12,0.449
2,12,0.267
2,12,1.318
2,12,0.49
2,12,0.4
2,12,0.572
2,12,0.744
2,12,0.833
2,12,0.681
2,12,0.043
2,12,1.03
2,12,1.108
2,12,0.056
2,12,0.812
2,12,0.428
2,12,0.41
2,12,0.772
2,12,0.835
2,12,1.28
2,12,0.88
2,12,0.04
2,12,0.463
2,12,1.289
2,12,1.292
2,12,0.589
2,12,1.294
2,12,0.528
2,12,0.863
2,12,0.371
2,13,1.587
2,13,0.305
2,13,0.473
2,13,0.034
2,13,0.655
2,13,0.44
2,13,0.079
2,13,0.82
2,13,0.102
2,13,0.233
2,13,0.805
2,13,0.825
2,13,0.338
2,13,0.671
2,13,0.452
2,13,0.971
2,13,0.18
2,13,0.648
2,13,0.764
2,13,0.457
2,13,0.037
2,13,0.619
2,13,0.705
2,13,0.046
2,13,0.896
2,13,0.639
2,13,0.883
2,13,0.932
2,13,0.66
2,13,0.689
2,13,0.562
2,13,0.466
2,13,0.444
2,13,0.293
2,13,0.432
2,14,0.405
2,14,0.655
2,14,1.103
2,14,1.092
2,14,0.518
2,14,0.476
2,14,0.634
2,14,0.815
2,14,0.564
2,14,0.894
2,14,0.924
2,14,0.628
2,14,0.799
2,14,0.551
2,14,0.524
2,14,0.561
2,14,0.898
2,14,1.016
2,14,1.129
2,14,0.941
2,14,0.251
2,14,0.45
2,14,0.714
2,14,0.54
2,14,1.443
2,14,0.714
2,14,1.102
2,14,0.108
2,14,0.03
2,14,0.611
2,14,0.879
2,14,1.066
2,14,0.384
2,14,0.915
2,14,0.534
2,14,0.818
2,14,0.96
2,14,0.505
2,14,0.496
2,15,0.75
2,15,0.026
2,15,0.622
2,15,0.079
2,15,0.514
2,15,0.045
2,15,0.741
2,15,0.244
2,15,0.64
2,15,1.13
2,15,1.219
2,15,0.802
2,15,0.131
2,15,0.044
2,15,0.483
2,15,0.747
2,15,0.693
2,15,0.02
2,15,0.434
2,15,0.766
2,15,0.538
2,15,0.409
2,15,0.814
2,15,0.026
2,15,1.228
2,15,0.36
2,15,0.821
2,15,0.412
2,15,0.167
2,15,0.585
2,15,0.858
2,15,1.02
2,15,0.507
2,15,0.61
2,15,0.104
2,15,0.752
2,15,0.163
2,15,0.753
2,16,0.014
2,16,0.339
2,16,0.545
2,16,0.426
2,16,1.24
2,16,0.702
2,16,0.52
2,16,0.293
2,16,0.454
2,16,0.606
2,16,0.338
2,16,0.423
2,16,1.049
2,16,0.984
2,16,0.513
2,16,0.689
2,16,0.922
2,16,0.655
2,16,0.856
2,16,1.645
2,16,1.197
2,16,0.813
2,16,0.354
2,16,0.299
2,16,1.431
2,16,0.711
2,16,0.506
2,16,0.912
2,16,0.047
2,16,1.362
2,16,0.039
2,17,1.247
2,17,0.437
2,17,1.043
2,17,1.038
2,17,0.624
2,17,0.506
2,17,0.26
2,17,0.431
2,17,0.924
2,17,0.158
2,17,1.178
2,17,0.505
2,17,0.997
2,17,0.631
2,17,0.23
2,17,0.019
2,17,0.038
2,17,0.422
2,17,0.534
2,17,0.649
2,17,0.454
2,17,0.115
2,17,1.087
2,17,0.117
2,17,0.716
2,17,0.057
2,17,0.068
2,18,0.86
2,18,0.458
2,18,0.078
2,18,0.894
2,18,0.608
2,18,0.673
2,18,0.742
2,18,0.044
2,18,0.824
2,18,0.513
2,18,0.182
2,18,0.478
2,18,0.369
2,18,0.851
2,18,0.041
2,18,1.18
2,18,0.593
2,18,0.475
2,18,0.049
2,18,0.722
2,18,0.134
2,18,0.839
2,18,0.722
2,18,0.734
2,18,0.739
2,18,0.583
2,18,0.766
2,18,0.028
2,18,1.087
2,18,1.26
2,18,0.771
2,18,0.551
2,18,0.313
2,18,0.443
2,18,0.579
2,18,0.545
2,19,0.46
2,19,0.336
2,19,0.824
2,19,0.847
2,19,0.678
2,19,0.052
2,19,0.024
2,19,0.491
2,19,0.345
2,19,0.839
2,19,0.38
2,19,0.297
2,19,0.649
2,19,1.047
2,19,0.03
2,19,0.011
2,19,0.942
2,19,0.681
2,19,0.492
2,19,0.251
2,19,0.041
2,19,0.504
2,19,0.299
2,19,0.501
2,19,0.034
2,19,0.049
2,19,0.523
2,19,0.165
2,19,0.029
2,19,0.813
2,19,0.916
2,19,0.507
2,19,0.079
2,19,0.5
2,19,0.019
2,19,0.079
2,20,0.738
2,20,0.813
2,20,1.126
2,20,0.683
2,20,0.837
2,20,0.267
2,20,0.932
2,20,0.102
2,20,0.83
2,20,0.286
2,20,0.632
2,20,0.303
2,20,1.052
2,20,0.716
2,20,0.103
2,20,0.745
2,20,0.45
2,20,0.905
2,20,0.541
2,20,0.036
2,20,0.667
2,20,0.08
2,20,0.822
2,20,0.556
2,20,0.557
2,20,0.324
2,20,0.235
2,20,0.59
2,20,0.036
2,20,0.041
2,20,0.358
2,21,0.683
2,21,0.448
2,21,0.304
2,21,0.543
2,21,0.832
2,21,0.661
2,21,0.453
2,21,0.68
2,21,0.736
2,21,0.4
2,21,0.332
2,21,0.657
2,21,0.419
2,21,0.33
2,21,0.455
2,21,0.838
2,21,1.43
2,21,0.233
2,21,1.246
2,21,1.475
2,21,0.764
2,21,0.253
2,21,0.438
2,21,0.682
2,21,0.314
2,21,0.239
2,21,0.737
2,21,0.771
2,21,0.434
2,21,0.693
2,21,0.788
2,21,0.678
2,21,0.923
2,21,0.982
2,21,0.466
2,21,0.213
2,22,0.738
2,22,0.755
2,22,0.635
2,22,0.264
2,22,0.18
2,22,0.961
2,22,0.547
2,22,0.32
2,22,0.324
2,22,0.342
2,22,0.87
2,22,0.619
2,22,1.01
2,22,0.055
2,22,0.817
2,22,1.021
2,22,0.048
2,22,0.07
2,22,1.322
2,22,0.96
2,22,0.875
2,22,0.021
2,22,1.265
2,22,0.101
2,22,0.412
2,22,0.082
2,22,0.078
2,22,0.25
2,22,0.022
2,22,0.029
2,22,0.579
2,22,0.059
2,22,0.015
2,22,0.022
2,22,0.826
2,23,0.242
2,23,0.473
2,23,0.888
2,23,0.565
2,23,0.046
2,23,0.543
2,23,0.131
2,23,0.063
2,23,1.027
2,23,1.01
2,23,0.737
2,23,0.334
2,23,0.599
2,23,1.233
2,23,0.083
2,23,0.306
2,23,0.353
2,23,0.761
2,23,0.063
2,23,0.588
2,23,0.581
2,23,0.435
2,23,0.327
2,23,0.214
2,23,0.04
2,23,0.676
2,23,0.567
2,23,0.329
2,23,0.64
2,23,0.091
2,23,0.021
2,24,0.735
2,24,1.183
2,24,0.783
2,24,1.09
2,24,0.367
2,24,0.407
2,24,0.613
2,24,0.04
2,24,0.347
2,24,0.992
2,24,0.471
2,24,0.641
2,24,0.016
2,24,0.671
2,24,0.733
2,24,0.254
2,24,0.808
2,24,0.435
2,24,0.472
2,24,0.102
2,24,0.266
2,24,0.781
2,24,0.462
2,24,0.743
2,24,0.527
2,24,0.831
2,24,0.029
2,24,0.272
2,24,0.767
2,24,0.043
2,24,1.257
2,24,0.683
2,24,0.236
2,24,1.196
2,24,0.859
2,24,0.556
2,24,0.776
2,24,0.866
2,24,0.01
2,24,1.018
2,25,0.084
2,25,0.49
2,25,1.37
2,25,0.582
2,25,0.756
2,25,0.049
2,25,0.379
2,25,0.897
2,25,0.825
2,25,0.101
2,25,0.495
2,25,0.443
2,25,0.271
2,25,0.916
2,25,0.263
2,25,1.155
2,25,0.078
2,25,0.505
2,25,0.659
2,25,0.83
2,25,0.566
2,25,0.535
2,25,0.922
2,25,0.066
2,25,0.308
2,25,1.123
2,25,1.105
2,25,0.878
2,25,0.021
2,25,1.173
2,26,0.188
2,26,0.454
2,26,0.569
2,26,0.44
2,26,0.351
2,26,0.517
2,26,0.083
2,26,1.047
2,26,0.979
2,26,0.299
2,26,0.754
2,26,1.328
2,26,0.719
2,26,0.597
2,26,0.846
2,26,1.005
2,26,0.502
2,26,0.116
2,26,0.962
2,26,1.446
2,26,0.57
2,26,0.804
2,27,0.727
2,27,0.544
2,27,0.87
2,27,0.483
2,27,0.419
2,27,0.641
2,27,0.926
2,27,0.822
2,27,0.162
2,27,0.769
2,27,0.401
2,27,0.597
2,27,0.621
2,27,0.758
2,27,0.924
2,27,0.179
2,27,0.511
2,27,0.778
2,27,0.148
2,28,0.032
2,28,0.026
2,28,0.182
2,28,0.686
2,28,0.412
2,28,0.646
2,28,0.026
2,28,0.658
2,28,0.047
2,28,0.023
2,28,0.978
2,28,1.514
2,28,0.63
2,28,0.419
2,28,0.026
2,28,0.302
2,28,0.027
2,28,0.069
2,28,0.042
2,28,0.071
2,28,0.622
2,28,1.035
2,28,0.555
2,29,0.943
2,29,0.214
2,29,0.662
2,29,1.555
2,29,0.69
2,29,0.294
2,29,0.303
2,29,0.97
2,29,0.102
2,29,0.833
2,29,0.902
2,29,0.633
2,29,0.803
2,29,1.378
2,29,0.016
2,29,1.115
2,29,0.076
2,29,0.102
2,29,0.766
2,29,0.822
2,29,0.01
2,29,0.287
2,29,0.369
2,29,0.037
2,29,0.267
2,29,0.445
2,30,0.095
2,30,0.959
2,30,0.397
2,30,1.392
2,30,0.927
2,30,0.398
2,30,0.439
2,30,0.531
2,30,0.858
2,30,1.176
2,30,0.326
2,30,1.355
2,30,1.098
2,30,0.759
2,30,0.592
2,30,0.262
2,30,0.904
2,30,0.645
2,30,0.657
2,30,0.294
3,1,0.841
3,1,1.393
3,1,0.97
3,1,0.986
3,1,1.482
3,1,1.229
3,1,0.639
3,1,1.389
3,1,1.616
3,1,1.949
3,1,1.36
3,1,0.998
3,1,0.746
3,1,0.871
3,1,0.572
3,1,0.908
3,1,0.802
3,1,0.888
3,1,1.475
3,1,0.896
3,1,1.081
3,1,1.118
3,1,0.429
3,1,1.58
3,1,1.291
3,1,1.785
3,1,0.718
3,1,1.266
3,1,1.463
3,1,2.137
3,1,1.605
3,1,1.479
3,1,1.542
3,1,0.91
3,1,1.293
3,1,1.547
3,1,0.672
3,1,1.228
3,1,1.032
3,1,1.506
3,1,1.228
3,2,1.136
3,2,1.425
3,2,1.273
3,2,1.358
3,2,0.584
3,2,0.124
3,2,1.498
3,2,0.711
3,2,0.085
3,2,1.208
3,2,0.503
3,2,1.205
3,2,0.891
3,2,0.011
3,2,1.233
3,2,1.07
3,2,0.979
3,2,1.116
3,2,0.849
3,2,0.764
3,2,1.573
3,2,0.639
3,2,1.223
3,2,1.229
3,2,0.998
3,2,0.826
3,2,0.572
3,2,0.929
3,2,0.727
3,2,0.608
3,2,1.138
3,2,0.849
3,2,1.433
3,2,0.755
3,2,0.093
3,2,1.175
3,2,1.462
3,2,1.5
3,2,0.522
3,2,1.115
3,2,0.015
3,3,0.966
3,3,0.513
3,3,0.99
3,3,0.444
3,3,0.727
3,3,1.017
3,3,0.489
3,3,1.266
3,3,0.298
3,3,0.725
3,3,0.963
3,3,0.957
3,3,1.099
3,3,1.761
3,3,1.095
3,3,0.669
3,3,0.826
3,3,0.681
3,3,1.034
3,3,0.073
3,3,1.588
3,3,1.445
3,3,0.006
3,3,1.645
3,3,0.825
3,3,0.847
3,3,1.095
3,3,1.363
3,3,1.247
3,3,0.505
3,3,0.937
3,3,1.228
3,3,0.506
3,3,2.209
3,3,1.268
3,3,1.146
3,3,0.11
3,3,0.808
3,3,1.1
3,3,0.959
3,3,1.27
3,3,0.551
3,3,1.355
3,3,1.069
3,4,0.533
3,4,0.787
3,4,0.449
3,4,0.952
3,4,1.418
3,4,0.729
3,4,1.253
3,4,1.717
3,4,0.809
3,4,1.418
3,4,0.703
3,4,0.624
3,4,0.974
3,4,0.706
3,4,0.569
3,4,1.644
3,4,1.411
3,4,0.929
3,4,0.457
3,4,0.75
3,4,0.146
3,4,1.711
3,4,1.491
3,4,0.265
3,4,1.41
3,4,1.012
3,4,0.536
3,4,1.808
3,4,0.706
3,4,0.162
3,4,0.909
3,4,0.39
3,4,1.232
3,4,1.086
3,4,1.218
3,4,1.074
3,4,1.324
3,4,1.062
3,4,0.528
3,4,1
3,4,0.928
3,4,1.046
3,4,0.76
3,4,1.329
3,4,0.648
3,5,0.134
3,5,1.362
3,5,1.331
3,5,1.579
3,5,0.34
3,5,0.734
3,5,0.608
3,5,0.219
3,5,0.085
3,5,1.085
3,5,1.054
3,5,1.487
3,5,0.869
3,5,1.663
3,5,0.042
3,5,0.494
3,5,0.637
3,5,1.128
3,5,0.98
3,5,1.206
3,5,0.532
3,5,0.66
3,5,0.349
3,5,0.44
3,5,1.487
3,5,0.06
3,5,1.082
3,5,1.014
3,5,0.453
3,5,0.718
3,5,0.044
3,5,1.165
3,5,0.477
3,5,1.234
3,5,1.124
3,5,0.009
3,5,1.566
3,5,0.704
3,5,0.3
3,5,1.262
3,6,0.313
3,6,1.113
3,6,0.307
3,6,0.47
3,6,1.357
3,6,0.579
3,6,0.905
3,6,0.89
3,6,0.667
3,6,0.667
3,6,0.558
3,6,0.289
3,6,0.71
3,6,1.183
3,6,0.922
3,6,1.042
3,6,0.568
3,6,1.187
3,6,0.597
3,6,1.464
3,6,1.108
3,6,1.213
3,6,0.692
3,6,1.061
3,6,0.677
3,6,0.532
3,6,1.472
3,6,0.964
3,6,0.447
3,6,1.171
3,6,1.483
3,6,0.574
3,6,0.822
3,6,1.242
3,6,0.767
3,6,1.037
3,6,0.986
3,6,1.786
3,6,1.348
3,6,1.361
3,6,0.598
3,6,0.011
3,7,0.613
3,7,0.792
3,7,0.587
3,7,0.353
3,7,0.689
3,7,0.705
3,7,0.601
3,7,0.995
3,7,0.345
3,7,1.27
3,7,0.717
3,7,1.079
3,7,0.036
3,7,1.595
3,7,0.55
3,7,0.499
3,7,0.395
3,7,0.017
3,7,1.407
3,7,0.739
3,7,1.548
3,7,0.886
3,7,0.729
3,7,0.435
3,7,0.398
3,7,0.047
3,7,1.371
3,7,0.366
3,7,0.98
3,7,0.821
3,7,0.017
3,7,0.878
3,7,0.146
3,7,0.776
3,7,1.09
3,7,1.406
3,7,0.442
3,7,0.914
3,8,0.595
3,8,0.453
3,8,0.966
3,8,0.962
3,8,0.834
3,8,1.111
3,8,0.414
3,8,0.69
3,8,0.545
3,8,0.98
3,8,1.025
3,8,1.994
3,8,0.657
3,8,0.663
3,8,0.037
3,8,0.602
3,8,1.144
3,8,0.296
3,8,1.749
3,8,0.53
3,8,0.093
3,8,1.179
3,8,0.346
3,8,0.971
3,8,0.034
3,8,0.751
3,8,0.533
3,8,0.318
3,8,0.789
3,8,1.186
3,8,0.199
3,8,0.335
3,8,1.038
3,8,1.407
3,8,1.439
3,8,0.077
3,9,0.887
3,9,0.07
3,9,1.353
3,9,0.706
3,9,1.167
3,9,1.1
3,9,0.041
3,9,0.787
3,9,0.006
3,9,1.336
3,9,0.305
3,9,1.136
3,9,0.626
3,9,0.607
3,9,0.549
3,9,0.53
3,9,1.247
3,9,0.241
3,9,1.34
3,9,0.015
3,9,1.217
3,9,1.423
3,9,0.704
3,9,0.814
3,9,0.301
3,9,0.834
3,9,1.272
3,9,1.085
3,9,0.94
3,9,1.072
3,9,0.785
3,9,0.539
3,10,0.332
3,10,0.592
3,10,0.832
3,10,0.314
3,10,0.584
3,10,1.079
3,10,0.729
3,10,0.963
3,10,0.01
3,10,1.31
3,10,0.218
3,10,1.303
3,10,0.019
3,10,0.41
3,10,0.591
3,10,1.077
3,10,0.877
3,10,1.412
3,10,0.569
3,10,0.279
3,10,0.342
3,10,0.634
3,10,0.827
3,10,0.594
3,10,1.345
3,10,0.955
3,10,1.275
3,10,0.754
3,10,0.69
3,10,0.807
3,10,0.005
3,10,0.035
3,10,0.076
3,10,0.555
3,10,1.033
3,10,0.142
3,11,0.007
3,11,0.818
3,11,0.464
3,11,0.603
3,11,1.29
3,11,0.596
3,11,0.376
3,11,0.821
3,11,0.333
3,11,1.447
3,11,0.623
3,11,1.438
3,11,0.046
3,11,0.063
3,11,0.384
3,11,0.036
3,11,0.392
3,11,1.045
3,11,1.023
3,11,0.341
3,11,0.351
3,11,0.027
3,11,0.952
3,11,0.731
3,11,0.038
3,11,0.579
3,11,0.745
3,11,0.902
3,11,1.352
3,11,0.834
3,11,0.506
3,11,0.487
3,11,0.061
3,11,1.173
3,11,0.047
3,12,0.353
3,12,0.662
3,12,0.619
3,12,0.007
3,12,0.83
3,12,0.717
3,12,0.854
3,12,0.658
3,12,0.917
3,12,0.893
3,12,0.036
3,12,0.287
3,12,0.274
3,12,0.792
3,12,1.085
3,12,0.977
3,12,0.051
3,12,1.279
3,12,0.622
3,12,0.021
3,12,0.566
3,12,0.704
3,12,1.023
3,12,1.073
3,12,0.032
3,12,0.757
3,12,0.602
3,12,0.553
3,12,0.288
3,12,1.072
3,12,0.834
3,12,0.048
3,13,0.052
3,13,0.859
3,13,0.444
3,13,0.515
3,13,0.555
3,13,0.427
3,13,0.018
3,13,0.491
3,13,0.011
3,13,1.366
3,13,0.77
3,13,0.778
3,13,0.068
3,13,0.035
3,13,1.243
3,13,0.678
3,13,0.409
3,13,0.32
3,13,0.428
3,13,0.475
3,13,0.693
3,13,0.514
3,13,0.916
3,13,1.122
3,13,0.717
3,13,0.821
3,13,1.256
3,13,1.332
3,13,0.023
3,13,0.739
3,13,0.027
3,13,0.059
3,13,0.365
3,13,1.368
3,13,1.197
3,13,0.587
3,13,1.026
3,13,0.032
3,13,1.543
3,14,0.539
3,14,0.446
3,14,0.289
3,14,0.579
3,14,0.381
3,14,0.032
3,14,0.048
3,14,0.038
3,14,0.266
3,14,0.551
3,14,0.045
3,14,0.535
3,14,0.382
3,14,0.968
3,14,0.046
3,14,0.967
3,14,0.731
3,14,1.115
3,14,0.87
3,14,0.567
3,14,0.464
3,14,0.213
3,14,1.322
3,14,0.33
3,14,1.314
3,14,0.048
3,14,0.725
3,14,0.01
3,14,0.018
3,14,0.016
3,14,0.79
3,15,1.212
3,15,0.46
3,15,0.013
3,15,0.004
3,15,0.028
3,15,0.502
3,15,0.022
3,15,0.319
3,15,0.483
3,15,0.893
3,15,0.422
3,15,0.074
3,15,0.085
3,15,1.305
3,15,0.938
3,15,0.671
3,15,0.05
3,15,0.878
3,15,0.458
3,15,0.685
3,15,0.041
3,15,0.009
3,15,1.25
3,15,0.011
3,15,0.027
3,15,0.423
3,15,1.447
3,15,0.359
3,15,0.646
3,15,0.505
3,15,0.997
3,15,0.765
3,15,0.626
3,15,0.583
3,15,0.009
3,15,0.52
3,16,0.707
3,16,0.574
3,16,0.599
3,16,0.276
3,16,0.387
3,16,0.518
3,16,0.962
3,16,0.035
3,16,0.547
3,16,0.028
3,16,0.795
3,16,0.85
3,16,0.493
3,16,0.537
3,16,0.782
3,16,0.807
3,16,0.798
3,16,0.56
3,16,0.415
3,16,0.648
3,16,0.032
3,16,0.027
3,16,0.788
3,16,1.485
3,16,1.558
3,16,0.169
3,16,1.08
3,16,0.816
3,16,0.905
3,16,0.405
3,16,0.711
3,16,1.012
3,16,0.993
3,16,0.896
3,17,0.502
3,17,0.741
3,17,0.888
3,17,0.023
3,17,0.465
3,17,0.222
3,17,0.485
3,17,0.152
3,17,0.052
3,17,0.743
3,17,0.262
3,17,1.095
3,17,0.44
3,17,0.35
3,17,0.029
3,17,0.746
3,17,0.343
3,17,0.073
3,17,0.476
3,17,1.088
3,17,0.222
3,17,0.107
3,17,0.017
3,17,0.846
3,17,0.013
3,17,1.191
3,17,0.079
3,17,0.297
3,17,0.677
3,18,0.433
3,18,0.746
3,18,0.032
3,18,0.688
3,18,0.631
3,18,0.61
3,18,0.456
3,18,0.685
3,18,0.021
3,18,0.016
3,18,0.032
3,18,1.474
3,18,0.006
3,18,0.33
3,18,0.101
3,18,0.72
3,18,0.188
3,18,0.552
3,18,1.264
3,18,0.678
3,18,0.606
3,18,0.489
3,18,0.191
3,18,0.521
3,18,0.012
3,18,0.9
3,18,0.028
3,18,0.043
3,18,0.648
3,18,0.112
3,18,1.561
3,18,1.4
3,18,0.022
3,18,0.063
3,18,1.624
3,19,0.722
3,19,0.38
3,19,0.749
3,19,0.421
3,19,0.188
3,19,0.474
3,19,0.769
3,19,0.582
3,19,0.455
3,19,0.07
3,19,0.559
3,19,0.083
3,19,0.504
3,19,0.563
3,19,1.165
3,19,0.696
3,19,0.679
3,19,0.486
3,19,0.672
3,19,0.586
3,19,0.554
3,19,1.181
3,19,1.132
3,19,0.461
3,19,0.573
3,19,0.18
3,19,0.177
3,19,1.154
3,19,0.656
3,19,0.041
3,19,1.122
3,19,0.036
3,19,0.018
3,19,0.648
3,19,0.464
3,19,1.252
3,20,0.238
3,20,0.008
3,20,0.034
3,20,0.451
3,20,0.539
3,20,0.454
3,20,0.616
3,20,0.349
3,20,0.065
3,20,0.441
3,20,0.029
3,20,0.401
3,20,0.279
3,20,0.05
3,20,0.016
3,20,0.873
3,20,0.451
3,20,0.022
3,20,0.984
3,20,0.529
3,20,0.198
3,20,0.9
3,20,0.617
3,20,0.752
3,20,0.494
3,20,0.457
3,20,0.857
3,20,1.507
3,20,1.05
3,20,0.04
3,20,0.022
3,20,0.021
3,20,0.044
3,20,0.419
3,20,0.027
3,20,0.292
3,20,0.016
3,20,1.581
3,20,0.365
3,20,0.113
3,21,0.806
3,21,0.321
3,21,0.673
3,21,1.545
3,21,0.009
3,21,0.516
3,21,0.885
3,21,0.072
3,21,0.558
3,21,0.384
3,21,0.969
3,21,0.452
3,21,0.648
3,21,0.34
3,21,1.016
3,21,0.354
3,21,0.392
3,21,0.675
3,21,0.914
3,21,0.449
3,21,1.219
3,21,0.321
3,21,1.208
3,21,0.964
3,21,0.659
3,21,0.509
3,21,0.316
3,21,0.73
3,21,0.377
3,21,1.233
3,21,0.016
3,21,0.022
3,22,0.466
3,22,1.314
3,22,0.984
3,22,0.766
3,22,0.061
3,22,0.122
3,22,0.513
3,22,0.803
3,22,0.56
3,22,0.016
3,22,0.518
3,22,0.795
3,22,0.692
3,22,0.972
3,22,0.039
3,22,1.408
3,22,0.581
3,22,1.329
3,22,0.062
3,22,0.803
3,22,0.055
3,22,1.301
3,22,0.057
3,22,0.281
3,22,0.01
3,22,0.652
3,22,1.053
3,22,0.348
3,22,0.367
3,22,0.387
3,22,0.632
3,22,1.262
3,22,0.547
3,22,1.064
3,22,0.011
3,23,0.674
3,23,0.724
3,23,0.059
3,23,0.314
3,23,0.625
3,23,0.104
3,23,0.409
3,23,0.657
3,23,0.329
3,23,0.643
3,23,0.971
3,23,1.414
3,23,0.819
3,23,0.034
3,23,0.017
3,23,0.437
3,23,0.311
3,23,1.192
3,23,0.033
3,23,0.497
3,23,0.607
3,23,1.164
3,23,0.671
3,23,0.31
3,23,0.543
3,23,0.029
3,23,0.032
3,23,0.844
3,23,0.053
3,23,0.074
3,23,0.432
3,23,0.992
3,24,0.043
3,24,0.347
3,24,0.023
3,24,0.032
3,24,0.007
3,24,0.866
3,24,1.4
3,24,0.509
3,24,0.762
3,24,0.652
3,24,0.74
3,24,0.084
3,24,0.528
3,24,0.008
3,24,0.052
3,24,0.433
3,24,0.525
3,24,0.458
3,24,0.656
3,24,0.431
3,24,0.165
3,24,0.387
3,24,0.061
3,24,0.023
3,24,0.076
3,24,1.15
3,24,1.013
3,24,0.402
3,25,0.182
3,25,0.055
3,25,0.388
3,25,0.613
3,25,0.263
3,25,0.008
3,25,0.038
3,25,0.329
3,25,0.643
3,25,0.06
3,25,0.761
3,25,1.566
3,25,0.066
3,25,0.036
3,25,0.051
3,25,0.013
3,25,0.247
3,25,0.926
3,25,1.105
3,25,0.405
3,25,0.108
3,25,0.045
3,25,1.422
3,25,1.208
3,25,0.071
3,25,0.017
3,25,0.903
3,25,0.05
3,25,0.352
3,25,0.859
3,26,0.403
3,26,0.419
3,26,0.227
3,26,0.927
3,26,0.854
3,26,0.628
3,26,1.678
3,26,0.606
3,26,0.286
3,26,0.045
3,26,0.508
3,26,0.04
3,26,0.023
3,26,0.698
3,26,1.104
3,26,0.808
3,26,0.167
3,26,0.741
3,26,0.779
3,26,0.429
3,26,0.631
3,26,0.734
3,26,0.741
3,26,0.559
3,26,0.452
3,26,0.062
3,26,0.269
3,27,0.858
3,27,0.075
3,27,0.514
3,27,0.312
3,27,0.071
3,27,0.081
3,27,0.503
3,27,0.393
3,27,0.463
3,27,0.022
3,27,0.069
3,27,0.774
3,27,0.27
3,27,1.155
3,27,0.043
3,27,0.026
3,27,0.076
3,27,0.342
3,27,0.322
3,27,0.032
3,27,0.1
3,27,0.891
3,27,1.659
3,27,0.876
3,27,0.559
3,27,0.325
3,27,0.031
3,27,1.21
3,27,0.135
3,27,0.413
3,27,0.026
3,27,0.625
3,27,0.019
3,28,0.622
3,28,0.023
3,28,0.03
3,28,0.515
3,28,0.914
3,28,0.94
3,28,0.063
3,28,0.841
3,28,0.474
3,28,0.439
3,28,0.026
3,28,0.767
3,28,0.609
3,28,0.4
3,28,0.039
3,28,0.378
3,28,0.511
3,28,1.093
3,28,0.067
3,28,0.033
3,28,0.464
3,28,0.512
3,28,1.035
3,28,0.928
3,28,0.027
3,29,0.057
3,29,0.769
3,29,0.892
3,29,1.05
3,29,0.058
3,29,0.297
3,29,0.268
3,29,0.012
3,29,0.534
3,29,0.008
3,29,0.525
3,29,0.506
3,29,1.266
3,29,0.963
3,29,0.503
3,29,0.595
3,29,0.054
3,29,0.582
3,29,0.033
3,29,0.286
3,29,0.264
3,29,0.403
3,29,0.598
3,29,0.035
3,29,0.387
3,29,0.09
3,29,0.851
3,29,0.016
3,29,0.117
3,29,1.162
3,29,0.235
3,29,1.058
3,29,0.338
3,30,0.064
3,30,0.387
3,30,0.02
3,30,0.668
3,30,0.609
3,30,0.342
3,30,0.052
3,30,0.405
3,30,0.344
3,30,0.012
3,30,0.848
3,30,0.32
3,30,0.228
3,30,0.649
3,30,0.427
3,30,0.063
3,30,0.073
3,30,0.776
3,30,0.474
3,30,0.012
3,30,0.514
3,30,1.044
3,30,0.262
3,30,0.524
3,30,0.023
3,30,0.008
3,30,0.382
3,30,0.918
3,30,1.137
4,1,1.546
4,1,1.974
4,1,1.047
4,1,0.853
4,1,1.663
4,1,1.161
4,1,0.633
4,1,1.557
4,1,1.228
4,1,1.386
4,1,2.161
4,1,0.611
4,1,0.72
4,1,1.378
4,1,1.537
4,1,0.581
4,1,1.81
4,1,0.767
4,1,0.325
4,1,0.784
4,1,1.436
4,1,1.177
4,1,1.66
4,1,1.149
4,1,1.446
4,1,1.52
4,1,0.307
4,1,0.63
4,1,0.667
4,1,1.371
4,1,0.816
4,1,1.337
4,1,0.414
4,1,0.845
4,1,1.626
4,1,0.353
4,1,1.15
4,2,0.891
4,2,1.354
4,2,1.166
4,2,1.527
4,2,1.11
4,2,1.215
4,2,0.764
4,2,1.208
4,2,1.386
4,2,0.918
4,2,1.285
4,2,1.463
4,2,1.452
4,2,1.162
4,2,1.19
4,2,1.165
4,2,0.414
4,2,0.588
4,2,0.4
4,2,0.859
4,2,0.825
4,2,1.082
4,2,0.475
4,2,0.868
4,2,1.181
4,2,0.562
4,2,1.261
4,2,0.79
4,2,0.498
4,2,0.989
4,2,0.972
4,2,0.778
4,2,0.632
4,2,1.447
4,2,1.264
4,2,0.758
4,3,1.248
4,3,1.048
4,3,1.07
4,3,0.858
4,3,0.898
4,3,1.518
4,3,1.697
4,3,0.233
4,3,0.958
4,3,0.318
4,3,1.751
4,3,1.915
4,3,0.917
4,3,1.408
4,3,0.973
4,3,1.021
4,3,0.687
4,3,0.519
4,3,1.342
4,3,0.581
4,3,0.402
4,3,0.325
4,3,0.998
4,3,0.807
4,3,0.803
4,3,1.626
4,3,0.914
4,3,0.532
4,3,0.31
4,3,0.349
4,3,0.282
4,3,1.341
4,3,0.941
4,3,0.591
4,3,1.344
4,3,1.391
4,3,1.559
4,3,0.272
4,3,0.837
4,3,0.683
4,4,0.644
4,4,0.944
4,4,1.16
4,4,1.32
4,4,0.627
4,4,1.545
4,4,1.435
4,4,0.29
4,4,1.166
4,4,0.636
4,4,1.193
4,4,1.037
4,4,1.203
4,4,0.83
4,4,0.83
4,4,0.432
4,4,1.074
4,4,0.032
4,4,0.305
4,4,0.337
4,4,0.831
4,4,0.656
4,4,0.256
4,4,0.633
4,4,1.061
4,4,1.458
4,4,0.012
4,4,0.282
4,4,1.113
4,4,1.284
4,4,1.126
4,4,1.112
4,5,0.399
4,5,1.189
4,5,1.315
4,5,0.562
4,5,1.716
4,5,0.97
4,5,0.545
4,5,0.268
4,5,0.952
4,5,0.272
4,5,1.221
4,5,1.046
4,5,0.398
4,5,0.655
4,5,1.141
4,5,0.803
4,5,0.264
4,5,1.02
4,5,0.494
4,5,0.878
4,5,0.257
4,5,0.586
4,5,0.657
4,5,0.542
4,5,0.468
4,5,0.53
4,5,1.201
4,5,0.105
4,5,0.895
4,5,0.42
4,5,0.816
4,5,1.544
4,6,0.48
4,6,1.845
4,6,0.347
4,6,1.237
4,6,0.48
4,6,0.591
4,6,0.761
4,6,0.97
4,6,0.454
4,6,0.934
4,6,0.328
4,6,0.877
4,6,1.315
4,6,0.674
4,6,1.2
4,6,0.56
4,6,0.942
4,6,0.642
4,6,0.844
4,6,1.037
4,6,0.521
4,6,1.059
4,6,0.743
4,6,1.22
4,6,0.565
4,6,0.704
4,6,0.775
4,6,1.646
4,6,1.035
4,6,0.05
4,6,0.559
4,6,0.949
4,6,0.682
4,6,0.986
4,6,1.355
4,6,0.727
4,7,1.172
4,7,0.917
4,7,0.59
4,7,0.333
4,7,0.495
4,7,1.286
4,7,1.026
4,7,0.29
4,7,0.773
4,7,0.324
4,7,0.699
4,7,0.83
4,7,1.135
4,7,1.239
4,7,1.348
4,7,0.52
4,7,1.147
4,7,0.54
4,7,0.717
4,7,0.804
4,7,0.657
4,7,0.823
4,7,0.469
4,7,0.688
4,7,0.564
4,7,1.243
4,7,1.241
4,7,0.05
4,7,0.866
4,8,0.076
4,8,0.039
4,8,0.743
4,8,1.239
4,8,0.733
4,8,1.118
4,8,0.876
4,8,0.72
4,8,1.377
4,8,0.971
4,8,0.79
4,8,0.66
4,8,0.667
4,8,1.04
4,8,0.667
4,8,0.908
4,8,1.202
4,8,1.311
4,8,0.613
4,8,0.61
4,8,0.639
4,8,0.705
4,8,1.058
4,8,0.069
4,8,0.332
4,8,0.452
4,8,0.427
4,8,1.126
4,8,1.549
4,8,0.039
4,8,0.349
4,8,1.182
4,8,0.879
4,8,0.877
4,8,1.428
4,8,0.683
4,8,0.745
4,9,1.186
4,9,0.46
4,9,0.014
4,9,0.371
4,9,0.778
4,9,1.182
4,9,0.96
4,9,0.625
4,9,1.218
4,9,1.025
4,9,0.8
4,9,0.269
4,9,0.382
4,9,0.346
4,9,0.828
4,9,0.559
4,9,1.249
4,9,0.703
4,9,0.461
4,9,0.447
4,9,0.691
4,9,1.279
4,9,0.848
4,9,0.704
4,9,0.341
4,9,0.664
4,9,0.529
4,9,0.853
4,9,0.511
4,9,0.921
4,9,0.763
4,9,0.45
4,10,1.02
4,10,1.376
4,10,0.804
4,10,0.621
4,10,0.949
4,10,0.24
4,10,0.906
4,10,0.541
4,10,0.859
4,10,0.497
4,10,0.501
4,10,0.742
4,10,0.808
4,10,1.311
4,10,0.492
4,10,0.535
4,10,0.84
4,10,1.025
4,10,1.325
4,10,1.17
4,10,1.038
4,10,0.638
4,10,0.87
4,10,0.059
4,10,1.439
4,10,0.589
4,10,0.413
4,10,0.07
4,11,1.082
4,11,0.526
4,11,0.216
4,11,0.542
4,11,0.529
4,11,0.774
4,11,1.234
4,11,0.906
4,11,0.735
4,11,0.077
4,11,0.593
4,11,1.196
4,11,0.495
4,11,0.922
4,11,1.179
4,11,0.926
4,11,0.488
4,11,1.031
4,11,0.609
4,11,0.4
4,11,0.885
4,11,0.091
4,11,0.83
4,11,0.013
4,11,0.633
4,11,0.548
4,11,0.587
4,11,0.721
4,11,1.077
4,11,0.8
4,11,0.86
4,12,0.559
4,12,1.156
4,12,0.771
4,12,0.336
4,12,0.619
4,12,0.499
4,12,0.839
4,12,0.361
4,12,1.174
4,12,0.519
4,12,0.848
4,12,0.041
4,12,1.009
4,12,0.702
4,12,0.695
4,12,0.021
4,12,1.123
4,12,0.901
4,12,0.995
4,12,0.425
4,12,0.928
4,12,0.863
4,12,0.035
4,12,0.091
4,12,0.732
4,12,1.289
4,12,0.45
4,12,0.865
4,12,0.015
4,12,0.442
4,12,0.739
4,12,0.461
4,12,0.455
4,13,0.588
4,13,0.632
4,13,0.856
4,13,0.883
4,13,0.517
4,13,1.334
4,13,0.98
4,13,0.899
4,13,0.282
4,13,0.738
4,13,1.961
4,13,1.561
4,13,0.9
4,13,0.402
4,13,0.35
4,13,1.279
4,13,1.133
4,13,1.309
4,13,1.096
4,13,0.449
4,13,0.887
4,13,1.019
4,14,0.575
4,14,0.836
4,14,0.367
4,14,0.287
4,14,1.3
4,14,1.389
4,14,0.026
4,14,0.209
4,14,0.66
4,14,0.669
4,14,1.054
4,14,0.19
4,14,0.009
4,14,0.74
4,14,1.353
4,14,0.064
4,14,0.033
4,14,0.978
4,14,0.813
4,14,0.997
4,14,0.736
4,14,1.156
4,15,0.851
4,15,0.07
4,15,0.673
4,15,0.425
4,15,0.281
4,15,0.191
4,15,0.686
4,15,0.842
4,15,0.643
4,15,0.372
4,15,1.271
4,15,0.578
4,15,0.586
4,15,0.044
4,15,0.846
4,15,0.057
4,15,0.865
4,15,0.447
4,15,0.532
4,15,0.332
4,15,0.444
4,15,1.524
4,15,0.132
4,15,0.443
4,16,0.771
4,16,0.858
4,16,0.361
4,16,0.176
4,16,0.714
4,16,0.411
4,16,0.059
4,16,0.53
4,16,0.962
4,16,1.357
4,16,0.514
4,16,1.211
4,16,0.757
4,16,0.014
4,16,0.752
4,16,0.482
4,16,0.892
4,16,0.92
4,16,1.412
4,16,0.088
4,16,1.153
4,16,0.845
4,16,0.67
4,16,0.276
4,16,1.282
4,16,0.795
4,16,1.223
4,16,0.364
4,17,0.55
4,17,0.753
4,17,0.045
4,17,1.527
4,17,1.181
4,17,0.715
4,17,0.441
4,17,0.173
4,17,0.381
4,17,0.788
4,17,1.388
4,17,0.34
4,17,0.487
4,17,0.227
4,17,0.953
4,17,0.494
4,17,0.669
4,17,0.673
4,17,0.989
4,17,0.478
4,17,0.033
4,17,0.531
4,17,0.513
4,17,0.675
4,17,0.793
4,17,0.416
4,18,0.46
4,18,0.8
4,18,0.239
4,18,0.621
4,18,1.027
4,18,0.799
4,18,0.368
4,18,0.274
4,18,1.175
4,18,0.901
4,18,0.231
4,18,0.825
4,18,0.025
4,18,0.617
4,18,1.047
4,18,1.367
4,18,0.239
4,18,0.431
4,19,0.468
4,19,0.094
4,19,0.69
4,19,0.912
4,19,0.109
4,19,0.849
4,19,0.765
4,19,1.52
4,19,0.384
4,19,0.424
4,19,1.149
4,19,1.149
4,19,0.814
4,19,0.432
4,19,0.423
4,19,0.049
4,19,0.029
4,19,0.057
4,19,0.538
4,19,1.221
4,19,0.578
4,19,0.789
4,19,0.535
4,19,1.402
4,20,0.803
4,20,0.592
4,20,0.467
4,20,0.835
4,20,0.275
4,20,0.367
4,20,1.155
4,20,0.229
4,20,0.036
4,20,0.3
4,20,1.473
4,20,1.322
4,20,0.29
4,20,0.364
4,20,1.67
4,20,0.288
4,20,0.418
4,20,0.499
4,20,1.234
4,21,0.028
4,21,1.225
4,21,0.464
4,21,0.416
4,21,0.282
4,21,0.034
4,21,0.984
4,21,0.638
4,21,0.722
4,21,0.09
4,21,0.91
4,21,0.403
4,21,1.2
4,21,0.928
4,21,1.073
4,21,0.012
4,21,0.096
4,21,0.764
4,21,0.843
4,21,0.603
4,21,0.963
4,21,0.918
4,21,0.327
4,21,0.743
4,22,0.691
4,22,0.632
4,22,0.324
4,22,1.262
4,22,0.021
4,22,0.05
4,22,0.461
4,22,1.045
4,22,1.062
4,22,0.04
4,22,0.252
4,22,0.816
4,22,0.634
4,22,0.484
4,22,0.932
4,22,0.672
4,22,0.043
4,22,0.547
4,22,0.025
4,22,0.437
4,22,0.016
4,22,0.037
4,22,0.841
4,23,0.751
4,23,0.79
4,23,0.748
4,23,1.531
4,23,0.125
4,23,0.74
4,23,0.04
4,23,0.938
4,23,1.468
4,23,0.021
4,23,0.609
4,23,0.233
4,23,0.447
4,23,0.774
4,23,0.025
4,23,0.344
4,23,0.514
4,23,0.722
4,23,1.378
4,23,0.939
4,23,1.507
4,23,0.953
4,24,1.138
4,24,0.619
4,24,0.99
4,24,0.427
4,24,0.564
4,24,0.637
4,24,0.125
4,24,1.274
4,24,0.016
4,24,1.099
4,24,0.499
4,24,0.877
4,24,0.944
4,24,0.633
4,24,1.73
4,24,1.43
4,24,0.91
4,24,0.616
4,24,0.25
4,24,0.546
4,24,0.417
4,24,0.047
4,24,0.564
4,24,0.034
4,25,0.429
4,25,1.254
4,25,0.888
4,25,0.949
4,25,0.339
4,25,0.578
4,25,1.459
4,25,0.885
4,25,1.068
4,25,0.024
4,25,0.021
4,25,0.768
4,25,0.919
4,25,0.047
4,25,0.346
4,25,0.802
4,25,0.547
4,25,0.051
4,25,0.597
4,25,0.828
4,25,1.439
4,25,0.042
4,25,0.368
4,25,0.364
4,26,0.541
4,26,0.209
4,26,0.393
4,26,0.782
4,26,0.718
4,26,0.59
4,26,0.229
4,26,0.045
4,26,0.843
4,26,0.509
4,26,1.239
4,26,0.759
4,26,0.426
4,26,0.937
4,26,0.562
4,26,0.096
4,26,1.333
4,26,0.077
4,26,0.561
4,26,0.163
4,27,1.025
4,27,0.835
4,27,0.912
4,27,0.524
4,27,0.744
4,27,1.042
4,27,0.038
4,27,0.583
4,27,0.592
4,27,0.374
4,27,1.384
4,27,0.488
4,27,0.747
4,27,0.866
4,27,1.148
4,27,0.953
4,27,0.076
4,27,0.584
4,27,0.96
4,27,0.647
4,27,0.061
4,27,0.502
4,27,0.37
4,27,0.527
4,27,0.696
4,27,0.825
4,27,0.637
4,27,0.298
4,27,0.665
4,27,0.619
4,28,0.648
4,28,0.907
4,28,0.021
4,28,1.251
4,28,0.044
4,28,0.054
4,28,0.853
4,28,0.62
4,28,0.026
4,28,0.027
4,28,1.652
4,28,0.774
4,28,0.605
4,28,0.586
4,28,0.09
4,28,0.53
4,28,0.467
4,28,1.516
4,28,0.486
4,28,0.108
4,28,0.028
4,28,0.018
4,28,0.657
4,28,0.593
4,28,0.606
4,28,0.773
4,28,1.213
4,28,0.563
4,29,0.706
4,29,0.551
4,29,0.984
4,29,0.372
4,29,0.074
4,29,1.105
4,29,1.249
4,29,0.658
4,29,0.503
4,29,0.394
4,29,1.474
4,29,1.462
4,29,0.616
4,29,0.041
4,29,0.622
4,29,0.042
4,29,0.026
4,29,0.042
4,29,0.686
4,29,0.953
4,29,0.653
4,29,0.867
4,29,0.667
4,29,0.443
4,29,0.285
4,30,0.803
4,30,1.025
4,30,0.383
4,30,0.215
4,30,0.897
4,30,0.067
4,30,0.584
4,30,0.293
4,30,0.312
4,30,0.328
4,30,0.495
4,30,1.225
4,30,0.416
4,30,0.018
4,30,0.857
4,30,0.935
4,30,0.442
4,30,1.14
4,30,0.7
4,30,1.038
4,30,1.425
4,30,0.057
4,30,0.076
4,30,0.047
4,30,0.063
4,30,0.06
4,30,1.208
5,1,1.104
5,1,1.17
5,1,1.752
5,1,0.993
5,1,0.659
5,1,1.091
5,1,1.839
5,1,1.195
5,1,1.411
5,1,1.482
5,1,0.676
5,1,1.436
5,1,0.357
5,1,1.001
5,1,1.096
5,1,1.121
5,1,1.056
5,1,1.342
5,1,1.433
5,1,1.658
5,1,0.882
5,1,0.782
5,1,1.531
5,1,1.313
5,1,1.217
5,1,0.089
5,1,1.188
5,1,0.096
5,1,0.836
5,1,1.352
5,1,0.824
5,1,1.775
5,1,0.913
5,1,1.601
5,2,0.599
5,2,0.955
5,2,1.646
5,2,0.979
5,2,1.28
5,2,0.908
5,2,0.731
5,2,0.857
5,2,0.891
5,2,1.058
5,2,0.923
5,2,0.713
5,2,0.439
5,2,0.897
5,2,1.14
5,2,0.242
5,2,0.416
5,2,0.479
5,2,1.152
5,2,0.964
5,2,0.962
5,2,1.017
5,2,1.033
5,2,1.105
5,2,1.395
5,2,0.547
5,2,0.575
5,2,1.028
5,2,1.11
5,2,1.4
5,2,1.306
5,2,1.247
5,2,1.815
5,2,0.378
5,2,0.426
5,3,0.492
5,3,1.301
5,3,1.211
5,3,1.985
5,3,1.133
5,3,0.69
5,3,0.859
5,3,1.003
5,3,1.226
5,3,1.14
5,3,1.259
5,3,1.286
5,3,1.256
5,3,0.489
5,3,1.432
5,3,1.354
5,3,0.931
5,3,0.639
5,3,0.696
5,3,1.138
5,3,0.648
5,3,0.961
5,3,0.845
5,3,0.477
5,3,0.912
5,3,0.848
5,3,0.89
5,3,1.411
5,3,0.755
5,3,0.951
5,3,1.893
5,3,1.142
5,3,2.097
5,3,0.474
5,3,0.934
5,3,0.451
5,3,1.137
5,3,0.565
5,3,1.436
5,3,1.088
5,3,0.439
5,4,0.587
5,4,1.035
5,4,1.256
5,4,0.791
5,4,0.526
5,4,0.505
5,4,0.529
5,4,1.434
5,4,0.698
5,4,0.751
5,4,0.294
5,4,0.478
5,4,0.833
5,4,1.55
5,4,0.765
5,4,1.262
5,4,0.042
5,4,0.268
5,4,0.039
5,4,0.526
5,4,0.019
5,4,0.607
5,4,0.515
5,4,0.009
5,4,0.892
5,4,1.173
5,4,0.812
5,4,1.09
5,4,1.262
5,4,0.933
5,4,0.857
5,4,0.797
5,4,0.395
5,4,0.785
5,4,0.71
5,4,1.361
5,4,1.433
5,4,1.373
5,4,1.417
5,5,0.99
5,5,1.277
5,5,1.197
5,5,0.304
5,5,0.374
5,5,1.575
5,5,0.815
5,5,1.027
5,5,0.381
5,5,0.57
5,5,1.022
5,5,1.654
5,5,1.329
5,5,0.831
5,5,0.733
5,5,0.893
5,5,1.054
5,5,0.019
5,5,0.791
5,5,0.847
5,5,1.371
5,5,1.321
5,5,1.126
5,5,1.137
5,5,0.476
5,5,0.629
5,5,1.427
5,5,0.805
5,5,0.864
5,5,0.381
5,5,0.692
5,5,0.993
5,5,0.752
5,5,0.623
5,5,1.136
5,5,1.182
5,5,1.78
5,5,1.251
5,5,1.053
5,5,0.344
5,5,0.626
5,5,0.725
5,6,0.931
5,6,1.305
5,6,0.773
5,6,1.099
5,6,0.119
5,6,0.252
5,6,0.026
5,6,0.418
5,6,0.781
5,6,1.097
5,6,0.48
5,6,1.174
5,6,0.923
5,6,0.17
5,6,1.281
5,6,0.849
5,6,0.414
5,6,1.054
5,6,1.282
5,6,1.033
5,6,0.82
5,6,1.136
5,6,1.269
5,6,1.082
5,6,1.051
5,6,0.398
5,6,0.557
5,6,0.327
5,6,0.612
5,6,0.543
5,6,0.729
5,6,1.054
5,6,0.977
5,6,0.794
5,6,1.149
5,6,1.093
5,6,1.41
5,6,1.227
5,6,0.098
5,6,1.156
5,6,1.253
5,6,0.909
5,6,0.544
5,6,1.334
5,6,0.392
5,6,0.557
5,7,0.438
5,7,0.362
5,7,0.666
5,7,0.392
5,7,1.037
5,7,0.037
5,7,0.66
5,7,0.819
5,7,1.417
5,7,0.419
5,7,0.742
5,7,0.346
5,7,0.392
5,7,0.952
5,7,0.693
5,7,1.276
5,7,0.612
5,7,0.952
5,7,0.481
5,7,0.01
5,7,0.309
5,7,0.503
5,7,0.174
5,7,1.19
5,7,0.295
5,7,0.9
5,7,1.179
5,7,0.519
5,7,1.197
5,7,1.382
5,7,0.779
5,7,0.329
5,7,1.382
5,7,0.706
5,7,0.916
5,7,0.509
5,7,0.999
5,7,1.729
5,7,0.614
5,7,0.433
5,7,0.851
5,7,0.51
5,8,1.352
5,8,0.192
5,8,1.057
5,8,1.243
5,8,0.733
5,8,0.328
5,8,0.953
5,8,1.874
5,8,1.234
5,8,1.184
5,8,0.377
5,8,0.548
5,8,1.245
5,8,0.024
5,8,0.744
5,8,1.151
5,8,1.314
5,8,0.858
5,8,1.549
5,8,1.29
5,8,1.159
5,8,1.16
5,8,0.046
5,8,1.125
5,8,0.906
5,8,1.44
5,8,0.026
5,8,0.254
5,8,1.873
5,8,0.888
5,8,0.874
5,8,1.135
5,8,0.984
5,8,1.373
5,8,0.594
5,8,0.297
5,8,0.039
5,8,1.053
5,8,0.984
5,8,0.651
5,8,0.517
5,8,0.914
5,9,1.782
5,9,1.336
5,9,1.216
5,9,0.362
5,9,0.015
5,9,1.061
5,9,0.55
5,9,1.082
5,9,0.597
5,9,1.076
5,9,0.943
5,9,0.888
5,9,1.395
5,9,0.428
5,9,0.221
5,9,0.325
5,9,0.993
5,9,0.872
5,9,1.506
5,9,0.86
5,9,1.238
5,9,0.499
5,9,1.17
5,9,0.904
5,9,0.772
5,9,0.542
5,9,0.597
5,9,1.317
5,9,0.539
5,9,0.028
5,9,0.389
5,10,0.948
5,10,0.362
5,10,0.408
5,10,0.347
5,10,1.037
5,10,1.384
5,10,0.24
5,10,0.017
5,10,0.965
5,10,0.451
5,10,1.092
5,10,0.442
5,10,1.303
5,10,1.263
5,10,1.373
5,10,0.05
5,10,0.894
5,10,0.629
5,10,1.009
5,10,0.899
5,10,0.628
5,10,0.351
5,10,1.439
5,10,1.535
5,10,0.178
5,10,0.023
5,10,0.529
5,10,1.267
5,10,0.958
5,10,0.807
5,10,0.081
5,10,0.494
5,10,1.417
5,10,1.038
5,10,0.455
5,10,0.372
5,10,1.132
5,10,1.673
5,10,0.194
5,10,0.957
5,11,0.523
5,11,0.936
5,11,0.026
5,11,0.317
5,11,1.274
5,11,1.456
5,11,0.256
5,11,1.038
5,11,0.726
5,11,0.304
5,11,0.084
5,11,0.581
5,11,0.052
5,11,1.03
5,11,1.024
5,11,0.897
5,11,1.056
5,11,0.539
5,11,0.563
5,11,0.527
5,11,0.407
5,11,1.566
5,11,0.046
5,11,0.968
5,11,0.058
5,11,1.14
5,11,0.013
5,11,0.251
5,11,0.252
5,11,1.142
5,11,0.105
5,11,0.576
5,11,0.527
5,11,0.466
5,11,0.418
5,11,0.572
5,11,0.527
5,11,0.59
5,11,0.525
5,11,0.36
5,11,0.544
5,11,1.243
5,12,0.522
5,12,0.335
5,12,0.949
5,12,0.614
5,12,0.731
5,12,0.02
5,12,0.62
5,12,0.796
5,12,0.618
5,12,0.444
5,12,1.056
5,12,0.461
5,12,0.161
5,12,0.266
5,12,0.574
5,12,1.011
5,12,1.061
5,12,0.754
5,12,0.248
5,12,0.764
5,12,1.484
5,12,0.374
5,12,0.546
5,12,0.85
5,12,0.721
5,12,0.744
5,12,0.425
5,12,0.375
5,12,0.301
5,12,0.651
5,12,1.098
5,12,0.579
5,12,0.09
5,12,0.892
5,12,0.856
5,12,0.103
5,12,0.419
5,12,1.097
5,13,0.401
5,13,1.367
5,13,1.492
5,13,1.259
5,13,0.629
5,13,0.328
5,13,0.503
5,13,1.141
5,13,0.528
5,13,0.649
5,13,0.382
5,13,0.345
5,13,0.083
5,13,1.122
5,13,0.443
5,13,0.985
5,13,0.754
5,13,1.121
5,13,1.204
5,13,1.258
5,13,0.654
5,13,0.024
5,13,1.435
5,13,0.655
5,13,1.263
5,13,0.97
5,13,0.999
5,13,0.346
5,13,0.284
5,13,0.422
5,13,0.053
5,13,0.595
5,13,0.799
5,13,0.311
5,13,0.505
5,14,0.56
5,14,0.852
5,14,0.697
5,14,0.728
5,14,0.953
5,14,0.634
5,14,0.075
5,14,0.028
5,14,0.748
5,14,0.955
5,14,0.465
5,14,1.471
5,14,0.782
5,14,0.971
5,14,0.809
5,14,0.7
5,14,0.027
5,14,0.32
5,14,0.511
5,14,1.008
5,14,0.343
5,14,0.519
5,14,0.835
5,14,0.81
5,14,1.046
5,14,1.106
5,14,0.623
5,14,0.907
5,14,1.228
5,14,0.052
5,14,0.267
5,15,0.839
5,15,0.896
5,15,0.379
5,15,0.789
5,15,0.52
5,15,0.464
5,15,0.059
5,15,0.025
5,15,0.298
5,15,0.707
5,15,0.449
5,15,0.838
5,15,0.483
5,15,0.185
5,15,0.54
5,15,1.183
5,15,0.331
5,15,0.426
5,15,0.905
5,15,0.041
5,15,1.334
5,15,0.695
5,15,0.422
5,15,0.8
5,15,0.691
5,15,1.025
5,15,0.709
5,15,0.279
5,15,0.492
5,15,0.595
5,15,0.814
5,15,1.423
5,15,0.863
5,15,1.273
5,15,0.864
5,15,1.097
5,15,1.373
5,15,0.936
5,15,0.031
5,16,1.106
5,16,1.047
5,16,0.522
5,16,0.645
5,16,0.482
5,16,0.81
5,16,0.091
5,16,1.046
5,16,0.476
5,16,1.082
5,16,0.943
5,16,0.512
5,16,0.858
5,16,0.342
5,16,0.451
5,16,0.505
5,16,0.7
5,16,0.884
5,16,1.505
5,16,0.379
5,16,0.363
5,16,0.053
5,16,0.828
5,16,1.315
5,16,0.046
5,16,1.189
5,16,0.43
5,17,0.345
5,17,0.458
5,17,0.841
5,17,1.42
5,17,0.818
5,17,0.348
5,17,0.561
5,17,0.2
5,17,0.698
5,17,0.054
5,17,0.512
5,17,0.057
5,17,0.927
5,17,0.767
5,17,0.46
5,17,0.581
5,17,1.242
5,17,0.821
5,17,0.021
5,17,0.03
5,17,0.402
5,17,0.692
5,17,0.828
5,17,0.43
5,17,0.975
5,17,0.097
5,17,0.399
5,17,0.207
5,17,0.02
5,17,0.6
5,17,0.424
5,17,1.22
5,17,0.937
5,17,0.986
5,17,0.26
5,17,0.53
5,17,1.297
5,17,0.552
5,17,0.436
5,18,0.541
5,18,0.584
5,18,0.515
5,18,0.099
5,18,0.637
5,18,0.703
5,18,0.088
5,18,0.853
5,18,0.167
5,18,0.157
5,18,0.654
5,18,0.379
5,18,0.797
5,18,0.041
5,18,0.339
5,18,0.726
5,18,0.655
5,18,0.608
5,18,0.933
5,18,0.351
5,18,1.163
5,18,0.036
5,18,0.743
5,18,0.574
5,18,0.047
5,18,1.035
5,18,1.228
5,18,0.823
5,18,0.193
5,18,0.779
5,18,0.337
5,18,0.572
5,18,0.096
5,18,0.594
5,18,0.051
5,18,0.054
5,19,1.956
5,19,0.397
5,19,0.47
5,19,0.353
5,19,0.319
5,19,0.039
5,19,0.328
5,19,0.321
5,19,0.614
5,19,0.053
5,19,0.28
5,19,0.821
5,19,0.661
5,19,0.022
5,19,0.914
5,19,0.371
5,19,0.593
5,19,0.017
5,19,0.305
5,19,0.396
5,19,1.157
5,19,0.605
5,19,0.978
5,19,0.558
5,19,0.121
5,19,0.847
5,19,0.311
5,19,0.402
5,19,0.107
5,19,0.849
5,19,0.022
5,19,0.051
5,19,0.277
5,19,0.749
5,19,0.425
5,19,0.477
5,19,1.06
5,19,0.086
5,20,0.552
5,20,0.078
5,20,0.04
5,20,0.04
5,20,1.07
5,20,0.653
5,20,0.494
5,20,0.212
5,20,0.493
5,20,0.126
5,20,0.033
5,20,0.021
5,20,0.342
5,20,0.283
5,20,0.075
5,20,0.522
5,20,0.568
5,20,0.376
5,20,0.659
5,20,0.561
5,20,0.538
5,20,0.379
5,20,0.237
5,20,0.479
5,20,0.742
5,20,0.118
5,20,0.053
5,20,0.471
5,20,0.405
5,20,0.846
5,20,0.4
5,21,1.104
5,21,0.632
5,21,0.131
5,21,0.054
5,21,0.037
5,21,1.031
5,21,0.29
5,21,0.772
5,21,0.098
5,21,0.596
5,21,0.222
5,21,0.45
5,21,0.415
5,21,0.646
5,21,0.648
5,21,0.758
5,21,0.793
5,21,0.306
5,21,0.404
5,21,0.283
5,21,0.548
5,21,0.336
5,21,0.395
5,21,0.672
5,21,0.595
5,21,0.497
5,21,0.606
5,21,1.067
5,21,0.468
5,22,0.145
5,22,0.656
5,22,0.029
5,22,0.332
5,22,0.107
5,22,0.678
5,22,0.027
5,22,1.165
5,22,0.834
5,22,0.607
5,22,0.655
5,22,0.955
5,22,0.788
5,22,0.426
5,22,0.082
5,22,0.601
5,22,0.847
5,22,0.08
5,22,0.864
5,22,0.583
5,22,0.575
5,22,0.673
5,22,0.774
5,22,0.622
5,22,0.342
5,22,0.316
5,22,0.806
5,22,0.876
5,22,1.212
5,22,0.981
5,22,0.016
5,22,0.015
5,22,0.344
5,22,0.59
5,22,0.617
5,22,0.292
5,22,1.336
5,22,0.495
5,22,0.067
5,22,0.775
5,22,0.988
5,22,0.521
5,23,0.663
5,23,0.164
5,23,0.368
5,23,1.24
5,23,0.024
5,23,1.141
5,23,0.062
5,23,0.425
5,23,0.962
5,23,0.108
5,23,1.112
5,23,0.619
5,23,0.242
5,23,0.398
5,23,0.121
5,23,0.478
5,23,0.163
5,23,0.585
5,23,0.391
5,23,1.376
5,23,0.237
5,23,1.167
5,23,0.068
5,23,1.282
5,23,0.099
5,23,0.986
5,23,0.046
5,23,0.504
5,23,0.04
5,23,0.538
5,23,0.715
5,23,0.647
5,23,0.164
5,23,0.017
5,23,0.69
5,24,0.52
5,24,0.791
5,24,0.49
5,24,0.586
5,24,0.938
5,24,0.495
5,24,0.032
5,24,0.339
5,24,0.419
5,24,0.023
5,24,0.064
5,24,0.058
5,24,0.397
5,24,0.478
5,24,0.333
5,24,1.144
5,24,0.746
5,24,0.646
5,24,0.486
5,24,0.801
5,24,0.764
5,24,0.702
5,24,0.82
5,24,0.021
5,24,0.044
5,24,0.9
5,24,1.371
5,24,0.777
5,24,0.517
5,24,0.29
5,24,0.569
5,24,0.478
5,24,0.474
5,24,0.476
5,25,0.569
5,25,0.748
5,25,0.55
5,25,0.575
5,25,0.282
5,25,0.432
5,25,0.256
5,25,0.276
5,25,0.891
5,25,0.67
5,25,0.623
5,25,0.398
5,25,1.018
5,25,0.694
5,25,0.6
5,25,0.576
5,25,0.464
5,25,0.674
5,25,0.095
5,25,0.797
5,25,0.539
5,25,1.266
5,25,0.099
5,25,1.197
5,25,0.682
5,26,0.033
5,26,0.857
5,26,0.452
5,26,0.441
5,26,0.234
5,26,0.769
5,26,0.585
5,26,0.027
5,26,0.077
5,26,0.609
5,26,0.316
5,26,0.525
5,26,1.071
5,26,0.43
5,26,0.852
5,26,0.569
5,26,0.052
5,26,0.382
5,26,0.07
5,26,0.648
5,26,0.512
5,26,0.614
5,26,0.443
5,26,0.5
5,26,0.991
5,26,0.365
5,26,0.037
5,26,0.583
5,26,0.945
5,26,0.478
5,26,0.524
5,26,0.08
5,26,0.245
5,26,0.561
5,26,0.053
5,26,0.022
5,27,0.02
5,27,0.044
5,27,0.406
5,27,0.535
5,27,0.06
5,27,0.188
5,27,0.463
5,27,0.013
5,27,0.146
5,27,0.168
5,27,0.452
5,27,0.817
5,27,0.865
5,27,0.026
5,27,0.208
5,27,0.395
5,27,0.083
5,27,0.55
5,27,0.087
5,27,0.025
5,27,0.02
5,27,0.501
5,27,0.261
5,27,0.036
5,27,0.858
5,27,0.794
5,27,0.643
5,27,0.039
5,27,0.334
5,27,0.738
5,28,0.223
5,28,0.033
5,28,0.298
5,28,0.278
5,28,0.381
5,28,0.489
5,28,0.277
5,28,0.033
5,28,0.554
5,28,0.473
5,28,0.598
5,28,0.184
5,28,0.252
5,28,0.05
5,28,0.056
5,28,0.504
5,28,0.685
5,28,0.188
5,28,0.492
5,28,0.622
5,28,0.884
5,28,0.045
5,28,0.719
5,28,0.237
5,28,0.051
5,28,0.765
5,28,0.578
5,28,0.185
5,28,0.831
5,28,0.249
5,28,0.32
5,29,0.712
5,29,0.268
5,29,0.426
5,29,0.28
5,29,0.772
5,29,0.378
5,29,0.181
5,29,0.546
5,29,0.802
5,29,0.53
5,29,0.093
5,29,0.296
5,29,0.028
5,29,0.521
5,29,0.109
5,29,0.115
5,29,0.695
5,29,0.019
5,29,0.633
5,29,1.157
5,30,0.618
5,30,0.763
5,30,0.563
5,30,0.458
5,30,0.413
5,30,0.958
5,30,0.033
5,30,0.062
5,30,0.524
5,30,0.029
5,30,0.312
5,30,0.051
5,30,0.077
5,30,0.096
5,30,0.017
5,30,0.018
5,30,0.501
5,30,0.682
5,30,0.016
5,30,0.453
5,30,0.148
5,30,0.03
5,30,0.482
5,30,1.191
5,30,0.65
6,1,1.779
6,1,1.639
6,1,0.917
6,1,1.476
6,1,1.729
6,1,1.443
6,1,1.481
6,1,1.505
6,1,0.842
6,1,0.995
6,1,0.636
6,1,1.155
6,1,1.065
6,1,0.923
6,1,0.024
6,1,1.507
6,1,0.733
6,1,0.85
6,1,1.054
6,1,0.943
6,1,1.677
6,1,1.065
6,1,1.553
6,1,1.295
6,1,1.335
6,1,0.437
6,1,1.245
6,1,0.599
6,1,1.056
6,1,1.529
6,1,0.984
6,1,1.08
6,1,1.415
6,1,0.626
6,1,0.669
6,1,1.581
6,1,1.597
6,1,1.393
6,1,1.017
6,1,1.028
6,1,1.551
6,1,1.245
6,1,0.713
6,1,1.442
6,1,1.303
6,1,1.66
6,1,1.549
6,1,0.213
6,1,1.668
6,1,1.297
6,1,1.953
6,2,1.274
6,2,1.53
6,2,1.825
6,2,1.313
6,2,1.071
6,2,0.469
6,2,0.789
6,2,0.684
6,2,0.91
6,2,0.522
6,2,0.804
6,2,0.877
6,2,0.39
6,2,0.89
6,2,0.834
6,2,0.411
6,2,0.925
6,2,1.657
6,2,1.365
6,2,1.36
6,2,1.157
6,2,1.404
6,2,0.807
6,2,0.911
6,2,1.428
6,2,0.196
6,2,1.218
6,2,1.611
6,2,1.164
6,2,1.313
6,2,0.866
6,2,0.93
6,2,1.337
6,2,0.996
6,2,1.817
6,2,0.908
6,2,1.39
6,2,1.377
6,2,0.968
6,2,0.847
6,2,1.202
6,2,0.31
6,2,1.334
6,2,0.956
6,2,0.448
6,3,1.306
6,3,1.276
6,3,0.61
6,3,0.461
6,3,0.368
6,3,0.924
6,3,0.809
6,3,1.499
6,3,0.795
6,3,1.129
6,3,0.843
6,3,1.044
6,3,1.208
6,3,1.26
6,3,0.543
6,3,0.945
6,3,0.872
6,3,1.864
6,3,0.832
6,3,1.978
6,3,1.184
6,3,0.708
6,3,0.774
6,3,1.204
6,3,1.367
6,3,0.9
6,3,0.906
6,3,1.239
6,3,0.643
6,3,0.678
6,3,0.912
6,3,0.777
6,3,0.852
6,3,0.943
6,3,1.227
6,3,1.316
6,3,1.776
6,3,1.464
6,3,0.496
6,3,1.304
6,3,1.144
6,3,0.453
6,3,0.815
6,3,0.445
6,3,0.895
6,3,0.44
6,3,0.972
6,3,2.038
6,3,0.982
6,3,0.351
6,3,0.79
6,3,0.446
6,3,1.133
6,4,0.276
6,4,0.031
6,4,1.138
6,4,0.004
6,4,0.355
6,4,1.342
6,4,0.758
6,4,0.985
6,4,1.005
6,4,0.046
6,4,0.813
6,4,1.324
6,4,1.095
6,4,0.749
6,4,1.407
6,4,0.879
6,4,0.952
6,4,0.855
6,4,0.465
6,4,0.946
6,4,1.563
6,4,0.496
6,4,0.677
6,4,0.551
6,4,1.408
6,4,1.191
6,4,0.062
6,4,1.908
6,4,0.517
6,4,0.886
6,4,0.058
6,4,0.921
6,4,2.002
6,4,1.372
6,4,0.405
6,4,0.959
6,4,0.337
6,4,0.76
6,4,1.56
6,4,1.843
6,4,0.209
6,4,0.4
6,4,0.923
6,4,1.404
6,4,1.341
6,4,0.827
6,4,0.917
6,4,1.201
6,4,1.082
6,4,0.949
6,4,1.158
6,4,1.218
6,4,1.382
6,4,0.742
6,4,0.82
6,4,0.901
6,5,1.507
6,5,0.413
6,5,1.354
6,5,0.477
6,5,0.533
6,5,1.35
6,5,0.855
6,5,0.846
6,5,1.24
6,5,1.294
6,5,0.076
6,5,1.365
6,5,0.431
6,5,1.129
6,5,0.666
6,5,0.659
6,5,1.206
6,5,0.713
6,5,1.832
6,5,1.245
6,5,0.399
6,5,0.627
6,5,1.345
6,5,1.152
6,5,1.187
6,5,0.608
6,5,0.509
6,5,0.151
6,5,1.435
6,5,0.488
6,5,0.913
6,5,1.838
6,5,0.728
6,5,1.14
6,5,0.608
6,5,0.556
6,5,0.684
6,5,1.17
6,5,0.977
6,5,1.392
6,5,1.332
6,5,0.203
6,5,1.184
6,5,1.033
6,6,1.171
6,6,0.436
6,6,1.067
6,6,1.219
6,6,0.252
6,6,1.048
6,6,0.332
6,6,1.093
6,6,0.445
6,6,0.578
6,6,0.755
6,6,0.579
6,6,0.987
6,6,0.498
6,6,0.576
6,6,1.33
6,6,0.53
6,6,0.606
6,6,0.027
6,6,1.093
6,6,0.337
6,6,1.324
6,6,1.142
6,6,0.715
6,6,1.117
6,6,1.37
6,6,0.518
6,6,0.549
6,6,0.496
6,6,0.691
6,6,0.626
6,6,0.861
6,6,1.459
6,6,1.834
6,6,1.164
6,6,0.957
6,6,0.693
6,6,0.802
6,6,0.703
6,6,1.097
6,6,1.5
6,6,0.535
6,6,1.486
6,6,0.437
6,6,1.192
6,6,0.888
6,6,1.008
6,6,0.347
6,6,0.811
6,6,0.407
6,7,1.147
6,7,0.449
6,7,0.546
6,7,0.836
6,7,1.309
6,7,1.121
6,7,1.099
6,7,0.358
6,7,1.167
6,7,0.93
6,7,0.518
6,7,1.213
6,7,0.792
6,7,1.006
6,7,0.848
6,7,0.345
6,7,1.301
6,7,0.91
6,7,0.686
6,7,0.407
6,7,0.707
6,7,0.297
6,7,1.209
6,7,0.731
6,7,0.946
6,7,1.036
6,7,0.864
6,7,0.971
6,7,0.785
6,7,0.642
6,7,0.156
6,7,1.264
6,7,1.057
6,7,1.052
6,7,0.939
6,7,1.041
6,7,1.932
6,7,1.624
6,7,0.755
6,7,0.164
6,7,0.996
6,7,1.372
6,7,1.389
6,7,0.493
6,7,1.987
6,7,0.93
6,7,0.709
6,7,0.593
6,7,0.528
6,8,0.781
6,8,0.429
6,8,1.012
6,8,0.92
6,8,1.551
6,8,0.393
6,8,0.965
6,8,0.302
6,8,0.766
6,8,0.015
6,8,0.437
6,8,0.484
6,8,0.503
6,8,0.533
6,8,0.969
6,8,1.347
6,8,0.58
6,8,0.123
6,8,0.841
6,8,1.122
6,8,1.227
6,8,0.803
6,8,0.413
6,8,0.599
6,8,0.996
6,8,1.593
6,8,1.123
6,8,0.789
6,8,1.368
6,8,0.747
6,8,0.494
6,8,0.654
6,8,1.387
6,8,0.929
6,8,0.33
6,8,0.87
6,8,0.862
6,8,0.725
6,8,0.735
6,8,0.74
6,8,1.563
6,8,0.159
6,9,0.422
6,9,0.077
6,9,0.813
6,9,0.537
6,9,0.01
6,9,1.245
6,9,0.918
6,9,0.804
6,9,0.534
6,9,0.897
6,9,1.052
6,9,0.844
6,9,0.327
6,9,0.724
6,9,1.103
6,9,1.356
6,9,0.341
6,9,0.851
6,9,0.017
6,9,0.487
6,9,0.859
6,9,0.54
6,9,1.57
6,9,0.517
6,9,0.556
6,9,0.064
6,9,0.67
6,9,0.005
6,9,0.218
6,9,0.394
6,9,0.945
6,9,0.081
6,9,1.161
6,9,1.137
6,9,0.604
6,9,1.076
6,9,0.426
6,9,0.28
6,9,1.186
6,9,1.301
6,9,0.868
6,9,1.024
6,9,0.956
6,9,0.618
6,9,0.467
6,9,1.333
6,9,0.308
6,9,0.365
6,9,1.206
6,9,2.083
6,9,0.042
6,10,0.223
6,10,0.484
6,10,0.798
6,10,0.411
6,10,0.647
6,10,0.793
6,10,1.165
6,10,0.497
6,10,0.18
6,10,0.438
6,10,0.739
6,10,1.319
6,10,0.531
6,10,1.16
6,10,1.765
6,10,0.961
6,10,0.894
6,10,0.017
6,10,0.639
6,10,0.487
6,10,1.308
6,10,0.035
6,10,0.664
6,10,1.103
6,10,0.265
6,10,1.374
6,10,0.915
6,10,0.868
6,10,0.04
6,10,1.167
6,10,0.723
6,10,0.721
6,10,1.244
6,10,0.527
6,10,0.651
6,10,0.747
6,10,1.298
6,10,0.105
6,10,1.449
6,10,0.762
6,10,0.599
6,10,0.046
6,10,0.811
6,10,0.515
6,10,0.386
6,10,0.586
6,10,1.327
6,10,0.558
6,10,1.336
6,11,0.868
6,11,0.423
6,11,0.657
6,11,0.077
6,11,1.02
6,11,0.694
6,11,0.106
6,11,0.443
6,11,1.117
6,11,0.393
6,11,0.891
6,11,0.991
6,11,0.577
6,11,0.045
6,11,1.397
6,11,0.006
6,11,0.574
6,11,0.619
6,11,0.329
6,11,1.236
6,11,0.337
6,11,0.663
6,11,0.836
6,11,0.019
6,11,1.498
6,11,1.039
6,11,1.171
6,11,1.03
6,11,0.835
6,11,0.422
6,11,0.933
6,11,0.946
6,11,1.209
6,11,0.429
6,11,0.507
6,11,0.378
6,11,1.615
6,11,0.876
6,11,0.938
6,11,0.034
6,11,0.471
6,11,1.329
6,11,0.395
6,11,0.848
6,11,0.817
6,11,0.957
6,11,0.204
6,12,0.076
6,12,0.35
6,12,0.702
6,12,0.554
6,12,0.163
6,12,1.247
6,12,1.065
6,12,1.337
6,12,0.012
6,12,1.699
6,12,0.606
6,12,0.694
6,12,0.546
6,12,0.23
6,12,0.047
6,12,0.478
6,12,0.829
6,12,0.61
6,12,0.833
6,12,0.623
6,12,0.014
6,12,0.542
6,12,0.576
6,12,0.691
6,12,0.618
6,12,0.416
6,12,0.512
6,12,0.887
6,12,0.696
6,12,0.349
6,12,0.102
6,12,0.572
6,12,0.918
6,12,0.416
6,12,1.048
6,12,0.654
6,12,0.008
6,12,0.544
6,12,0.806
6,12,1.394
6,12,1.045
6,12,1.258
6,12,0.477
6,12,0.029
6,13,0.28
6,13,1.174
6,13,1.314
6,13,1.166
6,13,0.925
6,13,0.995
6,13,0.725
6,13,0.784
6,13,0.482
6,13,0.943
6,13,0.061
6,13,0.394
6,13,0.176
6,13,0.496
6,13,0.045
6,13,0.618
6,13,0.008
6,13,0.62
6,13,0.364
6,13,0.518
6,13,0.398
6,13,0.121
6,13,1.066
6,13,0.511
6,13,0.318
6,13,0.951
6,13,0.879
6,13,1.479
6,13,1.079
6,13,1.521
6,13,1.431
6,13,1.335
6,13,0.317
6,13,0.026
6,13,0.063
6,13,1.13
6,13,1.47
6,13,0.92
6,13,0.63
6,13,1.427
6,13,0.569
6,13,0.41
6,13,0.215
6,13,1.178
6,13,0.655
6,13,1.57
6,13,0.684
6,14,0.93
6,14,1.201
6,14,0.003
6,14,0.847
6,14,1.359
6,14,0.066
6,14,0.885
6,14,0.863
6,14,0.032
6,14,0.704
6,14,0.408
6,14,0.431
6,14,0.904
6,14,0.859
6,14,0.426
6,14,0.317
6,14,0.648
6,14,0.183
6,14,0.51
6,14,0.352
6,14,1.196
6,14,1.232
6,14,1.366
6,14,0.884
6,14,0.081
6,14,0.713
6,14,0.717
6,14,0.531
6,14,0.487
6,14,0.069
6,14,0.513
6,14,0.587
6,14,0.054
6,14,0.411
6,14,0.069
6,14,0.802
6,14,0.47
6,14,0.722
6,14,0.812
6,14,0.851
6,14,0.301
6,14,0.415
6,14,1.634
6,15,0.708
6,15,0.813
6,15,0.732
6,15,0.447
6,15,0.368
6,15,0.793
6,15,0.527
6,15,0.301
6,15,0.712
6,15,0.489
6,15,0.316
6,15,0.524
6,15,0.01
6,15,0.735
6,15,0.06
6,15,0.56
6,15,0.905
6,15,0.288
6,15,0.557
6,15,0.433
6,15,0.515
6,15,0.797
6,15,0.327
6,15,0.712
6,15,0.37
6,15,0.026
6,15,0.762
6,15,0.292
6,15,0.355
6,15,0.729
6,15,1.443
6,15,0.964
6,15,0.591
6,15,0.461
6,15,0.66
6,15,0.715
6,15,1.112
6,15,0.027
6,15,0.525
6,15,0.877
6,15,0.096
6,15,0.527
6,15,1.521
6,16,0.719
6,16,1.084
6,16,1.25
6,16,0.932
6,16,0.403
6,16,0.795
6,16,0.077
6,16,0.028
6,16,0.532
6,16,0.026
6,16,0.264
6,16,0.58
6,16,0.44
6,16,0.503
6,16,1.494
6,16,0.829
6,16,0.264
6,16,0.567
6,16,0.126
6,16,1.174
6,16,0.463
6,16,0.07
6,16,0.406
6,16,0.518
6,16,0.48
6,16,1.326
6,16,0.021
6,16,0.461
6,16,0.907
6,16,0.476
6,16,0.738
6,16,0.045
6,16,0.504
6,16,0.062
6,16,1.344
6,16,0.818
6,16,0.294
6,16,1.067
6,16,0.41
6,16,0.553
6,16,1.644
6,16,0.082
6,16,0.721
6,16,0.626
6,16,1.144
6,16,0.401
6,17,0.611
6,17,0.619
6,17,0.545
6,17,0.659
6,17,0.079
6,17,1.282
6,17,0.316
6,17,0.07
6,17,0.648
6,17,0.611
6,17,0.792
6,17,0.488
6,17,0.258
6,17,0.252
6,17,0.096
6,17,0.098
6,17,1.764
6,17,0.831
6,17,0.038
6,17,1.324
6,17,0.078
6,17,0.522
6,17,1.704
6,17,0.514
6,17,0.75
6,17,0.711
6,17,0.388
6,17,0.945
6,17,0.071
6,17,0.802
6,17,0.805
6,17,0.044
6,17,1.385
6,17,0.482
6,17,0.029
6,17,0.075
6,17,1.082
6,17,0.728
6,17,0.339
6,17,0.649
6,17,0.761
6,17,0.785
6,17,0.874
6,18,0.89
6,18,0.578
6,18,0.047
6,18,0.027
6,18,0.803
6,18,0.649
6,18,0.535
6,18,0.355
6,18,0.021
6,18,0.072
6,18,0.685
6,18,0.488
6,18,0.544
6,18,0.472
6,18,0.571
6,18,0.477
6,18,0.948
6,18,0.055
6,18,0.666
6,18,0.105
6,18,0.631
6,18,0.905
6,18,0.041
6,18,0.454
6,18,0.105
6,18,0.012
6,18,1.074
6,18,1.389
6,18,0.346
6,18,0.333
6,18,0.068
6,18,0.384
6,18,1.257
6,18,1.134
6,18,0.603
6,18,0.515
6,18,1.329
6,18,0.247
6,18,0.608
6,18,0.619
6,18,0.356
6,18,0.793
6,18,0.492
6,18,0.914
6,18,1.424
6,18,0.682
6,18,0.486
6,19,0.751
6,19,1.17
6,19,0.064
6,19,0.039
6,19,0.484
6,19,0.426
6,19,1.334
6,19,0.471
6,19,0.49
6,19,0.676
6,19,0.024
6,19,0.738
6,19,0.738
6,19,0.638
6,19,0.053
6,19,1.173
6,19,0.57
6,19,0.42
6,19,1.368
6,19,0.007
6,19,1.174
6,19,0.013
6,19,0.672
6,19,1.763
6,19,0.461
6,19,0.051
6,19,1.153
6,19,0.006
6,19,0.628
6,19,0.084
6,19,0.943
6,19,0.633
6,19,0.927
6,19,1.246
6,19,0.393
6,19,0.284
6,19,0.492
6,19,0.783
6,19,1.145
6,19,0.156
6,19,0.612
6,19,0.266
6,19,0.012
6,19,0.712
6,19,1.425
6,19,0.464
6,19,0.305
6,19,0.431
6,19,0.053
6,20,0.369
6,20,0.07
6,20,0.106
6,20,1.106
6,20,0.009
6,20,0.099
6,20,0.29
6,20,0.235
6,20,0.242
6,20,0.07
6,20,1.076
6,20,0.423
6,20,0.062
6,20,0.802
6,20,0.638
6,20,1.356
6,20,0.046
6,20,0.207
6,20,0.91
6,20,1.05
6,20,1.025
6,20,0.952
6,20,0.676
6,20,0.662
6,20,0.962
6,20,0.034
6,20,1.531
6,20,0.764
6,20,0.047
6,20,0.711
6,20,1.435
6,20,0.278
6,20,0.914
6,20,0.061
6,20,0.061
6,20,0.54
6,20,0.62
6,20,1.647
6,20,0.3
6,21,0.801
6,21,0.669
6,21,0.952
6,21,0.753
6,21,0.69
6,21,0.433
6,21,0.331
6,21,0.448
6,21,1.533
6,21,0.993
6,21,0.448
6,21,0.061
6,21,0.514
6,21,0.96
6,21,0.65
6,21,0.672
6,21,0.905
6,21,0.75
6,21,1.304
6,21,0.948
6,21,0.971
6,21,0.52
6,21,1.848
6,21,1.343
6,21,0.741
6,21,0.155
6,21,0.27
6,21,1.387
6,21,0.778
6,21,0.302
6,21,0.552
6,21,0.802
6,21,0.115
6,22,0.927
6,22,1.053
6,22,1.073
6,22,0.533
6,22,0.05
6,22,0.058
6,22,0.946
6,22,0.764
6,22,0.084
6,22,0.425
6,22,0.525
6,22,0.094
6,22,0.658
6,22,0.313
6,22,1.136
6,22,0.056
6,22,0.027
6,22,1.207
6,22,0.671
6,22,0.437
6,22,0.296
6,22,0.047
6,22,0.906
6,22,1.242
6,22,1.59
6,22,1.124
6,22,0.63
6,22,0.774
6,22,1.05
6,22,0.062
6,22,0.41
6,22,1.106
6,22,0.055
6,22,0.014
6,22,0.057
6,22,0.778
6,22,0.711
6,22,1.001
6,22,0.437
6,22,0.078
6,22,0.594
6,23,0.445
6,23,0.089
6,23,0.022
6,23,0.04
6,23,0.559
6,23,0.311
6,23,1.273
6,23,0.311
6,23,0.803
6,23,0.105
6,23,0.079
6,23,0.935
6,23,0.023
6,23,0.765
6,23,0.64
6,23,0.885
6,23,1.036
6,23,0.996
6,23,0.122
6,23,0.784
6,23,0.422
6,23,0.436
6,23,0.892
6,23,0.059
6,23,0.909
6,23,0.697
6,23,0.12
6,23,0.441
6,23,0.808
6,23,0.16
6,23,0.972
6,23,1.207
6,23,0.505
6,23,1.185
6,23,0.699
6,23,1.187
6,23,0.098
6,24,1.106
6,24,0.038
6,24,0.037
6,24,0.033
6,24,0.39
6,24,1.71
6,24,0.009
6,24,0.417
6,24,1.099
6,24,0.923
6,24,0.014
6,24,0.362
6,24,0.316
6,24,0.714
6,24,0.522
6,24,0.532
6,24,0.521
6,24,0.585
6,24,0.042
6,24,0.526
6,24,0.844
6,24,0.786
6,24,0.138
6,24,0.193
6,24,0.54
6,24,1.287
6,24,0.598
6,24,0.848
6,24,0.803
6,24,0.02
6,24,0.067
6,24,0.65
6,24,0.007
6,24,0.442
6,24,1.045
6,24,0.051
6,24,0.042
6,24,0.864
6,24,0.269
6,24,0.788
6,24,0.062
6,25,0.059
6,25,0.058
6,25,0.03
6,25,0.711
6,25,0.863
6,25,0.707
6,25,1.067
6,25,0.769
6,25,0.727
6,25,0.783
6,25,0.037
6,25,0.061
6,25,0.688
6,25,0.542
6,25,0.079
6,25,0.034
6,25,0.071
6,25,0.535
6,25,0.643
6,25,0.381
6,25,0.372
6,25,0.546
6,25,0.689
6,25,1.64
6,25,0.104
6,25,0.032
6,25,0.386
6,25,0.156
6,25,0.728
6,25,0.727
6,25,0.888
6,25,0.596
6,25,0.715
6,25,0.29
6,25,0.736
6,25,0.202
6,25,0.532
6,25,0.554
6,25,0.02
6,25,0.032
6,25,0.015
6,26,0.507
6,26,0.098
6,26,0.8
6,26,0.509
6,26,0.687
6,26,0.824
6,26,0.567
6,26,0.671
6,26,0.437
6,26,0.617
6,26,1.119
6,26,0.394
6,26,1.484
6,26,0.306
6,26,0.533
6,26,0.126
6,26,0.009
6,26,1.155
6,26,0.05
6,26,0.056
6,26,0.395
6,26,0.072
6,26,0.963
6,26,0.033
6,26,0.292
6,26,1.3
6,26,0.074
6,26,0.037
6,26,0.366
6,26,0.523
6,26,1.384
6,26,0.347
6,26,0.797
6,26,0.406
6,26,0.353
6,26,0.146
6,26,0.037
6,26,1.094
6,26,0.251
6,27,0.039
6,27,0.324
6,27,1.121
6,27,1.478
6,27,0.643
6,27,0.28
6,27,0.086
6,27,0.096
6,27,0.484
6,27,0.765
6,27,0.59
6,27,0.832
6,27,0.81
6,27,0.063
6,27,0.783
6,27,0.036
6,27,0.723
6,27,0.049
6,27,0.926
6,27,0.108
6,27,1.266
6,27,0.1
6,27,0.237
6,27,0.017
6,27,0.594
6,27,0.676
6,27,0.712
6,27,1.365
6,27,0.333
6,27,0.874
6,27,0.604
6,27,0.72
6,27,0.029
6,27,1.403
6,27,0.735
6,27,0.548
6,27,1.221
6,27,0.306
6,27,0.215
6,27,0.442
6,27,0.081
6,27,0.019
6,27,0.246
6,28,0.077
6,28,0.691
6,28,0.042
6,28,0.007
6,28,0.956
6,28,0.583
6,28,0.106
6,28,0.011
6,28,0.647
6,28,0.786
6,28,0.048
6,28,0.032
6,28,0.609
6,28,0.352
6,28,0.031
6,28,1.156
6,28,0.859
6,28,0.555
6,28,0.087
6,28,1.312
6,28,0.01
6,28,0.394
6,28,0.793
6,28,0.067
6,28,0.543
6,28,0.671
6,28,0.051
6,28,1.064
6,28,1.272
6,28,0.017
6,28,0.045
6,28,0.32
6,28,0.894
6,28,0.565
6,28,0.28
6,28,0.678
6,28,0.071
6,28,0.458
6,29,0.065
6,29,0.949
6,29,0.016
6,29,0.246
6,29,0.484
6,29,0.972
6,29,0.725
6,29,0.036
6,29,0.457
6,29,0.485
6,29,0.055
6,29,0.503
6,29,0.617
6,29,0.681
6,29,0.926
6,29,1.244
6,29,0.141
6,29,0.312
6,29,0.079
6,29,0.771
6,29,0.845
6,29,0.732
6,29,0.297
6,29,0.749
6,29,0.656
6,29,0.111
6,29,0.075
6,29,0.276
6,29,1.527
6,29,0.088
6,29,0.628
6,29,0.045
6,29,0.501
6,29,0.055
6,29,0.065
6,29,0.06
6,29,0.776
6,29,0.123
6,29,0.23
6,29,0.952
6,30,0.034
6,30,1.067
6,30,0.042
6,30,0.547
6,30,0.088
6,30,0.751
6,30,0.513
6,30,0.768
6,30,0.416
6,30,0.924
6,30,1.082
6,30,1.001
6,30,0.029
6,30,0.59
6,30,0.849
6,30,0.048
6,30,0.347
6,30,0.725
6,30,0.046
6,30,1.536
6,30,0.682
6,30,1.323
6,30,0.981
6,30,0.52
6,30,1.214
6,30,0.008
6,30,0.03
6,30,0.049
6,30,0.746
6,30,0.06
6,30,0.413
6,30,0.529
6,30,0.615
6,30,0.466
6,30,0.51
6,30,0.005
6,30,0.99
6,30,0.034
6,30,0.454
6,30,0.523
6,30,1.016
6,30,1.405
6,30,1.135
6,30,0.03
6,30,0.057
6,30,1.02
7,1,2.088
7,1,0.8
7,1,1.185
7,1,0.911
7,1,1.257
7,1,0.967
7,1,0.972
7,1,0.936
7,1,1.068
7,1,0.626
7,1,1.414
7,1,1.622
7,1,2.322
7,1,0.926
7,1,1.451
7,1,1.435
7,1,0.488
7,1,1.741
7,1,1.006
7,1,0.309
7,1,1.187
7,1,1.011
7,1,1.149
7,1,1.718
7,1,1.302
7,1,0.435
7,1,0.676
7,1,0.245
7,1,1.088
7,1,1.409
7,1,1.447
7,1,1.554
7,1,0.709
7,1,1.225
7,1,0.651
7,1,0.821
7,1,0.711
7,1,0.599
7,1,1.82
7,1,1.091
7,1,0.627
7,1,1.308
7,1,0.858
7,1,1.848
7,1,1.023
7,1,0.948
7,1,0.551
7,1,1.557
7,1,1.817
7,1,0.812
7,1,1.607
7,1,0.767
7,1,1.182
7,1,0.965
7,1,1.483
7,2,0.884
7,2,1.76
7,2,0.346
7,2,0.744
7,2,1.122
7,2,0.186
7,2,1.522
7,2,1.332
7,2,1.246
7,2,0.63
7,2,1.254
7,2,1.332
7,2,0.32
7,2,0.606
7,2,1.018
7,2,0.649
7,2,1.065
7,2,1.817
7,2,0.738
7,2,0.098
7,2,0.703
7,2,0.804
7,2,1.285
7,2,0.424
7,2,0.842
7,2,0.856
7,2,0.754
7,2,0.284
7,2,0.482
7,2,1.402
7,2,0.988
7,2,0.515
7,2,0.564
7,2,1.287
7,2,1.328
7,2,1.876
7,2,0.893
7,2,0.617
7,2,1.277
7,2,1.072
7,2,0.801
7,2,0.647
7,2,1.056
7,2,1.779
7,2,0.75
7,2,0.776
7,2,1.226
7,2,1.474
7,2,1.092
7,2,0.799
7,2,1.392
7,2,0.562
7,2,0.521
7,2,1.014
7,2,0.333
7,2,0.964
7,2,1.075
7,2,0.929
7,2,1.325
7,3,0.323
7,3,0.957
7,3,1.446
7,3,1.155
7,3,0.967
7,3,0.732
7,3,0.285
7,3,0.314
7,3,0.949
7,3,1.606
7,3,1.135
7,3,0.573
7,3,1.233
7,3,1.132
7,3,0.866
7,3,0.496
7,3,1.198
7,3,1.244
7,3,0.68
7,3,1.386
7,3,1.366
7,3,1.526
7,3,1.087
7,3,0.972
7,3,1.122
7,3,0.627
7,3,1.342
7,3,1.018
7,3,1.002
7,3,1.036
7,3,1.261
7,3,0.782
7,3,1.074
7,3,0.816
7,3,0.3
7,3,1.323
7,3,0.841
7,3,0.999
7,3,0.087
7,3,1.002
7,3,0.921
7,3,0.81
7,3,1.379
7,3,0.895
7,3,0.41
7,3,0.915
7,3,0.549
7,3,0.583
7,3,0.653
7,3,1.167
7,3,1.474
7,3,1.882
7,3,0.978
7,3,0.654
7,3,1.047
7,3,1.247
7,3,0.93
7,3,1.004
7,3,1.224
7,3,1.156
7,3,0.466
7,3,0.484
7,3,0.976
7,3,0.68
7,4,0.484
7,4,0.735
7,4,0.789
7,4,0.778
7,4,1.31
7,4,0.493
7,4,1.057
7,4,0.849
7,4,1.177
7,4,0.564
7,4,1.884
7,4,0.979
7,4,1.056
7,4,0.913
7,4,1.037
7,4,0.359
7,4,0.355
7,4,0.499
7,4,0.927
7,4,0.503
7,4,0.882
7,4,1.373
7,4,0.571
7,4,0.516
7,4,0.629
7,4,0.03
7,4,1.543
7,4,0.909
7,4,0.672
7,4,1.052
7,4,1.463
7,4,0.712
7,4,1.253
7,4,1.014
7,4,0.962
7,4,0.327
7,4,0.378
7,4,0.539
7,4,0.879
7,4,0.605
7,4,0.677
7,4,0.472
7,4,0.508
7,4,0.844
7,4,0.289
7,4,1.006
7,4,0.448
7,4,1.822
7,4,0.558
7,4,0.613
7,4,0.985
7,4,1.251
7,4,0.765
7,4,0.909
7,4,1.267
7,4,1.282
7,4,0.929
7,4,0.392
7,4,0.516
7,4,1.039
7,4,1.113
7,5,0.082
7,5,0.776
7,5,0.25
7,5,1.049
7,5,1.519
7,5,0.754
7,5,0.037
7,5,1.023
7,5,1.364
7,5,1.238
7,5,1.005
7,5,1.372
7,5,0.448
7,5,0.626
7,5,0.409
7,5,0.396
7,5,0.03
7,5,1.185
7,5,1.01
7,5,0.043
7,5,0.906
7,5,0.297
7,5,0.098
7,5,0.548
7,5,0.738
7,5,0.63
7,5,1.027
7,5,0.488
7,5,1.359
7,5,0.97
7,5,0.565
7,5,0.701
7,5,0.471
7,5,1.351
7,5,0.891
7,5,0.934
7,5,0.368
7,5,0.625
7,5,1.201
7,5,1.5
7,5,0.595
7,5,0.582
7,5,0.427
7,5,0.254
7,5,1.3
7,5,0.139
7,5,0.983
7,5,0.016
7,5,1.288
7,5,1.335
7,5,0.415
7,5,0.879
7,5,1.404
7,5,1.205
7,5,0.845
7,5,1.194
7,6,0.673
7,6,0.795
7,6,1.256
7,6,1.538
7,6,0.813
7,6,0.123
7,6,0.352
7,6,0.545
7,6,0.523
7,6,1.239
7,6,0.521
7,6,0.912
7,6,0.297
7,6,0.435
7,6,0.504
7,6,0.543
7,6,0.79
7,6,1.317
7,6,1.294
7,6,0.418
7,6,1.152
7,6,0.368
7,6,2.093
7,6,1.514
7,6,0.03
7,6,1.182
7,6,0.853
7,6,0.867
7,6,0.719
7,6,0.496
7,6,1.608
7,6,0.856
7,6,0.601
7,6,0.698
7,6,0.664
7,6,1.006
7,6,0.524
7,6,0.848
7,6,0.531
7,6,1.622
7,6,1.267
7,6,1.001
7,6,0.465
7,6,0.995
7,6,1.646
7,6,0.915
7,6,0.598
7,6,0.207
7,6,0.822
7,6,0.108
7,6,0.048
7,6,1.171
7,6,0.543
7,6,0.941
7,6,0.802
7,6,0.96
7,6,1.293
7,7,0.397
7,7,0.52
7,7,0.707
7,7,0.018
7,7,0.7
7,7,0.965
7,7,0.431
7,7,0.951
7,7,1.263
7,7,0.026
7,7,0.721
7,7,1.015
7,7,0.257
7,7,1.277
7,7,0.212
7,7,1.046
7,7,0.752
7,7,0.623
7,7,0.686
7,7,1.936
7,7,0.893
7,7,1.32
7,7,1.031
7,7,0.394
7,7,0.386
7,7,1.167
7,7,0.231
7,7,0.932
7,7,0.62
7,7,0.059
7,7,0.03
7,7,0.29
7,7,1.545
7,7,1.027
7,7,0.228
7,7,0.89
7,7,0.872
7,7,1.159
7,7,1.369
7,7,1.114
7,7,0.506
7,7,0.592
7,7,0.062
7,7,0.062
7,7,0.922
7,7,0.859
7,7,1.912
7,7,1.384
7,7,0.052
7,7,0.767
7,7,0.789
7,7,1.153
7,7,0.818
7,7,0.042
7,7,1.207
7,7,0.959
7,7,0.447
7,7,0.94
7,7,1.026
7,7,0.781
7,7,0.523
7,7,0.038
7,7,0.656
7,8,0.826
7,8,0.384
7,8,0.695
7,8,0.039
7,8,1.067
7,8,0.11
7,8,0.064
7,8,1.05
7,8,0.784
7,8,0.579
7,8,1.139
7,8,0.041
7,8,0.489
7,8,0.87
7,8,1.157
7,8,1.257
7,8,1.372
7,8,0.969
7,8,0.459
7,8,0.011
7,8,1.768
7,8,0.995
7,8,0.924
7,8,0.198
7,8,1.279
7,8,1.265
7,8,1.322
7,8,1.428
7,8,0.246
7,8,0.92
7,8,0.266
7,8,0.597
7,8,1.442
7,8,0.736
7,8,0.47
7,8,0.839
7,8,0.735
7,8,1.64
7,8,0.251
7,8,0.802
7,8,0.832
7,8,0.599
7,8,0.42
7,8,1.745
7,8,0.986
7,8,0.094
7,8,0.316
7,8,1.426
7,8,1.128
7,8,0.254
7,8,1.261
7,8,0.942
7,9,0.758
7,9,0.59
7,9,1.119
7,9,0.502
7,9,0.42
7,9,0.662
7,9,0.634
7,9,0.974
7,9,1.12
7,9,1.035
7,9,0.893
7,9,1.182
7,9,1.003
7,9,1.487
7,9,0.397
7,9,0.012
7,9,0.406
7,9,0.679
7,9,0.679
7,9,0.993
7,9,0.56
7,9,0.534
7,9,0.432
7,9,0.038
7,9,0.58
7,9,0.464
7,9,0.056
7,9,0.695
7,9,0.799
7,9,0.948
7,9,0.439
7,9,0.721
7,9,0.799
7,9,0.412
7,9,1.062
7,9,0.586
7,9,1.3
7,9,0.008
7,9,0.679
7,9,0.81
7,9,0.681
7,9,0.777
7,9,0.462
7,9,0.009
7,9,0.327
7,9,0.03
7,9,0.023
7,9,1.022
7,9,0.639
7,9,0.209
7,9,0.976
7,9,0.334
7,9,0.745
7,9,0.379
7,9,1.073
7,9,0.013
7,10,0.245
7,10,0.037
7,10,0.045
7,10,0.267
7,10,0.707
7,10,1.089
7,10,0.848
7,10,0.477
7,10,1.38
7,10,0.32
7,10,0.653
7,10,0.398
7,10,0.792
7,10,0.095
7,10,0.506
7,10,0.05
7,10,0.834
7,10,0.883
7,10,0.048
7,10,0.202
7,10,0.316
7,10,1.16
7,10,0.017
7,10,0.055
7,10,0.369
7,10,1.163
7,10,0.478
7,10,0.352
7,10,1.109
7,10,1.573
7,10,0.784
7,10,1.691
7,10,0.77
7,10,1.295
7,10,0.569
7,10,0.354
7,10,1.447
7,10,0.558
7,10,0.501
7,10,0.014
7,10,0.027
7,10,0.703
7,10,0.987
7,10,0.953
7,10,1.092
7,10,0.69
7,10,0.388
7,10,0.786
7,10,0.434
7,10,0.054
7,10,0.074
7,10,0.622
7,10,1.343
7,10,1.275
7,10,0.401
7,11,0.21
7,11,0.62
7,11,0.503
7,11,0.661
7,11,0.893
7,11,1.147
7,11,1.041
7,11,0.512
7,11,1.71
7,11,0.747
7,11,0.031
7,11,0.955
7,11,0.689
7,11,1.653
7,11,0.76
7,11,0.496
7,11,1.022
7,11,1.597
7,11,1.149
7,11,0.743
7,11,0.598
7,11,0.591
7,11,1.35
7,11,0.052
7,11,0.461
7,11,0.28
7,11,1.367
7,11,0.552
7,11,1.566
7,11,1.327
7,11,0.975
7,11,0.613
7,11,1.566
7,11,0.824
7,11,0.831
7,11,0.114
7,11,1.125
7,11,1.362
7,11,0.028
7,11,0.955
7,11,0.151
7,11,2.022
7,11,0.784
7,11,0.3
7,11,1.262
7,11,1.006
7,11,1.636
7,11,0.488
7,11,0.034
7,11,0.449
7,12,0.849
7,12,0.504
7,12,0.847
7,12,0.216
7,12,0.47
7,12,0.918
7,12,1.129
7,12,0.084
7,12,0.322
7,12,0.568
7,12,0.663
7,12,0.078
7,12,0.356
7,12,0.631
7,12,0.855
7,12,1.356
7,12,0.725
7,12,1.201
7,12,0.059
7,12,0.045
7,12,1.501
7,12,1.088
7,12,1.015
7,12,1.102
7,12,0.095
7,12,0.503
7,12,0.205
7,12,1.015
7,12,1.309
7,12,0.625
7,12,0.77
7,12,1.109
7,12,0.654
7,12,0.667
7,12,0.367
7,12,0.056
7,12,0.287
7,12,1.36
7,12,0.043
7,12,1.264
7,12,0.074
7,12,0.467
7,12,0.607
7,12,0.297
7,12,0.777
7,12,0.52
7,12,0.664
7,13,0.899
7,13,1.534
7,13,0.362
7,13,0.825
7,13,0.056
7,13,0.9
7,13,0.044
7,13,1.372
7,13,0.063
7,13,0.456
7,13,0.663
7,13,0.523
7,13,0.917
7,13,1.178
7,13,1.207
7,13,1.323
7,13,0.54
7,13,0.767
7,13,0.503
7,13,0.684
7,13,0.231
7,13,0.694
7,13,1.017
7,13,0.027
7,13,0.041
7,13,0.674
7,13,0.973
7,13,0.158
7,13,1.002
7,13,1.105
7,13,0.137
7,13,0.396
7,13,0.061
7,13,0.031
7,13,1.975
7,13,0.996
7,13,0.815
7,13,1.173
7,13,0.353
7,13,0.597
7,14,0.596
7,14,0.469
7,14,0.547
7,14,1.001
7,14,0.507
7,14,0.034
7,14,0.761
7,14,0.654
7,14,0.51
7,14,0.87
7,14,0.966
7,14,0.47
7,14,0.073
7,14,0.605
7,14,0.612
7,14,0.019
7,14,0.026
7,14,0.77
7,14,0.435
7,14,0.036
7,14,0.7
7,14,0.273
7,14,0.704
7,14,1.139
7,14,0.609
7,14,0.028
7,14,0.48
7,14,0.961
7,14,0.625
7,14,1.656
7,14,0.294
7,14,0.063
7,14,0.454
7,14,0.442
7,14,1.267
7,14,0.037
7,14,0.052
7,14,0.804
7,14,0.798
7,14,0.914
7,14,0.031
7,14,0.487
7,14,1.193
7,14,0.08
7,14,0.519
7,14,0.661
7,14,1.332
7,14,0.894
7,14,0.852
7,14,0.557
7,14,0.415
7,15,0.352
7,15,0.099
7,15,0.476
7,15,0.45
7,15,1.242
7,15,0.476
7,15,0.313
7,15,0.768
7,15,1.26
7,15,0.905
7,15,0.494
7,15,0.783
7,15,0.452
7,15,0.014
7,15,0.036
7,15,0.04
7,15,0.242
7,15,1.089
7,15,0.698
7,15,0.641
7,15,0.044
7,15,0.043
7,15,0.407
7,15,0.334
7,15,0.381
7,15,0.043
7,15,0.495
7,15,0.315
7,15,0.834
7,15,0.477
7,15,0.093
7,15,0.037
7,15,0.083
7,15,0.473
7,15,0.451
7,15,0.037
7,15,0.049
7,15,0.369
7,15,0.745
7,15,0.06
7,15,0.021
7,16,0.076
7,16,0.515
7,16,0.028
7,16,1.153
7,16,0.63
7,16,0.047
7,16,0.469
7,16,0.615
7,16,0.713
7,16,0.01
7,16,0.445
7,16,0.186
7,16,0.056
7,16,0.499
7,16,0.487
7,16,0.015
7,16,0.574
7,16,0.03
7,16,0.073
7,16,0.66
7,16,0.465
7,16,0.027
7,16,0.641
7,16,0.694
7,16,1.122
7,16,1.967
7,16,0.727
7,16,0.733
7,16,0.683
7,16,0.078
7,16,0.065
7,16,0.026
7,16,0.705
7,16,0.76
7,16,0.211
7,16,0.797
7,16,0.014
7,16,0.04
7,16,0.122
7,16,1.458
7,16,1.171
7,16,0.022
7,16,1.376
7,16,0.736
7,16,0.844
7,16,0.077
7,16,0.486
7,17,0.041
7,17,0.646
7,17,0.022
7,17,0.378
7,17,0.072
7,17,0.457
7,17,0.505
7,17,0.664
7,17,1.377
7,17,0.647
7,17,1.598
7,17,0.42
7,17,0.471
7,17,0.4
7,17,1.057
7,17,0.305
7,17,1.299
7,17,0.063
7,17,0.588
7,17,0.44
7,17,0.949
7,17,0.556
7,17,0.056
7,17,1.106
7,17,0.245
7,17,0.425
7,17,0.826
7,17,0.865
7,17,0.065
7,17,0.903
7,17,1.18
7,17,0.083
7,17,0.576
7,17,1.106
7,17,1.231
7,17,0.444
7,17,0.018
7,17,0.976
7,17,0.03
7,17,0.899
7,17,1.431
7,17,0.909
7,17,0.543
7,17,1.131
7,17,1.19
7,17,1.094
7,17,0.053
7,18,0.221
7,18,0.392
7,18,0.03
7,18,0.415
7,18,1.499
7,18,0.342
7,18,0.556
7,18,0.364
7,18,0.542
7,18,0.864
7,18,0.395
7,18,0.245
7,18,1.002
7,18,0.241
7,18,0.368
7,18,0.744
7,18,0.284
7,18,0.067
7,18,1.189
7,18,0.015
7,18,0.054
7,18,0.662
7,18,1.03
7,18,1.184
7,18,0.036
7,18,0.944
7,18,0.918
7,18,0.981
7,18,0.331
7,18,0.08
7,18,0.686
7,18,1.281
7,18,1.538
7,18,0.741
7,18,1.02
7,18,0.577
7,18,1.394
7,18,1.242
7,18,0.71
7,18,0.55
7,18,0.294
7,18,1.059
7,18,0.547
7,18,0.977
7,18,0.034
7,18,0.34
7,18,0.441
7,18,0.016
7,18,0.847
7,18,0.53
7,19,0.35
7,19,0.738
7,19,0.297
7,19,0.489
7,19,0.292
7,19,0.715
7,19,0.052
7,19,0.026
7,19,0.857
7,19,0.105
7,19,0.345
7,19,1.112
7,19,0.529
7,19,1.017
7,19,0.486
7,19,0.71
7,19,1.057
7,19,0.021
7,19,1.082
7,19,0.962
7,19,0.6
7,19,1.067
7,19,1.53
7,19,0.887
7,19,0.927
7,19,0.468
7,19,0.014
7,19,0.389
7,19,0.355
7,19,0.015
7,19,1.283
7,19,1.058
7,19,0.748
7,19,0.027
7,19,0.019
7,19,0.103
7,19,0.442
7,19,1.253
7,19,0.043
7,19,0.331
7,19,0.542
7,19,0.431
7,19,0.251
7,19,0.379
7,19,0.044
7,19,1.251
7,19,0.041
7,19,1.373
7,20,0.801
7,20,0.044
7,20,0.542
7,20,0.409
7,20,0.01
7,20,0.103
7,20,0.968
7,20,0.571
7,20,1.412
7,20,1.446
7,20,0.381
7,20,0.904
7,20,0.065
7,20,0.177
7,20,0.265
7,20,1.655
7,20,0.67
7,20,0.798
7,20,1.575
7,20,0.023
7,20,0.323
7,20,0.713
7,20,0.02
7,20,1.101
7,20,0.524
7,20,1.337
7,20,0.308
7,20,0.577
7,20,0.037
7,20,0.4
7,20,0.387
7,20,0.987
7,20,1.096
7,20,0.563
7,20,0.598
7,20,0.296
7,20,0.03
7,20,0.721
7,20,0.697
7,20,1.369
7,20,1.103
7,20,0.757
7,20,0.637
7,20,1.143
7,20,0.172
7,20,0.091
7,20,0.03
7,21,0.457
7,21,0.101
7,21,0.627
7,21,0.482
7,21,0.997
7,21,1.14
7,21,0.094
7,21,0.786
7,21,0.053
7,21,0.665
7,21,0.835
7,21,1.403
7,21,0.425
7,21,0.419
7,21,0.049
7,21,0.789
7,21,0.334
7,21,1.408
7,21,0.03
7,21,0.091
7,21,0.23
7,21,0.462
7,21,0.995
7,21,0.024
7,21,0.604
7,21,0.023
7,21,1.261
7,21,0.417
7,21,0.546
7,21,0.01
7,21,0.449
7,21,1.592
7,21,0.508
7,21,0.007
7,21,1.293
7,21,0.107
7,21,0.458
7,21,0.05
7,21,0.863
7,21,0.68
7,21,0.598
7,21,0.467
7,21,0.922
7,21,0.018
7,21,1.05
7,21,0.043
7,21,0.076
7,22,0.245
7,22,1.468
7,22,0.477
7,22,0.738
7,22,0.145
7,22,0.265
7,22,0.819
7,22,0.14
7,22,0.407
7,22,0.585
7,22,1.018
7,22,0.418
7,22,1.099
7,22,1.328
7,22,0.495
7,22,1.104
7,22,0.062
7,22,0.356
7,22,0.608
7,22,0.682
7,22,0.145
7,22,0.028
7,22,1.033
7,22,0.469
7,22,0.637
7,22,0.072
7,22,0.914
7,22,0.214
7,22,0.055
7,22,0.443
7,22,0.687
7,22,1.152
7,23,0.388
7,23,0.062
7,23,0.176
7,23,0.748
7,23,0.746
7,23,0.323
7,23,0.279
7,23,0.024
7,23,0.049
7,23,0.256
7,23,1.053
7,23,0.667
7,23,0.066
7,23,0.843
7,23,0.261
7,23,0.429
7,23,1.187
7,23,0.464
7,23,0.9
7,23,0.284
7,23,0.093
7,23,0.53
7,23,0.07
7,23,0.377
7,23,0.46
7,23,1.444
7,23,0.029
7,23,0.536
7,23,0.36
7,23,0.865
7,23,0.605
7,23,0.362
7,23,0.738
7,23,0.704
7,23,0.818
7,23,0.39
7,23,1.306
7,23,0.418
7,23,0.866
7,24,0.498
7,24,0.099
7,24,0.653
7,24,1.156
7,24,0.033
7,24,0.357
7,24,0.381
7,24,0.276
7,24,0.594
7,24,0.438
7,24,0.052
7,24,1.16
7,24,0.47
7,24,0.773
7,24,0.688
7,24,0.045
7,24,0.048
7,24,0.088
7,24,0.064
7,24,0.92
7,24,0.549
7,24,0.773
7,24,0.084
7,24,0.448
7,24,0.539
7,24,0.527
7,24,0.883
7,24,0.558
7,24,0.01
7,24,0.913
7,24,1.21
7,24,0.081
7,24,2.087
7,24,0.019
7,24,1.145
7,24,0.279
7,24,0.296
7,24,0.698
7,24,0.871
7,24,0.209
7,24,0.503
7,24,0.366
7,24,0.883
7,24,1.218
7,24,0.022
7,24,0.051
7,25,0.95
7,25,0.061
7,25,0.307
7,25,1.102
7,25,0.061
7,25,0.779
7,25,0.58
7,25,0.35
7,25,0.496
7,25,0.066
7,25,0.324
7,25,0.397
7,25,0.691
7,25,0.018
7,25,0.036
7,25,0.06
7,25,0.408
7,25,0.041
7,25,0.074
7,25,0.495
7,25,0.764
7,25,0.844
7,25,0.385
7,25,0.81
7,25,0.036
7,25,0.045
7,25,1.16
7,25,1.495
7,25,0.045
7,25,0.992
7,25,0.367
7,25,0.743
7,25,0.059
7,25,0.813
7,25,0.33
7,25,0.756
7,25,0.057
7,25,0.759
7,25,0.157
7,25,0.503
7,25,0.902
7,25,0.477
7,25,0.44
7,25,0.994
7,25,0.509
7,25,0.887
7,25,0.021
7,25,0.678
7,26,0.101
7,26,1.199
7,26,0.544
7,26,0.767
7,26,0.499
7,26,0.466
7,26,1.409
7,26,0.824
7,26,0.036
7,26,0.973
7,26,0.368
7,26,0.053
7,26,1.002
7,26,0.053
7,26,0.797
7,26,1.066
7,26,0.223
7,26,0.875
7,26,1.019
7,26,1.044
7,26,0.394
7,26,0.835
7,26,0.792
7,26,0.753
7,26,1
7,26,0.342
7,26,0.691
7,26,0.438
7,26,1.198
7,26,0.957
7,26,0.043
7,26,0.049
7,26,0.593
7,26,0.507
7,26,0.93
7,26,0.043
7,26,0.975
7,26,0.469
7,26,0.538
7,26,0.053
7,26,0.568
7,26,0.815
7,27,0.06
7,27,0.46
7,27,0.609
7,27,0.522
7,27,0.018
7,27,0.035
7,27,0.382
7,27,0.629
7,27,1.358
7,27,0.028
7,27,0.955
7,27,0.044
7,27,0.475
7,27,0.022
7,27,0.046
7,27,0.324
7,27,0.355
7,27,0.056
7,27,0.059
7,27,0.02
7,27,0.025
7,27,1.372
7,27,1.192
7,27,0.777
7,27,0.025
7,27,0.027
7,27,0.185
7,27,0.033
7,27,0.598
7,27,0.061
7,27,0.033
7,27,1.08
7,27,0.019
7,27,0.076
7,27,0.46
7,27,0.055
7,27,0.46
7,28,0.424
7,28,1.23
7,28,0.419
7,28,0.115
7,28,0.08
7,28,0.23
7,28,0.071
7,28,0.579
7,28,0.637
7,28,0.061
7,28,1.377
7,28,0.075
7,28,0.712
7,28,0.06
7,28,0.047
7,28,0.396
7,28,0.574
7,28,1.177
7,28,0.068
7,28,0.825
7,28,1.3
7,28,0.483
7,28,0.896
7,28,0.967
7,28,0.512
7,28,1.376
7,28,0.013
7,28,1.226
7,28,0.041
7,28,0.877
7,28,0.213
7,28,0.022
7,28,0.026
7,28,0.053
7,28,0.012
7,28,1.222
7,28,1.069
7,28,0.714
7,28,0.099
7,28,0.376
7,28,0.489
7,29,0.537
7,29,0.325
7,29,0.125
7,29,0.04
7,29,0.019
7,29,0.068
7,29,0.673
7,29,0.432
7,29,1.575
7,29,0.371
7,29,0.204
7,29,0.045
7,29,0.441
7,29,0.343
7,29,0.046
7,29,0.922
7,29,0.059
7,29,0.737
7,29,0.954
7,29,1.119
7,29,0.421
7,29,1.114
7,29,0.017
7,29,0.434
7,29,0.151
7,29,0.083
7,29,0.12
7,29,1.37
7,29,0.467
7,29,0.927
7,29,0.758
7,29,0.041
7,29,0.032
7,29,0.807
7,29,0.041
7,29,0.084
7,29,0.046
7,29,0.793
7,29,1.219
7,29,0.333
7,29,0.648
7,29,0.06
7,29,1.376
7,30,0.54
7,30,0.035
7,30,0.03
7,30,0.054
7,30,0.382
7,30,0.029
7,30,0.37
7,30,0.375
7,30,0.821
7,30,0.065
7,30,0.18
7,30,0.794
7,30,0.299
7,30,1.154
7,30,0.07
7,30,1.039
7,30,0.036
7,30,0.042
7,30,0.058
7,30,0.8
7,30,0.403
7,30,0.688
7,30,1.155
7,30,0.365
7,30,1.058
7,30,0.01
7,30,0.069
7,30,0.061
7,30,0.483
7,30,0.443
7,30,0.895
7,30,1.976
7,30,0.029
7,30,0.749
7,30,1.013
7,30,0.946
7,30,0.055
7,30,0.431
8,1,1.026
8,1,0.634
8,1,1.459
8,1,1.041
8,1,1.842
8,1,1.307
8,1,1.313
8,1,0.896
8,1,1.076
8,1,0.44
8,1,1.095
8,1,1.134
8,1,0.69
8,1,1.021
8,1,0.834
8,1,0.993
8,1,1.077
8,1,1.644
8,1,1.077
8,1,1.568
8,1,1.056
8,1,1.61
8,1,1.299
8,1,0.999
8,1,0.299
8,1,0.337
8,1,1.093
8,1,1.088
8,1,2.099
8,1,2.389
8,1,0.538
8,1,2.584
8,1,1.491
8,1,0.873
8,1,2.01
8,2,0.935
8,2,1.188
8,2,1.298
8,2,1.462
8,2,0.657
8,2,1.181
8,2,1.031
8,2,1.615
8,2,1.017
8,2,1.016
8,2,0.74
8,2,0.711
8,2,0.978
8,2,1.138
8,2,0.542
8,2,1.038
8,2,0.068
8,2,1.481
8,2,1.429
8,2,0.946
8,2,0.354
8,2,1.164
8,2,0.553
8,2,1.653
8,2,1.865
8,2,1.827
8,2,0.955
8,2,1.046
8,2,0.564
8,2,1.156
8,2,0.838
8,2,0.035
8,2,0.019
8,2,0.652
8,2,0.507
8,2,0.133
8,2,1.656
8,2,0.856
8,2,1.19
8,2,0.742
8,2,0.458
8,2,0.847
8,2,1.024
8,2,0.349
8,2,0.865
8,3,0.525
8,3,1.124
8,3,1.248
8,3,1.517
8,3,0.686
8,3,1.544
8,3,1.095
8,3,1.241
8,3,0.689
8,3,0.347
8,3,0.454
8,3,1.497
8,3,1.946
8,3,0.744
8,3,0.791
8,3,0.924
8,3,0.876
8,3,0.624
8,3,0.742
8,3,2.009
8,3,1.835
8,3,1.454
8,3,0.992
8,3,0.864
8,3,0.723
8,3,1.231
8,3,1.413
8,3,1.852
8,3,1.362
8,3,0.524
8,3,0.741
8,3,1.321
8,3,0.752
8,3,1.15
8,3,1.028
8,3,1.168
8,3,0.188
8,3,1.562
8,3,1.252
8,3,1.427
8,3,0.853
8,3,0.575
8,3,0.695
8,3,0.367
8,3,0.523
8,3,0.715
8,3,0.665
8,3,0.763
8,4,1
8,4,1.498
8,4,1.16
8,4,1.67
8,4,1.201
8,4,1.549
8,4,0.434
8,4,0.63
8,4,0.601
8,4,0.485
8,4,0.629
8,4,0.502
8,4,1.088
8,4,1.195
8,4,0.865
8,4,0.968
8,4,1.039
8,4,0.344
8,4,1.741
8,4,1.515
8,4,1.396
8,4,0.398
8,4,1.08
8,4,0.949
8,4,0.506
8,4,0.571
8,4,1.4
8,4,1.171
8,4,1.294
8,4,0.064
8,4,1.322
8,4,0.462
8,4,1.272
8,4,0.265
8,4,0.229
8,4,1.434
8,4,1.026
8,4,0.967
8,4,0.823
8,4,0.478
8,4,0.507
8,4,1.618
8,4,0.58
8,5,0.435
8,5,0.466
8,5,1.353
8,5,1.489
8,5,1.047
8,5,0.657
8,5,0.57
8,5,1.106
8,5,0.771
8,5,0.51
8,5,1.04
8,5,1.653
8,5,0.324
8,5,0.982
8,5,0.068
8,5,1.129
8,5,0.307
8,5,0.507
8,5,0.368
8,5,0.368
8,5,0.303
8,5,0.891
8,5,1.704
8,5,1.281
8,5,0.44
8,5,0.521
8,5,0.671
8,5,0.968
8,5,0.432
8,5,1.324
8,5,0.336
8,5,0.68
8,5,1.473
8,5,1.232
8,5,1.013
8,5,1.225
8,5,1.615
8,5,0.567
8,5,0.792
8,5,0.802
8,5,0.765
8,5,0.236
8,5,1.011
8,6,1.303
8,6,0.994
8,6,0.885
8,6,0.699
8,6,0.329
8,6,1.964
8,6,1.297
8,6,1.361
8,6,0.919
8,6,1.106
8,6,1.06
8,6,0.031
8,6,1.443
8,6,0.399
8,6,1.328
8,6,0.876
8,6,0.785
8,6,0.723
8,6,0.574
8,6,0.69
8,6,0.343
8,6,0.456
8,6,0.857
8,6,0.097
8,6,0.367
8,6,1.096
8,6,0.758
8,6,0.076
8,6,0.869
8,6,0.026
8,6,0.947
8,6,0.026
8,6,0.955
8,6,1.531
8,6,0.781
8,6,0.824
8,6,1.316
8,6,1.063
8,6,0.335
8,6,0.819
8,7,0.051
8,7,1.381
8,7,0.998
8,7,1.287
8,7,0.56
8,7,0.862
8,7,1.05
8,7,0.618
8,7,0.571
8,7,0.864
8,7,0.269
8,7,0.191
8,7,1.351
8,7,0.364
8,7,0.923
8,7,1.279
8,7,1.109
8,7,0.257
8,7,1.431
8,7,0.916
8,7,0.587
8,7,1.105
8,7,0.699
8,7,0.613
8,7,1.57
8,7,0.734
8,7,0.023
8,7,0.867
8,7,0.061
8,7,0.674
8,7,0.861
8,7,1.688
8,7,0.027
8,7,0.42
8,8,0.753
8,8,0.694
8,8,0.487
8,8,0.942
8,8,0.906
8,8,0.013
8,8,0.84
8,8,1.638
8,8,1.537
8,8,0.056
8,8,1.037
8,8,0.696
8,8,1.001
8,8,0.92
8,8,0.736
8,8,0.014
8,8,1.19
8,8,1.379
8,8,1.078
8,8,0.045
8,8,0.798
8,8,0.868
8,8,1.11
8,8,0.148
8,8,0.548
8,8,0.946
8,8,0.479
8,8,0.428
8,8,0.494
8,8,1.2
8,8,1.234
8,8,0.887
8,9,1.419
8,9,0.066
8,9,1.706
8,9,0.506
8,9,0.824
8,9,0.057
8,9,0.462
8,9,0.035
8,9,1.047
8,9,0.17
8,9,0.053
8,9,0.565
8,9,0.379
8,9,1.014
8,9,0.031
8,9,1.115
8,9,0.007
8,9,0.112
8,9,0.979
8,9,0.661
8,9,1.421
8,9,1.121
8,9,0.051
8,9,0.769
8,9,0.344
8,9,0.368
8,9,0.959
8,9,0.712
8,9,0.472
8,9,0.389
8,9,0.983
8,9,0.765
8,9,0.475
8,9,2.067
8,9,1.258
8,9,1.094
8,9,0.745
8,9,0.684
8,9,0.57
8,9,0.46
8,9,0.131
8,9,0.039
8,9,0.574
8,9,0.996
8,9,0.066
8,9,0.768
8,10,0.522
8,10,1.174
8,10,0.56
8,10,0.038
8,10,0.907
8,10,0.49
8,10,0.767
8,10,0.669
8,10,0.801
8,10,0.99
8,10,0.016
8,10,0.865
8,10,0.406
8,10,0.292
8,10,0.42
8,10,0.067
8,10,0.274
8,10,0.671
8,10,1.179
8,10,1.264
8,10,0.025
8,10,0.463
8,10,0.552
8,10,0.7
8,10,0.134
8,10,1.135
8,10,1.186
8,10,0.992
8,10,0.423
8,10,0.507
8,10,0.76
8,10,0.256
8,10,0.939
8,10,1.251
8,10,0.531
8,10,1.009
8,10,2.165
8,10,1.227
8,10,0.679
8,10,0.399
8,10,0.588
8,10,0.83
8,10,0.451
8,10,1.501
8,11,0.628
8,11,1.894
8,11,0.87
8,11,0.506
8,11,1.459
8,11,0.088
8,11,1.302
8,11,0.658
8,11,0.532
8,11,0.506
8,11,0.709
8,11,0.741
8,11,0.319
8,11,0.783
8,11,1.165
8,11,0.614
8,11,0.384
8,11,0.95
8,11,0.515
8,11,0.315
8,11,0.54
8,11,0.554
8,11,1.034
8,11,0.379
8,11,0.916
8,11,0.542
8,11,1.113
8,11,0.733
8,11,1.024
8,11,0.389
8,11,0.826
8,11,0.166
8,11,0.109
8,11,0.546
8,11,0.068
8,11,0.604
8,11,0.683
8,11,1.109
8,11,1.275
8,11,0.345
8,12,0.597
8,12,0.02
8,12,0.299
8,12,1.433
8,12,0.5
8,12,0.761
8,12,0.643
8,12,0.732
8,12,0.457
8,12,0.673
8,12,0.3
8,12,0.314
8,12,0.434
8,12,1.352
8,12,0.484
8,12,0.738
8,12,0.047
8,12,0.396
8,12,0.78
8,12,0.56
8,12,0.87
8,12,0.851
8,12,0.075
8,12,0.373
8,12,0.144
8,12,0.807
8,12,0.024
8,12,0.568
8,12,0.154
8,12,0.78
8,12,0.875
8,12,0.011
8,12,1.065
8,12,0.172
8,12,0.225
8,12,1.129
8,12,1.179
8,12,0.635
8,12,0.539
8,13,0.063
8,13,0.414
8,13,0.717
8,13,0.252
8,13,1.321
8,13,0.326
8,13,1.445
8,13,0.029
8,13,0.571
8,13,0.532
8,13,0.537
8,13,0.06
8,13,0.917
8,13,1.114
8,13,1.058
8,13,0.037
8,13,0.396
8,13,0.222
8,13,0.268
8,13,0.584
8,13,0.787
8,13,0.514
8,13,0.058
8,13,0.032
8,13,1.001
8,13,0.398
8,13,0.097
8,13,0.065
8,13,0.034
8,13,0.58
8,14,0.653
8,14,0.602
8,14,0.607
8,14,0.402
8,14,1.187
8,14,0.446
8,14,0.799
8,14,0.055
8,14,0.078
8,14,0.476
8,14,0.347
8,14,0.185
8,14,0.33
8,14,0.011
8,14,0.611
8,14,0.553
8,14,0.05
8,14,0.02
8,14,0.724
8,14,0.201
8,14,0.914
8,14,1.203
8,14,0.27
8,14,0.045
8,14,0.572
8,14,0.96
8,14,1.213
8,14,0.468
8,14,0.714
8,14,1.036
8,14,0.883
8,15,0.045
8,15,0.079
8,15,0.911
8,15,0.71
8,15,0.105
8,15,0.014
8,15,0.695
8,15,0.38
8,15,0.739
8,15,1.059
8,15,1.564
8,15,0.068
8,15,1.217
8,15,0.696
8,15,0.484
8,15,0.491
8,15,0.994
8,15,0.052
8,15,0.042
8,15,0.046
8,15,0.708
8,15,0.023
8,15,0.529
8,15,0.785
8,15,0.097
8,15,0.084
8,15,0.23
8,16,0.993
8,16,0.793
8,16,1.347
8,16,0.927
8,16,0.456
8,16,0.44
8,16,0.532
8,16,0.841
8,16,0.826
8,16,1.024
8,16,0.777
8,16,0.31
8,16,0.065
8,16,1.225
8,16,0.646
8,16,0.014
8,16,0.048
8,16,0.95
8,16,0.083
8,16,0.568
8,16,0.804
8,16,0.351
8,16,0.803
8,16,1.324
8,16,0.594
8,16,0.833
8,16,0.652
8,16,0.268
8,17,0.622
8,17,0.055
8,17,0.308
8,17,0.572
8,17,0.547
8,17,0.407
8,17,0.211
8,17,0.145
8,17,1.568
8,17,0.332
8,17,0.223
8,17,0.96
8,17,0.217
8,17,0.007
8,17,0.605
8,17,0.038
8,17,1.013
8,17,0.307
8,17,0.977
8,17,0.854
8,17,0.523
8,17,0.599
8,17,0.373
8,17,0.27
8,17,0.39
8,17,0.912
8,17,0.533
8,17,0.067
8,17,0.683
8,18,1.173
8,18,0.034
8,18,0.041
8,18,0.955
8,18,0.94
8,18,0.566
8,18,0.054
8,18,0.683
8,18,0.412
8,18,0.596
8,18,0.294
8,18,1.022
8,18,0.378
8,18,0.972
8,18,0.582
8,18,0.273
8,18,0.639
8,18,0.664
8,18,0.436
8,18,0.016
8,18,0.164
8,18,0.862
8,18,0.246
8,18,0.436
8,18,0.658
8,18,0.316
8,18,0.74
8,19,0.913
8,19,1.06
8,19,0.626
8,19,0.809
8,19,0.245
8,19,0.323
8,19,0.259
8,19,0.947
8,19,1.178
8,19,0.066
8,19,1.388
8,19,0.679
8,19,0.635
8,19,0.046
8,19,0.042
8,19,1.594
8,19,0.596
8,19,0.009
8,19,0.673
8,19,0.531
8,19,0.037
8,19,0.386
8,19,0.041
8,19,0.021
8,19,0.085
8,19,1.822
8,19,0.066
8,20,0.366
8,20,0.84
8,20,0.971
8,20,0.877
8,20,0.719
8,20,0.081
8,20,0.104
8,20,0.656
8,20,0.679
8,20,0.603
8,20,0.958
8,20,0.558
8,20,0.031
8,20,0.098
8,20,0.447
8,20,0.734
8,20,0.51
8,20,0.06
8,20,0.341
8,20,0.648
8,20,0.724
8,20,0.964
8,20,0.075
8,20,1.246
8,20,0.415
8,20,0.63
8,20,0.037
8,20,0.653
8,20,0.755
8,21,0.747
8,21,0.611
8,21,1.07
8,21,0.481
8,21,0.549
8,21,0.238
8,21,0.045
8,21,1
8,21,0.411
8,21,0.912
8,21,0.619
8,21,0.021
8,21,0.994
8,21,0.251
8,21,0.044
8,21,0.786
8,21,0.068
8,22,0.029
8,22,0.05
8,22,0.621
8,22,0.741
8,22,0.032
8,22,0.579
8,22,0.371
8,22,0.658
8,22,0.303
8,22,0.278
8,22,0.069
8,22,0.065
8,22,0.042
8,22,0.05
8,22,0.834
8,22,0.601
8,22,0.049
8,22,1.14
8,22,0.953
8,22,0.055
8,22,0.863
8,22,0.552
8,22,0.58
8,22,0.443
8,22,0.932
8,22,1.421
8,22,0.436
8,22,0.015
8,22,0.987
8,22,0.516
8,23,0.286
8,23,0.485
8,23,0.106
8,23,1.292
8,23,0.08
8,23,0.746
8,23,0.273
8,23,1.046
8,23,0.528
8,23,0.189
8,23,0.686
8,23,0.316
8,23,0.027
8,23,0.027
8,23,0.189
8,23,0.333
8,23,0.251
8,23,0.091
8,23,0.92
8,23,0.038
8,23,0.493
8,23,0.425
8,23,0.012
8,23,0.329
8,23,0.025
8,23,0.508
8,23,0.605
8,23,0.599
8,23,0.009
8,23,1.452
8,23,0.21
8,23,0.93
8,23,0.035
8,23,0.059
8,23,0.032
8,24,0.699
8,24,0.033
8,24,0.032
8,24,1.152
8,24,0.395
8,24,0.451
8,24,0.793
8,24,0.333
8,24,1.692
8,24,0.558
8,24,0.025
8,24,0.454
8,24,0.056
8,24,0.709
8,24,0.697
8,24,0.367
8,24,0.879
8,24,0.491
8,24,0.893
8,24,0.4
8,24,1.007
8,24,0.91
8,24,0.475
8,24,1.266
8,24,1.372
8,24,0.715
8,24,0.848
8,25,0.044
8,25,0.223
8,25,0.667
8,25,0.017
8,25,1.079
8,25,1.224
8,25,0.445
8,25,0.431
8,25,1.2
8,25,0.034
8,25,1.478
8,25,0.665
8,25,0.036
8,25,0.375
8,25,0.854
8,25,0.81
8,25,0.331
8,25,0.276
8,25,1.239
8,25,0.259
8,25,0.083
8,25,0.523
8,25,1.007
8,25,0.01
8,25,0.007
8,25,0.404
8,25,1.131
8,25,1.366
8,25,0.046
8,26,0.034
8,26,0.026
8,26,0.708
8,26,0.055
8,26,0.038
8,26,0.302
8,26,0.518
8,26,0.592
8,26,0.613
8,26,0.46
8,26,0.435
8,26,0.013
8,26,0.344
8,26,0.388
8,26,0.101
8,26,0.604
8,26,1.352
8,26,0.25
8,26,0.316
8,26,0.027
8,26,0.082
8,26,0.04
8,26,0.374
8,26,0.549
8,26,0.692
8,26,0.882
8,26,0.835
8,26,1
8,26,1.035
8,27,0.726
8,27,0.034
8,27,0.594
8,27,0.026
8,27,0.015
8,27,1.418
8,27,0.014
8,27,0.044
8,27,0.062
8,27,0.367
8,27,1.113
8,27,0.629
8,27,0.142
8,27,0.082
8,27,0.351
8,27,0.031
8,27,0.07
8,27,1.21
8,27,0.018
8,27,0.396
8,27,0.01
8,27,0.087
8,27,0.766
8,27,0.041
8,27,0.045
8,27,0.042
8,27,0.023
8,27,0.589
8,28,0.029
8,28,0.581
8,28,2.229
8,28,0.134
8,28,0.114
8,28,0.315
8,28,0.065
8,28,0.925
8,28,0.398
8,28,0.747
8,28,0.081
8,28,1.24
8,28,0.352
8,28,0.403
8,28,1.366
8,28,0.693
8,28,0.03
8,28,0.988
8,28,0.673
8,28,0.235
8,28,0.864
8,28,0.613
8,28,0.558
8,28,0.656
8,28,1.358
8,28,0.026
8,28,0.298
8,28,0.327
8,28,0.015
8,28,0.584
8,28,0.101
8,28,0.864
8,29,0.86
8,29,0.021
8,29,0.945
8,29,0.914
8,29,0.034
8,29,0.186
8,29,0.643
8,29,0.991
8,29,0.85
8,29,0.248
8,29,0.768
8,29,0.823
8,29,0.526
8,29,0.645
8,29,0.678
8,29,0.057
8,29,0.04
8,29,0.059
8,29,0.443
8,29,0.009
8,29,0.798
8,29,0.633
8,29,0.296
8,29,0.018
8,29,1.546
8,29,0.641
8,29,0.571
8,29,0.07
8,29,0.589
8,29,0.097
8,30,0.089
8,30,0.066
8,30,0.032
8,30,0.125
8,30,0.397
8,30,0.438
8,30,0.046
8,30,0.585
8,30,0.499
8,30,0.033
8,30,0.789
8,30,0.754
8,30,0.544
8,30,0.042
8,30,0.879
8,30,0.075
8,30,0.025
8,30,1.515
8,30,0.509
8,30,0.38
8,30,0.697
