1,1,0.286
1,1,0.501
1,1,0.483
1,1,0.344
1,1,1.191
1,1,1.088
1,1,0.465
1,1,0.74
1,1,1.463
1,1,0.871
1,1,1.314
1,1,0.706
1,1,1.077
1,1,1.094
1,1,0.604
1,1,0.394
1,1,0.309
1,1,0.282
1,1,0.476
1,1,0.728
1,1,0.335
1,2,0.295
1,2,0.487
1,2,1.051
1,2,1.249
1,2,0.845
1,2,0.699
1,2,0.557
1,2,0.437
1,2,0.616
1,2,1
1,2,0.941
1,2,1.307
1,2,0.825
1,2,0.932
1,2,0.506
1,2,0.369
1,2,0.992
1,2,0.714
1,2,0.925
1,2,0.819
1,2,1.148
1,2,0.738
1,2,0.505
1,2,0.291
1,2,0.345
1,3,0.925
1,3,0.417
1,3,0.805
1,3,0.583
1,3,1.267
1,3,0.607
1,3,0.42
1,3,0.427
1,3,0.713
1,3,0.359
1,3,0.467
1,3,0.04
1,3,0.253
1,3,0.586
1,3,0.979
1,3,0.935
1,3,0.341
1,3,0.138
1,3,0.033
1,3,0.273
1,3,0.588
1,3,0.138
1,3,0.493
1,3,0.396
1,4,0.332
1,4,1.006
1,4,0.825
1,4,0.596
1,4,0.597
1,4,0.489
1,4,0.707
1,4,0.956
1,4,0.413
1,4,0.865
1,4,0.4
1,4,0.246
1,4,0.173
1,4,0.662
1,4,1.09
1,4,0.586
1,4,0.333
1,4,0.638
1,4,1.056
1,4,0.641
1,4,0.573
1,4,0.856
1,4,0.276
1,5,1.454
1,5,0.298
1,5,0.453
1,5,0.327
1,5,1.235
1,5,0.023
1,5,0.458
1,5,0.419
1,5,0.554
1,5,0.472
1,5,0.565
1,5,0.578
1,5,0.218
1,5,1.219
1,5,0.869
1,5,0.357
1,5,0.968
1,5,0.045
1,5,1.062
1,5,1.063
1,5,0.754
1,5,0.344
1,5,0.828
1,6,0.331
1,6,0.36
1,6,0.726
1,6,1.047
1,6,0.539
1,6,0.553
1,6,0.635
1,6,0.288
1,6,0.417
1,6,0.465
1,6,0.361
1,6,0.584
1,6,0.562
1,6,0.439
1,6,0.328
1,6,0.891
1,6,0.338
1,6,0.371
1,6,0.514
1,6,0.554
1,6,0.737
1,6,0.727
1,6,0.085
1,7,0.47
1,7,0.55
1,7,0.892
1,7,0.303
1,7,1.014
1,7,0.499
1,7,0.464
1,7,0.481
1,7,1.1
1,7,0.157
1,7,0.361
1,7,0.287
1,7,0.043
1,7,0.643
1,7,0.468
1,7,0.312
1,7,0.668
1,7,0.064
1,7,0.986
1,7,0.369
1,7,0.788
1,7,0.495
1,8,0.24
1,8,0.311
1,8,0.335
1,8,0.045
1,8,0.537
1,8,0.34
1,8,0.429
1,8,0.545
1,8,0.483
1,8,0.836
1,8,0.021
1,8,1.056
1,8,0.325
1,8,0.237
1,8,0.47
1,8,0.828
1,8,1.041
1,8,1.004
1,8,0.45
1,8,0.901
1,8,0.697
1,8,0.387
1,8,0.324
1,8,0.046
1,9,0.133
1,9,0.638
1,9,0.57
1,9,0.419
1,9,0.382
1,9,0.741
1,9,0.038
1,9,0.46
1,9,0.215
1,9,0.343
1,9,0.553
1,9,0.673
1,9,0.843
1,9,0.791
1,10,0.538
1,10,0.613
1,10,0.453
1,10,0.409
1,10,0.581
1,10,0.33
1,10,0.529
1,10,0.774
1,10,0.654
1,10,0.805
1,10,0.804
1,10,0.863
1,10,0.633
1,10,0.308
1,10,0.547
1,10,0.053
1,10,0.945
1,10,0.208
1,10,0.543
1,10,0.171
1,10,0.511
1,10,0.745
1,10,0.369
1,11,0.364
1,11,0.577
1,11,0.523
1,11,0.678
1,11,0.21
1,11,0.546
1,11,0.616
1,11,0.357
1,11,1.136
1,11,0.357
1,11,0.577
1,11,0.058
1,11,0.493
1,11,0.355
1,11,0.561
1,11,0.559
1,11,0.753
1,11,0.565
1,11,0.527
1,11,0.061
1,11,0.537
1,11,0.372
1,11,0.345
1,11,0.131
1,11,0.675
1,11,0.785
1,12,0.053
1,12,0.379
1,12,0.888
1,12,0.393
1,12,0.362
1,12,0.381
1,12,0.735
1,12,0.607
1,12,0.719
1,12,0.596
1,12,0.784
1,12,0.583
1,12,1.191
1,12,0.199
1,12,1.019
1,12,0.712
1,12,0.983
1,12,0.243
1,12,0.798
1,12,0.713
1,12,0.525
1,13,0.424
1,13,0.634
1,13,0.074
1,13,0.796
1,13,0.06
1,13,0.453
1,13,0.944
1,13,0.383
1,13,0.565
1,13,0.063
1,13,0.68
1,13,0.648
1,13,0.633
1,13,0.425
1,13,0.542
1,13,0.234
1,13,0.096
1,13,0.185
1,13,0.473
1,13,0.21
1,13,0.204
1,14,0.186
1,14,0.034
1,14,0.506
1,14,0.084
1,14,0.296
1,14,0.111
1,14,0.727
1,14,0.401
1,14,0.312
1,14,0.048
1,14,0.348
1,14,0.556
1,14,0.893
1,14,0.439
1,14,0.052
1,14,0.474
1,14,0.049
1,14,0.636
1,14,0.417
1,14,0.661
1,14,0.63
1,14,0.251
1,14,0.016
1,15,0.512
1,15,0.358
1,15,0.591
1,15,0.017
1,15,0.337
1,15,0.502
1,15,0.268
1,15,0.633
1,15,0.337
1,15,0.05
1,15,0.621
1,15,0.028
1,15,0.702
1,15,0.331
1,15,0.515
1,15,0.352
1,15,0.591
1,15,0.024
1,15,0.068
1,15,0.438
1,15,0.339
1,15,0.218
1,15,0.465
1,16,0.838
1,16,0.123
1,16,0.444
1,16,0.357
1,16,0.522
1,16,0.634
1,16,0.321
1,16,0.371
1,16,0.083
1,16,0.287
1,16,0.259
1,16,0.015
1,16,0.911
1,16,0.344
1,16,0.289
1,16,0.385
1,16,0.59
1,17,0.147
1,17,0.017
1,17,0.264
1,17,0.113
1,17,0.424
1,17,0.403
1,17,0.305
1,17,0.324
1,17,0.059
1,17,0.463
1,17,0.759
1,17,0.51
1,17,0.198
1,17,0.648
1,17,0.439
1,17,0.642
1,17,0.489
1,17,0.175
1,17,0.109
1,18,0.647
1,18,0.666
1,18,0.246
1,18,0.007
1,19,0.056
1,19,0.014
1,19,0.636
1,19,0.052
1,19,0.334
1,19,0.105
1,19,0.045
1,19,0.261
1,19,0.695
1,19,0.345
1,19,1.071
1,19,0.896
1,19,0.138
1,19,0.647
1,19,0.577
1,19,0.385
1,19,0.518
1,19,0.274
1,19,0.797
1,20,0.045
1,20,0.487
1,20,0.257
1,20,0.108
1,20,0.037
1,20,0.388
1,20,0.024
1,20,0.059
1,20,0.07
1,20,0.701
1,20,0.296
1,20,0.255
1,20,0.237
1,20,0.705
1,20,0.098
1,20,0.096
1,20,0.644
1,20,0.45
1,20,0.409
1,21,0.073
1,21,1.167
1,21,0.242
1,21,0.036
1,21,0.48
1,21,0.016
1,21,0.096
1,21,0.334
1,21,0.36
1,21,0.394
1,21,0.015
1,21,0.043
1,21,0.357
1,21,0.116
1,21,0.337
1,21,0.799
1,21,0.138
1,21,0.015
1,21,0.643
1,21,0.046
1,21,0.214
1,22,0.787
1,22,0.916
1,22,0.172
1,22,0.233
1,22,0.222
1,22,0.449
1,22,0.125
1,22,0.41
1,22,0.245
1,22,0.053
1,22,1.057
1,22,0.476
1,22,0.593
1,22,0.696
1,22,0.57
1,22,0.578
1,22,0.446
1,22,0.675
1,22,0.024
1,22,0.024
1,22,0.341
1,22,0.338
1,22,0.036
1,23,0.286
1,23,0.312
1,23,0.448
1,23,1.099
1,23,0.55
1,23,0.259
1,23,0.696
1,23,0.826
1,23,0.022
1,23,0.107
1,23,0.246
1,23,0.81
1,23,0.472
1,23,0.417
1,23,0.082
1,23,0.19
1,24,0.227
1,24,0.369
1,24,0.374
1,24,0.317
1,24,0.251
1,24,0.658
1,24,0.044
1,24,0.43
1,24,0.069
1,24,0.067
1,24,0.352
1,24,0.737
1,24,0.451
1,24,0.612
1,24,0.508
1,24,0.665
1,24,0.422
1,24,0.194
1,24,0.668
1,24,0.173
1,24,0.468
1,24,0.067
1,25,0.147
1,25,0.48
1,25,0.696
1,25,0.104
1,25,0.417
1,25,0.486
1,25,0.072
1,25,0.928
1,25,0.387
1,25,0.989
1,25,0.046
1,25,0.671
1,25,0.341
1,25,1.067
1,26,0.274
1,26,0.21
1,26,0.897
1,26,0.891
1,26,0.115
1,26,0.279
1,26,0.454
1,26,0.317
1,26,0.364
1,26,0.36
1,26,0.314
1,26,0.488
1,26,0.045
1,26,0.32
1,26,0.72
1,26,0.028
1,27,0.087
1,27,0.475
1,27,0.477
1,27,0.577
1,27,0.1
1,27,0.491
1,27,0.21
1,27,0.412
1,27,0.36
1,27,0.213
1,27,0.431
1,27,0.049
1,27,0.507
1,27,0.101
1,27,0.337
1,27,0.314
1,27,0.119
1,27,0.675
1,27,0.445
1,27,0.466
1,27,0.686
1,27,0.761
1,27,0.046
1,27,0.07
1,28,0.714
1,28,0.505
1,28,0.168
1,28,0.42
1,28,0.11
1,28,0.225
1,28,0.226
1,28,0.078
1,28,0.712
1,28,0.363
1,28,0.531
1,28,0.475
1,28,0.411
1,28,0.618
1,28,0.607
1,28,0.733
1,28,0.501
1,28,0.492
1,28,0.141
1,28,0.799
1,28,0.318
1,28,0.766
1,29,0.49
1,29,0.645
1,29,0.31
1,29,0.519
1,29,0.409
1,29,0.05
1,29,0.509
1,29,0.302
1,29,0.082
1,29,0.066
1,29,0.12
1,29,0.028
1,29,0.66
1,30,0.222
1,30,0.517
1,30,0.441
1,30,0.563
1,30,0.25
1,30,0.045
1,30,0.6
1,30,0.855
1,30,0.321
1,30,0.701
1,30,0.222
1,30,0.786
1,30,0.33
1,30,0.936
1,30,0.432
1,30,0.207
1,30,0.027
2,1,0.965
2,1,0.613
2,1,0.516
2,1,0.97
2,1,1.5
2,1,0.747
2,1,1.066
2,1,0.497
2,1,1.278
2,1,1.322
2,1,1.048
2,1,1.616
2,1,1.152
2,1,1.044
2,1,0.442
2,1,1.147
2,1,1.109
2,1,1.409
2,1,0.801
2,1,1.015
2,1,1.872
2,1,0.877
2,1,1.045
2,1,1.197
2,1,1.568
2,1,1.065
2,2,0.757
2,2,0.361
2,2,1.009
2,2,0.85
2,2,0.309
2,2,0.656
2,2,1.368
2,2,0.796
2,2,0.977
2,2,1.34
2,2,1.375
2,2,0.589
2,2,0.809
2,2,1.047
2,2,0.942
2,2,0.491
2,2,1.203
2,2,1.262
2,2,0.361
2,2,0.895
2,2,0.807
2,2,1.578
2,2,0.805
2,2,0.685
2,2,1.347
2,2,0.571
2,2,0.638
2,2,1.201
2,3,0.583
2,3,0.394
2,3,1.19
2,3,0.467
2,3,0.503
2,3,1.232
2,3,0.741
2,3,0.684
2,3,0.791
2,3,0.603
2,3,1.368
2,3,0.708
2,3,0.855
2,3,0.644
2,3,1.375
2,3,1.224
2,3,1.241
2,3,0.645
2,3,1.465
2,3,0.771
2,3,1.107
2,3,1
2,3,0.753
2,3,1.237
2,3,1.257
2,3,0.262
2,3,1.269
2,3,0.3
2,3,0.988
2,3,0.753
2,3,0.958
2,3,0.972
2,4,0.904
2,4,0.708
2,4,0.528
2,4,0.686
2,4,0.671
2,4,0.523
2,4,0.856
2,4,0.834
2,4,1.117
2,4,0.759
2,4,0.785
2,4,0.913
2,4,1.27
2,4,0.956
2,4,0.48
2,4,1.141
2,4,0.955
2,4,0.633
2,4,0.681
2,4,0.934
2,4,0.532
2,4,0.873
2,4,0.617
2,4,1.311
2,4,1.102
2,4,1.003
2,4,0.953
2,4,0.656
2,4,0.042
2,4,1.964
2,4,0.646
2,4,0.794
2,4,0.425
2,4,0.93
2,4,1.421
2,4,0.298
2,5,0.634
2,5,0.441
2,5,0.159
2,5,0.302
2,5,0.445
2,5,0.65
2,5,0.41
2,5,0.726
2,5,1.414
2,5,0.597
2,5,0.586
2,5,0.743
2,5,1.068
2,5,0.104
2,5,0.486
2,5,0.394
2,5,0.715
2,5,0.527
2,5,1.126
2,5,0.67
2,5,0.629
2,5,0.936
2,5,0.6
2,5,0.762
2,5,0.238
2,5,0.903
2,5,1.389
2,5,0.493
2,5,0.56
2,5,0.93
2,6,1.002
2,6,0.5
2,6,0.992
2,6,0.912
2,6,0.635
2,6,0.554
2,6,0.425
2,6,0.639
2,6,0.694
2,6,0.819
2,6,0.379
2,6,0.96
2,6,0.606
2,6,0.632
2,6,1.23
2,6,0.457
2,6,0.281
2,6,1.319
2,6,0.874
2,6,1.293
2,6,0.665
2,6,0.21
2,6,0.822
2,6,1.1
2,6,1.047
2,6,0.614
2,6,0.299
2,6,0.634
2,6,0.151
2,6,0.366
2,7,0.337
2,7,0.4
2,7,0.357
2,7,0.973
2,7,1.305
2,7,0.889
2,7,0.795
2,7,0.468
2,7,0.18
2,7,0.434
2,7,0.636
2,7,0.778
2,7,0.94
2,7,0.527
2,7,0.371
2,7,0.976
2,7,0.758
2,7,0.599
2,7,0.345
2,7,0.472
2,7,0.579
2,7,0.617
2,7,0.03
2,7,0.655
2,7,0.654
2,7,0.665
2,7,0.63
2,7,1.02
2,7,0.909
2,7,1.296
2,8,0.686
2,8,0.374
2,8,0.038
2,8,0.572
2,8,0.631
2,8,0.107
2,8,0.038
2,8,0.319
2,8,0.896
2,8,0.435
2,8,0.419
2,8,0.408
2,8,0.747
2,8,0.679
2,8,0.726
2,8,0.044
2,8,1.35
2,8,0.463
2,8,0.917
2,8,0.004
2,8,0.487
2,8,1.369
2,8,0.817
2,8,0.065
2,8,1.408
2,8,0.641
2,8,0.355
2,8,0.794
2,8,0.309
2,8,0.511
2,8,0.09
2,8,0.497
2,9,0.066
2,9,0.033
2,9,0.045
2,9,0.423
2,9,0.748
2,9,0.273
2,9,0.722
2,9,0.086
2,9,0.768
2,9,0.737
2,9,1.33
2,9,0.306
2,9,0.361
2,9,0.305
2,9,0.312
2,9,0.907
2,9,0.045
2,9,0.056
2,9,1.115
2,9,0.238
2,9,0.602
2,9,0.722
2,9,0.634
2,9,0.573
2,9,0.356
2,9,0.079
2,9,0.71
2,9,0.611
2,9,0.288
2,10,1.882
2,10,0.409
2,10,0.423
2,10,0.434
2,10,0.405
2,10,0.436
2,10,0.527
2,10,0.4
2,10,0.545
2,10,0.715
2,10,1.064
2,10,0.406
2,10,0.993
2,10,0.782
2,10,1.044
2,10,0.008
2,10,0.611
2,10,0.391
2,10,1.018
2,10,0.769
2,10,0.132
2,10,0.403
2,10,0.156
2,10,0.07
2,10,0.388
2,10,0.452
2,10,0.036
2,11,0.088
2,11,0.202
2,11,0.607
2,11,0.446
2,11,0.801
2,11,0.724
2,11,0.69
2,11,0.017
2,11,1.202
2,11,0.543
2,11,0.065
2,11,0.732
2,11,0.505
2,11,0.513
2,11,0.101
2,11,0.016
2,11,0.084
2,11,0.457
2,11,0.046
2,11,0.693
2,11,0.03
2,11,0.683
2,11,1.126
2,11,1.032
2,11,0.791
2,11,0.696
2,11,0.766
2,12,0.649
2,12,0.402
2,12,0.262
2,12,0.743
2,12,0.882
2,12,0.427
2,12,0.682
2,12,1.453
2,12,1.077
2,12,0.073
2,12,0.199
2,12,0.012
2,12,0.867
2,12,0.358
2,12,1.062
2,12,0.724
2,12,0.682
2,12,0.434
2,12,0.517
2,12,0.255
2,12,0.639
2,12,0.528
2,12,0.411
2,12,0.739
2,12,1.364
2,12,0.567
2,12,0.268
2,13,0.068
2,13,0.73
2,13,0.413
2,13,0.655
2,13,0.449
2,13,0.564
2,13,0.3
2,13,0.481
2,13,0.396
2,13,0.322
2,13,0.057
2,13,0.439
2,13,0.031
2,13,0.068
2,13,0.591
2,13,0.064
2,13,0.329
2,13,0.041
2,13,0.047
2,13,0.311
2,13,0.886
2,13,1.024
2,13,0.677
2,13,0.278
2,13,0.037
2,13,0.06
2,13,0.083
2,13,0.469
2,13,0.631
2,14,0.48
2,14,0.411
2,14,0.08
2,14,0.358
2,14,0.744
2,14,0.511
2,14,0.731
2,14,0.646
2,14,0.277
2,14,0.078
2,14,0.089
2,14,0.051
2,14,0.03
2,14,0.055
2,14,0.098
2,14,0.82
2,14,0.442
2,14,0.083
2,14,1.258
2,14,0.941
2,14,0.038
2,14,0.611
2,14,0.469
2,14,0.607
2,14,0.579
2,14,0.442
2,14,0.158
2,14,0.122
2,14,0.538
2,14,1.573
2,15,0.204
2,15,0.446
2,15,0.607
2,15,0.628
2,15,0.419
2,15,0.639
2,15,0.07
2,15,0.067
2,15,0.344
2,15,0.022
2,15,0.227
2,15,0.381
2,15,0.027
2,15,1.084
2,15,0.805
2,15,0.787
2,15,0.785
2,15,0.618
2,15,0.445
2,15,0.536
2,15,0.032
2,15,1.391
2,15,0.545
2,15,0.411
2,16,0.327
2,16,0.072
2,16,0.393
2,16,0.788
2,16,0.359
2,16,0.05
2,16,0.081
2,16,0.556
2,16,0.067
2,16,0.029
2,16,0.574
2,16,1.399
2,16,0.831
2,16,0.042
2,16,0.032
2,16,0.037
2,16,0.711
2,16,0.529
2,16,0.768
2,17,0.062
2,17,0.833
2,17,0.534
2,17,0.028
2,17,0.082
2,17,0.96
2,17,1.13
2,17,0.86
2,17,0.741
2,17,0.247
2,17,0.845
2,17,0.756
2,17,0.886
2,17,1.067
2,17,0.633
2,17,1.071
2,17,0.409
2,17,0.685
2,17,0.042
2,17,0.251
2,17,0.711
2,17,0.222
2,17,0.48
2,17,0.796
2,18,0.517
2,18,0.366
2,18,0.089
2,18,0.075
2,18,0.163
2,18,1.003
2,18,0.314
2,18,0.424
2,18,0.316
2,18,1.069
2,18,0.726
2,18,0.443
2,18,0.522
2,18,0.427
2,18,0.936
2,18,0.683
2,18,0.017
2,18,0.574
2,18,0.433
2,18,0.187
2,18,0.104
2,18,0.669
2,18,1.242
2,18,0.242
2,18,0.062
2,18,0.047
2,19,0.489
2,19,0.704
2,19,0.469
2,19,0.288
2,19,0.368
2,19,0.121
2,19,0.52
2,19,0.667
2,19,0.245
2,19,0.607
2,19,0.036
2,19,0.012
2,19,0.091
2,19,0.043
2,19,0.2
2,19,0.639
2,19,0.241
2,19,0.714
2,19,0.088
2,19,0.41
2,19,0.351
2,19,1.222
2,19,0.052
2,19,0.335
2,19,0.701
2,19,0.215
2,19,0.427
2,20,0.491
2,20,0.099
2,20,0.261
2,20,0.037
2,20,0.012
2,20,0.36
2,20,0.868
2,20,0.048
2,20,0.024
2,20,0.719
2,20,0.844
2,20,0.111
2,20,0.445
2,20,0.042
2,20,0.397
2,20,0.308
2,20,0.452
2,20,0.526
2,20,0.452
2,20,0.028
2,20,0.367
2,20,0.337
2,20,0.635
2,20,0.063
2,20,0.25
2,20,0.054
2,20,0.782
2,20,0.137
2,21,0.386
2,21,0.587
2,21,0.225
2,21,1.204
2,21,0.377
2,21,0.515
2,21,0.271
2,21,0.677
2,21,0.392
2,21,0.383
2,21,0.609
2,21,0.088
2,21,0.864
2,21,0.571
2,21,0.417
2,21,0.467
2,21,0.664
2,21,0.364
2,21,0.912
2,21,0.554
2,22,0.399
2,22,0.028
2,22,0.058
2,22,0.497
2,22,0.447
2,22,0.835
2,22,0.042
2,22,0.491
2,22,0.088
2,22,0.609
2,22,0.856
2,22,0.838
2,22,0.3
2,22,1.106
2,22,0.048
2,22,1.242
2,22,0.509
2,22,0.35
2,22,1.387
2,22,0.412
2,23,0.054
2,23,0.496
2,23,0.037
2,23,0.379
2,23,0.916
2,23,0.558
2,23,0.304
2,23,0.562
2,23,0.819
2,23,0.934
2,23,0.289
2,23,0.075
2,23,0.327
2,23,0.016
2,23,0.548
2,23,0.01
2,23,0.124
2,23,0.029
2,23,0.569
2,23,0.444
2,23,0.1
2,23,0.729
2,24,0.036
2,24,0.407
2,24,0.669
2,24,0.092
2,24,0.066
2,24,0.327
2,24,0.161
2,24,0.167
2,24,0.095
2,24,0.869
2,24,0.55
2,24,0.472
2,24,0.397
2,24,0.035
2,24,0.165
2,24,0.614
2,24,0.93
2,24,0.023
2,24,0.014
2,24,0.69
2,24,1.092
2,24,0.05
2,24,0.234
2,25,0.651
2,25,0.523
2,25,1.341
2,25,0.776
2,25,0.846
2,25,0.077
2,25,0.851
2,25,0.213
2,25,0.351
2,25,0.431
2,25,0.624
2,25,0.008
2,25,0.972
2,25,0.262
2,25,0.303
2,25,0.31
2,25,0.611
2,25,0.012
2,25,0.514
2,25,0.035
2,25,0.072
2,25,0.945
2,26,0.627
2,26,0.323
2,26,0.081
2,26,0.27
2,26,0.418
2,26,0.048
2,26,0.005
2,26,0.712
2,26,0.96
2,26,0.56
2,26,1.323
2,26,0.116
2,26,0.637
2,26,0.378
2,26,0.073
2,26,0.286
2,26,0.713
2,27,0.04
2,27,0.037
2,27,0.056
2,27,0.039
2,27,0.059
2,27,0.101
2,27,0.612
2,27,0.053
2,27,0.288
2,27,0.501
2,27,0.224
2,27,0.575
2,27,0.841
2,27,0.008
2,27,0.664
2,27,0.756
2,27,0.477
2,27,0.478
2,27,0.166
2,28,0.055
2,28,0.468
2,28,0.005
2,28,0.024
2,28,0.102
2,28,0.773
2,28,0.03
2,28,0.33
2,28,0.074
2,28,0.273
2,28,0.272
2,28,0.316
2,28,0.547
2,28,0.233
2,28,0.04
2,29,0.59
2,29,0.449
2,29,0.57
2,29,0.046
2,29,0.5
2,29,0.039
2,29,0.488
2,29,0.028
2,29,0.34
2,29,0.028
2,29,0.261
2,29,0.063
2,29,0.07
2,29,0.47
2,29,0.034
2,29,0.55
2,29,0.062
2,29,0.044
2,29,0.676
2,29,0.18
2,29,0.645
2,30,0.372
2,30,0.089
2,30,0.423
2,30,0.175
2,30,0.603
2,30,0.026
2,30,0.353
2,30,0.077
2,30,0.69
2,30,0.227
2,30,0.07
2,30,0.071
2,30,0.045
2,30,0.921
2,30,0.529
2,30,0.089
2,30,0.312
2,30,0.004
3,1,0.976
3,1,1.575
3,1,0.762
3,1,1.159
3,1,1.478
3,1,1.52
3,1,0.467
3,1,2.133
3,1,1.151
3,1,1.116
3,1,1.142
3,1,1.038
3,1,1.915
3,1,1.303
3,1,0.051
3,1,0.671
3,1,1.365
3,1,0.949
3,1,1.051
3,1,1.395
3,1,0.299
3,1,1.405
3,1,0.006
3,1,1.556
3,1,1.583
3,1,0.65
3,1,1.342
3,1,1.194
3,1,1.162
3,1,0.983
3,2,0.554
3,2,0.744
3,2,0.57
3,2,1.103
3,2,0.918
3,2,1.728
3,2,0.367
3,2,0.508
3,2,0.937
3,2,0.761
3,2,0.489
3,2,0.358
3,2,0.561
3,2,1.171
3,2,0.049
3,2,1.915
3,2,0.788
3,2,1.044
3,2,0.671
3,2,1.474
3,2,0.115
3,2,0.953
3,2,1.002
3,2,1.11
3,2,0.034
3,2,0.979
3,2,0.242
3,2,0.667
3,2,0.582
3,2,1.173
3,2,0.995
3,2,0.469
3,3,1.076
3,3,1.455
3,3,0.997
3,3,1.631
3,3,1.017
3,3,0.897
3,3,0.748
3,3,0.853
3,3,0.666
3,3,0.614
3,3,0.954
3,3,0.018
3,3,0.051
3,3,0.862
3,3,1.15
3,3,0.428
3,3,0.845
3,3,0.074
3,3,0.266
3,3,1.133
3,3,1.049
3,3,0.703
3,3,0.493
3,3,0.769
3,3,0.227
3,3,0.844
3,3,1.396
3,3,0.381
3,3,1.498
3,3,0.787
3,3,0.81
3,3,0.907
3,3,0.529
3,3,0.628
3,4,1.008
3,4,1.065
3,4,0.782
3,4,1.018
3,4,1.366
3,4,0.483
3,4,0.111
3,4,0.602
3,4,0.322
3,4,1.198
3,4,0.346
3,4,0.342
3,4,0.653
3,4,0.943
3,4,2.118
3,4,0.775
3,4,1.424
3,4,0.449
3,4,0.843
3,4,1.061
3,4,0.987
3,4,0.615
3,4,0.618
3,4,1.283
3,4,1.278
3,4,0.647
3,4,0.201
3,4,1.096
3,4,1.06
3,4,0.784
3,4,1.348
3,4,0.074
3,4,1.525
3,4,0.813
3,4,0.29
3,5,0.959
3,5,0.777
3,5,1.585
3,5,0.674
3,5,1.725
3,5,0.526
3,5,0.958
3,5,0.059
3,5,0.037
3,5,0.607
3,5,0.071
3,5,0.732
3,5,1.494
3,5,0.845
3,5,0.28
3,5,0.016
3,5,0.846
3,5,0.571
3,5,0.54
3,5,0.574
3,5,0.682
3,5,0.753
3,5,1.157
3,5,0.939
3,5,1.726
3,5,1.12
3,5,0.189
3,5,0.967
3,5,1.422
3,5,0.283
3,5,0.841
3,5,0.512
3,5,1.467
3,5,0.615
3,5,0.674
3,5,0.943
3,6,0.508
3,6,0.442
3,6,0.804
3,6,0.243
3,6,1.711
3,6,0.591
3,6,0.289
3,6,0.677
3,6,0.024
3,6,0.072
3,6,1.371
3,6,1.305
3,6,1.101
3,6,1.045
3,6,0.548
3,6,0.883
3,6,0.604
3,6,0.724
3,6,1.026
3,6,1.401
3,6,0.97
3,6,0.657
3,6,0.885
3,6,1.061
3,6,0.794
3,6,0.168
3,6,1.244
3,6,0.971
3,6,0.561
3,6,0.207
3,6,0.614
3,6,1.264
3,7,0.446
3,7,1.207
3,7,1.219
3,7,0.808
3,7,0.978
3,7,0.846
3,7,0.024
3,7,0.957
3,7,1.176
3,7,1.284
3,7,0.173
3,7,0.464
3,7,1.716
3,7,0.528
3,7,0.456
3,7,0.454
3,7,0.551
3,7,0.549
3,7,0.763
3,7,0.553
3,7,1.177
3,7,0.41
3,7,1.41
3,7,0.827
3,7,0.429
3,7,0.668
3,7,0.543
3,7,0.451
3,7,0.506
3,7,0.665
3,7,0.519
3,7,0.009
3,8,1.154
3,8,0.747
3,8,0.709
3,8,1.586
3,8,0.145
3,8,0.709
3,8,0.196
3,8,0.217
3,8,1.165
3,8,1.248
3,8,0.861
3,8,0.921
3,8,0.488
3,8,0.203
3,8,0.041
3,8,0.653
3,8,1.25
3,8,0.54
3,8,0.765
3,8,0.41
3,8,0.424
3,8,1.25
3,8,0.635
3,8,0.977
3,8,0.357
3,8,0.378
3,8,1.607
3,8,0.398
3,9,0.489
3,9,1.121
3,9,0.874
3,9,0.785
3,9,0.491
3,9,0.81
3,9,0.292
3,9,1.184
3,9,1.166
3,9,0.11
3,9,0.575
3,9,0.295
3,9,0.582
3,9,1.748
3,9,0.858
3,9,0.518
3,9,0.998
3,9,0.734
3,9,0.989
3,9,1.082
3,9,0.563
3,9,0.635
3,9,0.404
3,9,1.683
3,9,0.87
3,9,0.773
3,9,0.718
3,9,0.124
3,9,0.622
3,10,0.025
3,10,0.05
3,10,0.471
3,10,0.44
3,10,0.518
3,10,0.393
3,10,0.849
3,10,0.047
3,10,0.153
3,10,0.173
3,10,1.023
3,10,0.644
3,10,1.164
3,10,0.039
3,10,0.667
3,10,0.073
3,10,1.293
3,10,0.032
3,10,0.317
3,10,1.169
3,10,0.944
3,10,0.622
3,10,0.95
3,10,0.038
3,10,0.939
3,10,0.407
3,10,0.911
3,10,1.078
3,10,0.483
3,11,0.449
3,11,0.699
3,11,0.751
3,11,0.23
3,11,0.408
3,11,0.032
3,11,1.014
3,11,0.027
3,11,0.055
3,11,0.068
3,11,0.399
3,11,0.044
3,11,1.192
3,11,1.083
3,11,0.341
3,11,0.648
3,11,0.877
3,11,0.457
3,11,1.074
3,11,0.889
3,11,1.01
3,11,0.684
3,11,0.196
3,11,0.81
3,11,0.552
3,11,0.39
3,11,0.355
3,11,0.053
3,11,0.655
3,11,0.741
3,12,0.492
3,12,0.799
3,12,0.811
3,12,0.028
3,12,0.66
3,12,0.117
3,12,0.378
3,12,0.452
3,12,1.229
3,12,0.034
3,12,0.634
3,12,0.058
3,12,0.443
3,12,0.223
3,12,0.64
3,12,0.052
3,12,0.416
3,12,0.892
3,12,1.089
3,12,0.084
3,12,0.061
3,12,0.694
3,12,0.644
3,12,0.546
3,12,1.49
3,12,0.436
3,12,1.241
3,12,0.895
3,12,0.197
3,12,0.102
3,12,0.054
3,13,1.504
3,13,0.12
3,13,0.655
3,13,0.08
3,13,0.526
3,13,0.084
3,13,0.053
3,13,0.164
3,13,1.063
3,13,0.033
3,13,0.517
3,13,0.604
3,13,0.071
3,13,0.691
3,13,1.006
3,13,0.266
3,13,0.037
3,13,0.684
3,13,0.094
3,13,0.316
3,13,0.481
3,13,0.656
3,13,0.214
3,13,0.92
3,13,0.897
3,13,0.655
3,13,0.503
3,13,0.097
3,13,0.916
3,13,0.652
3,13,0.978
3,13,0.048
3,13,0.073
3,13,1.168
3,13,0.051
3,13,0.267
3,13,0.04
3,14,0.869
3,14,0.81
3,14,0.392
3,14,0.25
3,14,1.09
3,14,0.531
3,14,0.164
3,14,0.066
3,14,0.056
3,14,0.466
3,14,0.046
3,14,0.311
3,14,0.022
3,14,0.286
3,14,0.836
3,14,0.811
3,14,0.426
3,14,0.727
3,14,0.019
3,14,0.06
3,14,0.295
3,14,0.451
3,14,1.067
3,14,0.734
3,14,1.02
3,14,0.335
3,14,0.324
3,14,1.086
3,15,0.444
3,15,0.628
3,15,0.019
3,15,1.044
3,15,0.582
3,15,0.333
3,15,0.071
3,15,0.661
3,15,0.073
3,15,0.245
3,15,0.612
3,15,0.633
3,15,0.775
3,15,0.047
3,15,0.654
3,15,1.458
3,15,0.03
3,15,1.213
3,15,0.069
3,15,0.5
3,15,0.42
3,15,1.145
3,15,0.811
3,15,0.034
3,15,0.245
3,15,0.189
3,15,0.877
3,15,1.262
3,15,0.221
3,15,0.473
3,15,0.051
3,15,1.027
3,15,0.966
3,15,0.482
3,16,0.554
3,16,0.654
3,16,0.187
3,16,0.1
3,16,0.309
3,16,0.509
3,16,0.662
3,16,0.146
3,16,0.236
3,16,0.091
3,16,1.038
3,16,0.037
3,16,1.114
3,16,1.142
3,16,0.05
3,16,0.208
3,16,0.59
3,16,0.717
3,16,0.599
3,16,1.35
3,16,0.928
3,16,0.521
3,16,0.432
3,16,0.022
3,16,0.106
3,16,0.016
3,16,0.112
3,16,0.308
3,16,0.383
3,16,0.919
3,16,0.076
3,16,0.05
3,17,0.539
3,17,1.077
3,17,0.08
3,17,0.437
3,17,0.709
3,17,0.07
3,17,0.088
3,17,0.284
3,17,0.836
3,17,0.118
3,17,1.116
3,17,0.545
3,17,0.068
3,17,0.385
3,17,0.832
3,17,0.886
3,17,0.63
3,17,1.126
3,17,0.101
3,17,0.653
3,17,0.006
3,17,0.03
3,17,0.337
3,17,0.708
3,17,0.398
3,17,0.536
3,17,0.405
3,17,0.653
3,17,0.036
3,17,0.101
3,17,0.309
3,17,0.122
3,17,0.402
3,17,0.474
3,17,0.425
3,18,0.032
3,18,0.309
3,18,0.671
3,18,0.543
3,18,0.203
3,18,0.062
3,18,0.185
3,18,0.559
3,18,0.834
3,18,0.036
3,18,0.369
3,18,0.013
3,18,0.791
3,18,0.143
3,18,0.06
3,18,0.435
3,18,0.437
3,18,0.088
3,18,0.021
3,18,0.843
3,18,0.747
3,18,0.217
3,18,0.279
3,18,0.252
3,18,0.642
3,18,0.366
3,18,0.493
3,18,0.048
3,18,0.049
3,19,0.299
3,19,0.101
3,19,0.154
3,19,0.028
3,19,1.031
3,19,0.458
3,19,0.427
3,19,0.502
3,19,1.049
3,19,0.778
3,19,0.593
3,19,0.06
3,19,0.466
3,19,0.371
3,19,0.363
3,19,0.046
3,19,0.084
3,19,0.559
3,19,0.711
3,19,0.692
3,19,0.37
3,19,1.047
3,19,0.723
3,19,0.161
3,19,0.098
3,19,1.364
3,19,0.031
3,19,0.651
3,19,0.154
3,19,0.183
3,19,0.457
3,19,0.261
3,19,0.025
3,20,0.616
3,20,0.154
3,20,0.195
3,20,0.022
3,20,0.282
3,20,0.796
3,20,0.496
3,20,0.669
3,20,0.504
3,20,0.039
3,20,0.883
3,20,0.082
3,20,0.095
3,20,1.092
3,20,0.494
3,20,0.513
3,20,0.533
3,20,0.586
3,20,0.17
3,20,0.914
3,20,0.362
3,20,0.717
3,20,0.738
3,20,0.817
3,20,0.764
3,20,0.033
3,20,0.422
3,20,1.475
3,20,0.826
3,20,0.687
3,20,0.811
3,20,0.601
3,21,0.58
3,21,0.494
3,21,0.61
3,21,0.509
3,21,0.347
3,21,0.446
3,21,0.295
3,21,0.699
3,21,0.48
3,21,0.057
3,21,0.376
3,21,0.666
3,21,0.079
3,21,0.588
3,21,1.49
3,21,0.686
3,21,0.504
3,21,0.501
3,21,0.049
3,21,0.343
3,21,0.541
3,21,0.251
3,21,0.94
3,21,0.675
3,21,0.09
3,21,0.701
3,22,0.047
3,22,0.673
3,22,0.407
3,22,0.227
3,22,0.036
3,22,0.081
3,22,0.09
3,22,0.888
3,22,0.077
3,22,0.832
3,22,0.389
3,22,1.294
3,22,0.842
3,22,0.05
3,22,0.673
3,22,0.015
3,22,0.623
3,22,0.047
3,22,0.421
3,22,0.164
3,22,0.718
3,22,0.046
3,22,0.632
3,22,0.317
3,22,0.116
3,22,1.176
3,22,1.061
3,22,1.149
3,23,0.095
3,23,0.068
3,23,0.576
3,23,1.111
3,23,0.53
3,23,0.077
3,23,0.058
3,23,0.479
3,23,0.531
3,23,1.077
3,23,0.081
3,23,0.32
3,23,0.453
3,23,0.518
3,23,0.975
3,23,0.338
3,23,0.397
3,23,0.061
3,23,0.054
3,23,0.617
3,23,0.068
3,23,1.501
3,23,0.345
3,23,0.524
3,23,0.507
3,23,1.306
3,23,1.788
3,23,0.864
3,23,0.034
3,23,0.764
3,23,0.131
3,24,0.5
3,24,0.241
3,24,0.616
3,24,0.306
3,24,0.525
3,24,0.347
3,24,0.296
3,24,0.489
3,24,0.132
3,24,1.036
3,24,0.127
3,24,0.33
3,24,0.431
3,24,0.821
3,24,1.12
3,24,0.049
3,24,0.794
3,24,0.127
3,24,1.037
3,24,0.894
3,24,0.643
3,24,0.139
3,24,0.329
3,25,0.53
3,25,0.45
3,25,0.701
3,25,0.029
3,25,0.026
3,25,0.534
3,25,0.193
3,25,0.028
3,25,0.517
3,25,0.451
3,25,0.036
3,25,0.341
3,25,0.038
3,25,0.529
3,25,0.91
3,25,0.093
3,25,0.336
3,25,0.129
3,25,0.061
3,25,0.397
3,25,0.668
3,25,0.559
3,25,0.549
3,25,0.384
3,25,0.04
3,25,0.02
3,25,0.013
3,26,0.017
3,26,0.041
3,26,0.025
3,26,0.533
3,26,0.787
3,26,0.581
3,26,0.043
3,26,0.028
3,26,1.479
3,26,0.443
3,26,0.418
3,26,0.406
3,26,0.08
3,26,0.661
3,26,0.061
3,26,0.308
3,26,0.016
3,26,0.821
3,26,0.583
3,26,0.65
3,26,0.02
3,26,0.124
3,26,0.424
3,26,0.033
3,26,0.084
3,26,0.09
3,26,0.251
3,27,0.614
3,27,0.074
3,27,1.365
3,27,0.467
3,27,0.558
3,27,0.535
3,27,0.091
3,27,0.088
3,27,0.183
3,27,0.294
3,27,0.736
3,27,0.411
3,27,0.332
3,27,0.02
3,27,0.757
3,27,0.073
3,27,0.679
3,27,0.048
3,27,0.152
3,27,0.724
3,27,0.046
3,27,0.088
3,28,0.038
3,28,0.023
3,28,0.837
3,28,1.253
3,28,0.345
3,28,0.056
3,28,0.048
3,28,0.47
3,28,1.54
3,28,0.282
3,28,0.036
3,28,0.472
3,28,0.05
3,28,0.586
3,28,0.964
3,28,0.214
3,28,0.033
3,28,0.091
3,28,0.273
3,28,0.032
3,28,0.071
3,28,0.686
3,28,1.117
3,28,0.176
3,28,0.644
3,28,0.527
3,28,0.114
3,28,0.019
3,28,0.014
3,28,0.06
3,29,0.307
3,29,0.366
3,29,0.495
3,29,0.129
3,29,0.13
3,29,0.612
3,29,0.836
3,29,0.383
3,29,1.026
3,29,0.133
3,29,0.04
3,29,0.47
3,29,0.059
3,29,0.102
3,29,0.408
3,29,0.65
3,29,0.008
3,29,0.173
3,29,0.911
3,29,0.078
3,29,0.052
3,29,0.334
3,29,0.838
3,29,0.781
3,29,0.058
3,29,0.066
3,29,0.091
3,29,0.006
3,29,0.03
3,30,0.038
3,30,0.132
3,30,0.03
3,30,0.535
3,30,0.055
3,30,0.065
3,30,0.481
3,30,0.748
3,30,1.525
3,30,0.371
3,30,0.524
3,30,0.064
3,30,0.262
3,30,0.079
3,30,0.061
3,30,0.258
3,30,0.845
3,30,0.067
3,30,0.044
3,30,0.326
3,30,0.089
3,30,0.064
3,30,0.029
3,30,0.056
3,30,0.05
3,30,0.917
3,30,0.083
3,30,0.285
3,30,1.303
4,1,0.951
4,1,0.784
4,1,0.98
4,1,1.248
4,1,2.128
4,1,0.94
4,1,1.34
4,1,2.262
4,1,0.142
4,1,1.777
4,1,1.189
4,1,0.189
4,1,0.857
4,1,0.43
4,1,0.51
4,1,0.531
4,1,1.353
4,1,0.885
4,1,0.665
4,1,0.42
4,1,0.597
4,1,0.915
4,1,1.251
4,1,0.95
4,1,1.204
4,1,0.895
4,1,0.987
4,1,1.708
4,1,1.04
4,1,1.584
4,1,1.208
4,1,0.748
4,1,1.89
4,1,0.93
4,1,0.589
4,1,1.155
4,1,1.02
4,1,1.203
4,1,1.378
4,1,0.758
4,1,1.025
4,2,0.768
4,2,0.351
4,2,0.482
4,2,1.524
4,2,1.784
4,2,1.117
4,2,1.668
4,2,0.591
4,2,0.679
4,2,0.944
4,2,0.789
4,2,0.55
4,2,1.105
4,2,0.986
4,2,0.887
4,2,0.803
4,2,0.444
4,2,1.119
4,2,1.016
4,2,0.917
4,2,0.958
4,2,0.695
4,2,0.492
4,2,1.481
4,2,0.807
4,2,0.6
4,2,1.219
4,2,0.324
4,2,0.938
4,2,0.756
4,2,1.472
4,2,0.305
4,2,1.404
4,2,1.347
4,2,1.054
4,2,1.357
4,2,0.042
4,2,1.38
4,2,0.307
4,2,0.553
4,3,0.725
4,3,0.637
4,3,1.598
4,3,0.009
4,3,0.997
4,3,0.279
4,3,0.278
4,3,0.883
4,3,0.982
4,3,0.83
4,3,0.738
4,3,0.484
4,3,0.742
4,3,1.762
4,3,0.457
4,3,1.904
4,3,0.748
4,3,0.968
4,3,1.554
4,3,0.982
4,3,0.027
4,3,1.453
4,3,0.729
4,3,1.041
4,3,0.395
4,3,0.264
4,3,0.844
4,3,0.937
4,3,1.545
4,3,0.795
4,3,1.35
4,4,0.045
4,4,1.204
4,4,0.666
4,4,0.651
4,4,0.586
4,4,1.039
4,4,0.769
4,4,0.517
4,4,1.285
4,4,1.008
4,4,1.595
4,4,0.072
4,4,2.535
4,4,1.183
4,4,0.593
4,4,0.99
4,4,1.485
4,4,2.283
4,4,0.825
4,4,1.074
4,4,1.155
4,4,0.944
4,4,0.11
4,4,0.591
4,4,1.105
4,4,2.229
4,4,1.529
4,4,1.826
4,4,0.152
4,4,1.289
4,5,1.115
4,5,0.135
4,5,0.433
4,5,0.185
4,5,0.807
4,5,0.498
4,5,0.502
4,5,1.138
4,5,0.659
4,5,0.671
4,5,2.002
4,5,0.251
4,5,0.496
4,5,0.974
4,5,0.069
4,5,0.587
4,5,0.077
4,5,0.587
4,5,1.119
4,5,1.924
4,5,0.405
4,5,0.842
4,5,1.344
4,5,1.214
4,5,1.575
4,5,1.487
4,5,1.03
4,5,1.087
4,5,0.694
4,5,0.958
4,5,1.389
4,5,0.602
4,5,1.62
4,6,0.969
4,6,0.119
4,6,1.115
4,6,0.47
4,6,1.346
4,6,0.826
4,6,0.394
4,6,0.056
4,6,0.286
4,6,0.556
4,6,0.031
4,6,1.135
4,6,2.419
4,6,0.023
4,6,1.144
4,6,1.469
4,6,1.179
4,6,1.1
4,6,1.069
4,6,0.049
4,6,0.805
4,6,0.115
4,6,0.651
4,6,0.466
4,6,0.613
4,6,0.339
4,6,0.431
4,6,0.644
4,6,1.343
4,6,0.099
4,6,1.023
4,6,1.807
4,6,0.662
4,7,0.935
4,7,1.146
4,7,1.302
4,7,1.462
4,7,0.837
4,7,0.379
4,7,0.113
4,7,0.014
4,7,0.345
4,7,1.3
4,7,1.511
4,7,0.761
4,7,0.451
4,7,0.725
4,7,1.43
4,7,1.187
4,7,0.454
4,7,1.53
4,7,0.379
4,7,0.492
4,7,0.813
4,7,1.675
4,7,0.491
4,7,0.041
4,7,0.543
4,7,0.653
4,7,1.006
4,7,0.043
4,7,0.936
4,7,1.087
4,7,2.275
4,7,1.091
4,7,1.011
4,7,0.794
4,7,0.128
4,7,1.091
4,7,1.684
4,7,1.681
4,7,0.746
4,7,0.275
4,8,1.295
4,8,1.404
4,8,1.231
4,8,0.56
4,8,0.032
4,8,1.177
4,8,0.413
4,8,0.223
4,8,0.576
4,8,0.902
4,8,0.46
4,8,0.366
4,8,0.077
4,8,0.404
4,8,0.039
4,8,0.681
4,8,0.463
4,8,0.513
4,8,1.438
4,8,0.041
4,8,0.846
4,8,0.852
4,8,0.391
4,8,0.8
4,8,0.556
4,8,0.313
4,8,0.181
4,8,1.065
4,8,0.276
4,8,0.387
4,8,0.392
4,8,0.01
4,9,0.981
4,9,0.249
4,9,0.661
4,9,0.079
4,9,0.066
4,9,0.135
4,9,0.86
4,9,0.429
4,9,0.529
4,9,0.067
4,9,1.162
4,9,0.267
4,9,0.592
4,9,0.577
4,9,1.442
4,9,1.931
4,9,0.758
4,9,0.105
4,9,0.78
4,9,0.366
4,9,0.061
4,9,0.217
4,9,1.153
4,9,0.172
4,9,1.131
4,9,0.071
4,9,0.994
4,9,1.539
4,9,0.086
4,9,0.535
4,9,0.061
4,9,0.319
4,9,0.318
4,9,0.024
4,9,0.446
4,9,1.147
4,9,0.127
4,9,0.076
4,9,0.648
4,9,0.546
4,9,0.06
4,9,0.879
4,10,0.836
4,10,0.912
4,10,1.809
4,10,0.329
4,10,0.026
4,10,0.657
4,10,0.37
4,10,0.091
4,10,0.593
4,10,1.012
4,10,0.098
4,10,0.632
4,10,0.054
4,10,0.841
4,10,1.66
4,10,0.128
4,10,1.392
4,10,0.283
4,10,1.874
4,10,0.817
4,10,0.919
4,10,1.122
4,10,0.292
4,10,0.577
4,10,0.94
4,10,0.457
4,10,0.231
4,10,0.122
4,10,1.68
4,10,0.263
4,10,0.274
4,10,0.068
4,10,1.155
4,10,1.461
4,10,0.055
4,10,0.484
4,10,1.203
4,10,0.569
4,10,0.767
4,10,1.185
4,10,0.071
4,10,0.572
4,10,1.227
4,10,0.036
4,10,0.122
4,11,1.754
4,11,0.972
4,11,0.054
4,11,0.291
4,11,0.021
4,11,0.734
4,11,0.27
4,11,0.238
4,11,0.445
4,11,0.059
4,11,0.481
4,11,0.868
4,11,1.627
4,11,1.337
4,11,1.263
4,11,0.838
4,11,0.878
4,11,0.901
4,11,0.332
4,11,0.093
4,11,0.069
4,11,1.015
4,11,1.365
4,11,0.805
4,11,0.62
4,11,0.491
4,11,1.063
4,11,0.016
4,11,1.041
4,11,1.075
4,11,0.04
4,11,0.915
4,11,2.303
4,11,1.443
4,11,0.036
4,11,0.715
4,11,0.059
4,11,0.038
4,11,1.624
4,11,0.755
4,11,0.401
4,11,0.012
4,12,1.143
4,12,0.542
4,12,1.225
4,12,0.638
4,12,0.035
4,12,0.938
4,12,0.033
4,12,1.829
4,12,0.299
4,12,0.879
4,12,1.412
4,12,0.431
4,12,0.854
4,12,0.087
4,12,0.176
4,12,0.378
4,12,0.01
4,12,1.1
4,12,1.173
4,12,0.08
4,12,0.802
4,12,0.976
4,12,1.672
4,12,0.076
4,12,0.618
4,12,1.736
4,12,0.168
4,12,0.041
4,12,1.086
4,12,0.052
4,12,1.569
4,12,0.347
4,12,0.034
4,12,0.525
4,12,0.671
4,12,1.164
4,12,0.403
4,12,0.603
4,12,0.296
4,13,0.344
4,13,1.595
4,13,1.155
4,13,0.044
4,13,1.791
4,13,0.041
4,13,0.566
4,13,0.432
4,13,1.807
4,13,0.015
4,13,0.087
4,13,0.411
4,13,0.136
4,13,0.091
4,13,0.546
4,13,0.14
4,13,0.235
4,13,0.087
4,13,0.477
4,13,0.563
4,13,0.03
4,13,0.08
4,13,0.169
4,13,0.033
4,13,1.09
4,13,0.612
4,13,0.072
4,13,0.078
4,13,0.321
4,13,0.059
4,13,0.06
4,13,0.631
4,13,0.458
4,13,0.361
4,14,1.048
4,14,0.245
4,14,0.536
4,14,0.129
4,14,1.337
4,14,0.841
4,14,0.723
4,14,0.253
4,14,0.056
4,14,0.886
4,14,0.443
4,14,0.304
4,14,1.52
4,14,0.033
4,14,1.222
4,14,0.34
4,14,0.544
4,14,0.529
4,14,0.793
4,14,0.052
4,14,1.08
4,14,1.101
4,14,1.079
4,14,1.027
4,14,0.189
4,14,0.473
4,14,1.008
4,14,0.238
4,14,1.112
4,14,0.101
4,14,0.308
4,14,0.372
4,14,1.301
4,15,0.746
4,15,0.886
4,15,1.325
4,15,2.036
4,15,0.573
4,15,1.39
4,15,0.394
4,15,1.094
4,15,0.009
4,15,0.621
4,15,0.103
4,15,0.668
4,15,0.14
4,15,0.667
4,15,0.051
4,15,0.096
4,15,0.922
4,15,0.232
4,15,0.069
4,15,0.847
4,15,0.533
4,15,0.012
4,15,1.115
4,15,0.36
4,15,1.325
4,15,0.458
4,15,0.025
4,15,0.835
4,15,0.572
4,15,0.707
4,15,0.167
4,15,0.038
4,15,1.045
4,15,0.105
4,15,0.03
4,15,0.918
4,15,0.947
4,15,0.65
4,16,0.681
4,16,0.414
4,16,0.091
4,16,0.853
4,16,0.91
4,16,0.054
4,16,0.565
4,16,0.034
4,16,1.028
4,16,0.012
4,16,0.583
4,16,0.054
4,16,0.023
4,16,0.044
4,16,0.856
4,16,0.124
4,16,0.105
4,16,0.024
4,16,1.209
4,16,1.279
4,16,0.661
4,16,0.494
4,16,0.482
4,16,0.098
4,16,0.547
4,16,0.074
4,16,0.023
4,16,0.964
4,16,1.325
4,16,0.531
4,16,1.396
4,16,0.07
4,16,0.091
4,16,1.515
4,16,0.935
4,16,0.241
4,16,0.065
4,17,0.919
4,17,0.898
4,17,0.068
4,17,0.086
4,17,0.397
4,17,0.6
4,17,0.018
4,17,1.479
4,17,0.327
4,17,0.059
4,17,0.568
4,17,1.184
4,17,1.617
4,17,0.189
4,17,0.814
4,17,0.824
4,17,0.458
4,17,0.803
4,17,0.711
4,17,0.386
4,17,0.636
4,17,0.65
4,17,0.872
4,17,1.073
4,17,0.529
4,17,0.392
4,17,1.005
4,17,0.583
4,17,0.898
4,17,0.071
4,17,0.426
4,17,0.444
4,17,0.078
4,17,0.566
4,17,0.93
4,17,0.064
4,17,0.541
4,17,1.065
4,17,0.966
4,17,0.028
4,17,1.157
4,18,0.435
4,18,0.042
4,18,0.461
4,18,1.216
4,18,0.625
4,18,0.056
4,18,0.045
4,18,1.021
4,18,0.125
4,18,0.887
4,18,1.416
4,18,0.762
4,18,0.35
4,18,0.93
4,18,0.086
4,18,0.388
4,18,0.083
4,18,0.559
4,18,0.562
4,18,1.342
4,18,0.017
4,18,0.013
4,18,0.457
4,18,0.091
4,18,0.692
4,18,0.839
4,18,0.423
4,18,0.252
4,18,0.14
4,18,1.163
4,19,0.055
4,19,0.392
4,19,1.122
4,19,0.373
4,19,0.541
4,19,0.228
4,19,0.339
4,19,0.122
4,19,0.403
4,19,0.308
4,19,0.167
4,19,0.583
4,19,0.08
4,19,0.177
4,19,0.695
4,19,0.569
4,19,0.425
4,19,0.014
4,19,0.057
4,19,1.613
4,19,0.567
4,19,0.949
4,19,0.199
4,19,0.666
4,19,0.525
4,20,0.389
4,20,1.957
4,20,0.343
4,20,0.455
4,20,0.617
4,20,0.45
4,20,0.382
4,20,0.859
4,20,0.612
4,20,0.743
4,20,0.018
4,20,0.362
4,20,0.941
4,20,0.321
4,20,0.567
4,20,0.316
4,20,1.305
4,20,0.605
4,20,1.133
4,20,0.418
4,20,1.809
4,20,0.821
4,20,0.06
4,20,0.669
4,20,0.598
4,21,0.344
4,21,0.272
4,21,0.021
4,21,0.052
4,21,0.559
4,21,0.731
4,21,0.818
4,21,0.48
4,21,0.057
4,21,0.592
4,21,0.56
4,21,0.012
4,21,1.06
4,21,0.026
4,21,0.057
4,21,0.629
4,21,0.079
4,21,0.297
4,21,0.044
4,21,0.598
4,21,0.017
4,21,1.185
4,21,0.367
4,21,0.084
4,21,0.5
4,21,0.979
4,21,0.728
4,21,0.041
4,21,0.715
4,21,1.127
4,21,0.187
4,21,0.087
4,21,0.106
4,21,0.925
4,22,0.032
4,22,0.348
4,22,0.48
4,22,0.514
4,22,0.413
4,22,0.32
4,22,0.415
4,22,0.052
4,22,0.302
4,22,1.027
4,22,0.051
4,22,0.041
4,22,0.477
4,22,0.913
4,22,0.577
4,22,0.709
4,22,1.21
4,22,0.53
4,22,1.191
4,22,0.071
4,22,0.114
4,22,1.872
4,22,0.411
4,22,0.111
4,22,0.018
4,22,1.397
4,22,0.082
4,22,0.015
4,22,0.022
4,22,1.072
4,23,0.056
4,23,0.41
4,23,0.272
4,23,0.051
4,23,0.068
4,23,0.078
4,23,0.025
4,23,0.048
4,23,0.225
4,23,0.539
4,23,0.16
4,23,0.526
4,23,1.124
4,23,0.061
4,23,0.174
4,23,0.725
4,23,0.272
4,23,0.333
4,23,0.053
4,23,0.795
4,23,1.138
4,23,0.223
4,23,0.031
4,23,1.436
4,23,0.732
4,23,0.543
4,23,0.121
4,23,0.088
4,23,0.254
4,23,0.6
4,23,0.535
4,24,0.012
4,24,0.039
4,24,0.434
4,24,0.023
4,24,0.482
4,24,1.038
4,24,0.058
4,24,0.075
4,24,0.068
4,24,0.69
4,24,0.048
4,24,1.148
4,24,0.904
4,24,0.04
4,24,0.061
4,24,0.901
4,24,0.91
4,24,0.087
4,24,0.685
4,24,0.085
4,24,0.057
4,24,0.041
4,24,0.33
4,24,0.425
4,24,0.196
4,24,0.222
4,24,0.476
4,24,0.627
4,24,0.031
4,24,0.203
4,24,0.813
4,25,0.114
4,25,0.827
4,25,1.822
4,25,0.46
4,25,0.695
4,25,0.225
4,25,0.072
4,25,0.61
4,25,0.073
4,25,0.281
4,25,0.779
4,25,0.822
4,25,0.432
4,25,0.49
4,25,0.749
4,25,0.017
4,25,0.395
4,25,1.141
4,25,0.338
4,25,0.919
4,25,0.067
4,25,0.01
4,25,0.064
4,26,0.065
4,26,1.299
4,26,0.523
4,26,0.813
4,26,0.079
4,26,0.851
4,26,0.051
4,26,0.732
4,26,0.127
4,26,1.326
4,26,0.051
4,26,0.113
4,26,0.382
4,26,1.051
4,26,0.972
4,26,0.041
4,26,1.265
4,26,0.235
4,26,0.335
4,26,1.25
4,26,0.703
4,26,0.079
4,26,0.99
4,26,1.236
4,26,0.111
4,26,0.123
4,26,0.986
4,26,0.041
4,26,0.082
4,27,0.064
4,27,0.022
4,27,0.347
4,27,0.04
4,27,0.612
4,27,0.256
4,27,1.171
4,27,0.719
4,27,0.073
4,27,0.009
4,27,0.929
4,27,0.731
4,27,0.714
4,27,0.602
4,27,0.785
4,27,0.08
4,27,0.418
4,27,0.066
4,27,0.038
4,27,0.827
4,27,0.031
4,27,0.11
4,27,0.017
4,27,0.386
4,27,0.637
4,27,0.507
4,27,1.306
4,27,0.933
4,27,0.057
4,27,0.03
4,27,0.578
4,27,0.483
4,27,0.344
4,27,1.247
4,27,0.106
4,27,0.131
4,28,0.53
4,28,1.332
4,28,0.089
4,28,0.653
4,28,0.085
4,28,0.047
4,28,0.05
4,28,0.503
4,28,0.785
4,28,1.015
4,28,0.437
4,28,0.046
4,28,0.477
4,28,0.076
4,28,0.828
4,28,0.019
4,28,0.039
4,28,0.045
4,28,0.091
4,28,0.354
4,28,0.012
4,28,1.831
4,28,0.744
4,28,0.047
4,28,0.917
4,28,1.1
4,28,0.092
4,28,1.055
4,28,0.195
4,29,0.043
4,29,0.076
4,29,0.651
4,29,0.045
4,29,0.183
4,29,0.32
4,29,0.519
4,29,1.114
4,29,0.223
4,29,1.344
4,29,0.907
4,29,1.856
4,29,0.1
4,29,0.43
4,29,0.026
4,29,0.622
4,29,0.058
4,29,0.054
4,29,0.072
4,29,0.8
4,29,0.744
4,29,0.064
4,29,0.054
4,29,0.766
4,29,0.018
4,29,0.014
4,29,0.08
4,29,0.121
4,29,0.76
4,30,0.581
4,30,0.05
4,30,0.028
4,30,0.906
4,30,1.1
4,30,0.492
4,30,0.052
4,30,0.014
4,30,0.578
4,30,0.131
4,30,0.091
4,30,0.285
4,30,0.497
4,30,0.52
4,30,1.097
4,30,0.084
4,30,0.494
4,30,0.02
4,30,0.754
4,30,0.101
4,30,0.25
4,30,0.012
4,30,0.021
4,30,1.214
4,30,0.097
4,30,0.046
4,30,0.783
4,30,0.051
4,30,1.513
4,30,0.031
4,30,0.086
4,30,0.107
