1,1,0.984
1,1,1.57
1,1,1.067
1,1,0.813
1,1,1.509
1,1,0.949
1,1,0.834
1,1,1.151
1,2,1.271
1,2,1.262
1,2,1.099
1,2,1.764
1,2,1.329
1,2,2.098
1,2,1.21
1,2,0.883
1,3,1.106
1,3,1.349
1,3,1.555
1,3,0.882
1,3,0.853
1,3,0.862
1,3,0.969
1,3,0.852
1,4,0.87
1,4,1.132
1,4,1.487
1,4,0.924
1,4,1.009
1,4,0.587
1,4,0.292
1,5,0.737
1,5,0.918
1,5,0.943
1,5,0.783
1,5,1.187
1,5,0.501
1,5,0.512
1,5,0.282
1,5,0.401
1,5,1.423
1,6,0.643
1,6,1.72
1,6,0.587
1,6,0.122
1,6,0.667
1,6,0.121
1,6,0.596
1,6,0.392
1,6,0.093
1,7,0.282
1,7,0.889
1,7,0.586
1,7,0.072
1,7,0.609
1,7,0.373
1,7,0.258
1,7,0.133
1,7,0.348
1,7,1.264
1,8,0.961
1,8,0.733
1,8,0.578
1,8,0.445
1,8,0.964
1,8,0.666
1,8,0.394
1,8,0.775
1,9,0.879
1,9,0.401
1,9,0.41
1,9,0.553
1,9,1.17
1,9,0.413
1,10,1.521
1,10,0.858
1,10,0.407
1,10,1.213
1,10,0.083
1,10,0.224
1,10,0.93
1,10,0.097
1,11,0.655
1,11,0.615
1,11,0.964
1,11,0.169
1,11,0.169
1,11,0.727
1,11,1.294
1,11,0.428
1,11,0.279
1,12,0.111
1,12,0.009
1,12,0.147
1,12,0.254
1,12,0.008
1,12,0.821
1,12,0.03
1,12,0.353
1,12,0.286
1,12,0.005
1,12,0.629
1,13,0.697
1,13,0.149
1,13,0.379
1,13,0.081
1,13,0.544
1,13,1.094
1,13,0.328
1,13,0.2
1,13,0.847
1,13,0.027
1,13,0.024
1,13,0.927
1,13,0.345
1,14,0.208
1,14,0.182
1,14,0.017
1,14,1
1,14,0.093
1,14,1.203
1,14,0.076
1,14,0.016
1,14,0.102
1,14,0.602
1,14,0.514
1,15,0.016
1,15,1.013
1,15,0.038
1,15,0.448
1,15,0.989
1,15,0.935
1,15,0.167
1,15,0.489
1,16,0.584
1,16,0.97
1,16,0.095
1,16,0.552
1,16,0.215
1,16,0.032
1,16,0.02
1,17,0.127
1,17,0.018
1,17,0.478
1,17,0.435
1,17,0.387
1,17,0.289
1,17,0.191
1,17,0.089
1,17,0.021
1,18,0.107
1,18,0.475
1,18,0.016
1,18,1.144
1,18,1.136
1,18,0.135
1,18,0.534
1,18,0.156
1,18,0.627
1,19,0.034
1,19,0.019
1,19,0.67
1,19,0.348
1,19,0.455
1,19,0.037
1,19,0.438
1,19,0.023
1,19,0.07
1,19,0.51
1,19,0.073
1,19,1.27
1,19,0.035
1,19,0.365
1,19,0.008
1,20,0.057
1,20,0.76
1,20,0.514
1,20,0.734
1,20,0.351
1,20,0.117
1,20,0.169
1,20,0.026
1,20,0.011
1,20,0.023
1,20,0.921
1,20,0.169
1,21,0.601
1,21,0.008
1,21,0.201
1,21,0.228
1,22,0.039
1,22,0.049
1,22,0.015
1,22,0.045
1,22,0.175
1,22,0.083
1,22,0.75
1,22,0.257
1,22,0.318
1,22,0.021
1,23,0.442
1,23,0.049
1,23,0.111
1,23,0.428
1,23,0.287
1,23,1.107
1,24,0.084
1,24,0.054
1,24,0.009
1,24,0.015
1,24,0.378
1,24,0.058
1,24,0.034
1,24,0.485
1,24,0.323
1,25,0.5
1,25,0.213
1,25,0.272
1,25,0.053
1,25,0.769
1,25,0.103
1,25,0.03
1,25,0.225
1,25,0.073
1,25,0.106
1,26,0.161
1,26,0.185
1,26,0.182
1,26,0.032
1,26,0.301
1,26,0.393
1,26,0.18
1,26,0.068
1,26,0.103
1,27,0.019
1,27,0.008
1,27,0.009
1,27,0.046
1,27,0.061
1,27,0.024
1,27,0.097
1,27,0.028
1,27,0.277
1,27,0.071
1,28,0.034
1,28,0.071
1,28,0.344
1,28,0.036
1,28,0.014
1,28,0.194
1,28,0.05
1,28,0.171
1,28,0.032
1,29,0.056
1,29,0.016
1,29,0.234
1,29,0.017
1,29,0.018
1,29,0.114
1,30,0.026
1,30,0.151
1,30,0.381
1,30,0.028
2,1,1.927
2,1,1.649
2,1,0.783
2,1,1.515
2,1,2.07
2,1,1.454
2,1,0.745
2,1,1.056
2,1,0.522
2,1,0.862
2,1,1.111
2,1,1.776
2,1,1.516
2,1,1.212
2,1,1.652
2,1,0.025
2,1,0.678
2,1,1.424
2,1,1.833
2,1,1.174
2,1,1.688
2,1,1.072
2,1,1.036
2,2,1.343
2,2,1.664
2,2,1.306
2,2,1.585
2,2,0.306
2,2,1.134
2,2,0.76
2,2,1.049
2,2,0.614
2,2,1.993
2,2,0.585
2,2,1.745
2,2,1.018
2,2,1.687
2,2,0.659
2,2,1.923
2,2,1.33
2,2,0.633
2,3,1.076
2,3,1.193
2,3,1.793
2,3,1.04
2,3,1.083
2,3,0.968
2,3,0.951
2,3,1.031
2,3,0.623
2,3,0.188
2,3,1.033
2,3,1.01
2,3,1.695
2,3,1.102
2,3,0.52
2,3,0.911
2,3,0.958
2,3,1.235
2,3,0.817
2,3,1.323
2,3,1.142
2,3,0.402
2,4,0.935
2,4,1.198
2,4,1.191
2,4,0.468
2,4,0.748
2,4,0.86
2,4,0.572
2,4,0.689
2,4,1.399
2,4,1.062
2,4,0.932
2,4,0.533
2,4,1.046
2,4,0.886
2,4,0.693
2,4,0.561
2,4,0.313
2,4,0.837
2,5,0.365
2,5,0.815
2,5,0.397
2,5,0.657
2,5,1.099
2,5,0.866
2,5,1.155
2,5,0.104
2,5,0.877
2,5,0.118
2,5,1.302
2,5,1.323
2,5,0.508
2,5,0.619
2,5,1.076
2,5,0.074
2,5,1.484
2,6,0.816
2,6,0.539
2,6,1.454
2,6,0.272
2,6,0.268
2,6,0.348
2,6,1.183
2,6,0.878
2,6,0.932
2,6,0.734
2,6,0.529
2,6,1.143
2,6,1.041
2,6,1.27
2,6,0.129
2,6,1.391
2,6,0.794
2,6,0.75
2,6,1.08
2,6,1.002
2,7,0.058
2,7,0.876
2,7,1.393
2,7,1.012
2,7,1.203
2,7,0.82
2,7,1.133
2,7,0.487
2,7,0.769
2,7,0.946
2,7,0.503
2,7,0.923
2,7,0.46
2,7,1.141
2,7,0.311
2,7,0.989
2,7,0.762
2,7,1.018
2,7,0.759
2,7,1.247
2,7,0.246
2,7,0.25
2,7,0.201
2,7,0.149
2,8,0.936
2,8,0.454
2,8,0.767
2,8,0.825
2,8,1.052
2,8,0.63
2,8,1.196
2,8,0.691
2,8,0.074
2,8,0.458
2,8,0.512
2,8,0.778
2,8,0.051
2,8,0.018
2,8,1.032
2,8,1.074
2,8,1.08
2,8,1.386
2,8,0.476
2,8,0.57
2,8,0.235
2,8,0.04
2,8,0.356
2,8,0.116
2,9,0.482
2,9,0.651
2,9,0.977
2,9,0.98
2,9,0.786
2,9,1.264
2,9,0.093
2,9,0.332
2,9,0.848
2,9,0.587
2,9,0.47
2,9,0.899
2,9,0.213
2,9,0.517
2,9,0.094
2,9,1.11
2,9,0.419
2,9,0.815
2,9,0.144
2,9,0.513
2,9,0.766
2,9,0.063
2,9,0.371
2,10,0.743
2,10,0.738
2,10,0.092
2,10,0.582
2,10,0.083
2,10,1.113
2,10,0.757
2,10,1.38
2,10,0.064
2,10,0.049
2,10,0.455
2,10,0.487
2,10,0.012
2,10,0.21
2,10,0.081
2,10,1.115
2,10,0.096
2,10,0.046
2,10,0.009
2,10,0.591
2,11,0.73
2,11,0.788
2,11,1.115
2,11,0.614
2,11,0.517
2,11,0.021
2,11,0.741
2,11,0.001
2,11,0.048
2,11,0.52
2,11,0.97
2,11,1.035
2,11,0.379
2,11,0.298
2,11,0.057
2,11,0.193
2,11,0.927
2,11,1.216
2,11,0.048
2,11,0.24
2,12,0.6
2,12,1.141
2,12,1.114
2,12,0.011
2,12,0.361
2,12,1.07
2,12,0.425
2,12,0.016
2,12,0.102
2,12,0.084
2,12,0.041
2,12,0.862
2,12,0.595
2,12,0.254
2,12,0.973
2,12,0.033
2,12,0.052
2,12,0.049
2,12,0.067
2,12,0.965
2,13,0.987
2,13,0.89
2,13,1.488
2,13,0.096
2,13,0.214
2,13,0.055
2,13,1.108
2,13,0.578
2,13,0.014
2,13,0.725
2,13,1.069
2,13,0.09
2,13,0.039
2,13,0.79
2,13,0.857
2,13,0.481
2,14,0.907
2,14,0.12
2,14,0.929
2,14,0.076
2,14,0.079
2,14,0.328
2,14,0.103
2,14,1.023
2,14,0.109
2,14,0.012
2,14,0.69
2,14,0.545
2,14,0.005
2,14,0.086
2,14,0.092
2,14,0.552
2,14,1.149
2,14,0.013
2,14,0.008
2,14,0.066
2,15,0.372
2,15,0.171
2,15,1.099
2,15,1.856
2,15,0.232
2,15,0.061
2,15,0.037
2,15,0.155
2,15,0.072
2,15,0.989
2,15,0.085
2,15,0.23
2,15,0.864
2,15,0.061
2,15,0.846
2,15,0.008
2,15,1.029
2,15,0.446
2,15,0.544
2,15,0.029
2,15,0.699
2,15,0.34
2,15,0.071
2,16,1.159
2,16,0.695
2,16,0.021
2,16,0.958
2,16,0.733
2,16,0.017
2,16,0.106
2,16,1.15
2,16,0.051
2,16,0.208
2,16,0.099
2,16,0.007
2,16,0.049
2,16,0.193
2,16,0.661
2,16,0.921
2,16,0.03
2,17,0.091
2,17,0.134
2,17,1.054
2,17,1.524
2,17,0.083
2,17,0.164
2,17,1.045
2,17,0.877
2,17,0.101
2,17,0.126
2,17,0.071
2,17,0.358
2,17,0.348
2,17,0.148
2,18,0.243
2,18,0.029
2,18,0.011
2,18,0.709
2,18,0.043
2,18,0.316
2,18,0.012
2,18,1.339
2,18,0.223
2,18,0.027
2,18,0.011
2,18,0.446
2,18,0.68
2,18,0.53
2,18,1.071
2,18,0.012
2,19,0.033
2,19,0.013
2,19,1.312
2,19,0.211
2,19,0.023
2,19,0.115
2,19,0.542
2,19,0.191
2,19,0.07
2,19,0.048
2,19,0.015
2,19,0.005
2,19,0.038
2,19,0.008
2,19,0.124
2,19,0.419
2,19,0.25
2,19,0.021
2,19,0.102
2,19,0.337
2,20,0.017
2,20,0.028
2,20,0.781
2,20,0.05
2,20,1.01
2,20,0.048
2,20,0.635
2,20,0.014
2,20,0.071
2,20,0.035
2,20,0.041
2,20,0.386
2,20,0.005
2,20,0.255
2,20,0.897
2,21,0.571
2,21,0.009
2,21,0.37
2,21,0.754
2,21,0.988
2,21,0.047
2,21,0.027
2,21,0.616
2,21,0.339
2,21,0.066
2,22,1.128
2,22,0.096
2,22,0.056
2,22,0.02
2,22,0.09
2,22,0.031
2,22,0.699
2,23,0.081
2,23,0.013
2,23,0.075
2,23,0.037
2,23,0.477
2,23,0.123
2,23,0.441
2,23,0.057
2,23,0.087
2,23,0.649
2,23,0.074
2,24,0.107
2,24,0.596
2,24,0.23
2,24,0.17
2,24,0.055
2,25,0.308
2,25,0.082
2,25,0.383
2,25,0.036
2,25,0.173
2,25,0.035
2,25,0.041
2,25,0.08
2,25,0.013
2,25,0.573
2,25,0.302
2,25,0.13
2,26,0.036
2,26,0.016
2,26,0.226
2,26,1.05
2,26,0.169
2,26,0.116
2,26,0.053
2,26,0.382
2,26,0.112
2,26,0.444
2,26,0.011
2,26,0.34
2,27,0.023
2,27,0.058
2,27,0.269
2,27,0.928
2,27,0.186
2,27,0.078
2,27,0.063
2,27,0.016
2,27,0.478
2,27,0.115
2,27,0.062
2,27,0.022
2,27,0.008
2,28,0.045
2,28,0.611
2,28,0.076
2,28,0.1
2,28,0.011
2,29,0.042
2,29,0.013
2,29,0.058
2,29,0.384
2,29,0.032
2,29,0.392
2,29,0.017
2,29,0.024
2,29,0.144
2,29,0.521
2,30,0.05
2,30,0.741
2,30,0.028
2,30,0.045
2,30,0.005
2,30,0.186
2,30,0.865
2,30,0.142
2,30,0.035
2,30,0.278
2,30,0.053
2,30,0.053
2,30,0.055
2,30,0.426
3,1,0.274
3,1,0.999
3,1,0.604
3,1,0.682
3,1,0.892
3,1,0.914
3,1,0.702
3,1,0.443
3,1,0.503
3,1,0.475
3,1,0.759
3,1,0.719
3,1,2.049
3,1,1.589
3,1,1.033
3,1,0.01
3,1,1.411
3,1,0.331
3,1,0.6
3,1,1.083
3,1,0.675
3,1,1.527
3,1,0.767
3,1,0.938
3,2,0.369
3,2,0.943
3,2,0.626
3,2,0.636
3,2,0.691
3,2,0.66
3,2,1.207
3,2,1.467
3,2,0.203
3,2,0.593
3,2,0.383
3,2,0.776
3,2,1.263
3,2,0.595
3,2,0.32
3,2,0.736
3,2,0.689
3,2,1.132
3,2,1.393
3,3,0.59
3,3,1.298
3,3,0.66
3,3,0.622
3,3,1.085
3,3,0.778
3,3,0.739
3,3,0.621
3,3,0.097
3,3,0.678
3,3,1.057
3,3,0.883
3,3,1.482
3,3,0.808
3,3,0.376
3,3,0.11
3,3,1.021
3,3,0.058
3,3,0.114
3,3,0.411
3,3,1.146
3,3,0.691
3,3,0.749
3,3,0.566
3,4,1.296
3,4,0.922
3,4,0.826
3,4,0.457
3,4,0.007
3,4,0.81
3,4,0.982
3,4,1.265
3,4,0.775
3,4,0.228
3,4,1.177
3,4,0.824
3,4,0.724
3,4,0.489
3,4,0.969
3,4,0.669
3,4,0.371
3,4,1.24
3,5,0.868
3,5,1.415
3,5,0.271
3,5,0.681
3,5,0.158
3,5,0.827
3,5,1.19
3,5,1.587
3,5,0.421
3,5,0.709
3,5,0.513
3,5,0.681
3,5,0.562
3,5,0.093
3,5,0.528
3,5,0.019
3,5,0.691
3,5,0.823
3,5,0.645
3,5,0.017
3,5,0.964
3,5,0.735
3,5,0.765
3,5,0.023
3,6,0.024
3,6,0.774
3,6,0.483
3,6,0.798
3,6,0.954
3,6,0.833
3,6,0.034
3,6,0.297
3,6,0.729
3,6,0.48
3,6,0.854
3,6,0.107
3,6,0.9
3,6,0.579
3,6,0.714
3,6,0.491
3,6,0.922
3,6,0.563
3,6,0.286
3,6,0.694
3,6,0.031
3,6,0.356
3,6,0.044
3,6,0.512
3,6,0.015
3,7,1.071
3,7,0.033
3,7,0.092
3,7,0.103
3,7,1.338
3,7,0.571
3,7,0.674
3,7,0.032
3,7,0.021
3,7,0.088
3,7,0.767
3,7,0.766
3,7,1.284
3,7,0.785
3,7,1.139
3,7,0.43
3,7,0.895
3,7,0.52
3,7,1.081
3,7,0.026
3,7,0.667
3,7,0.112
3,7,0.956
3,7,0.858
3,7,0.768
3,7,0.052
3,8,0.488
3,8,0.113
3,8,0.234
3,8,0.039
3,8,0.275
3,8,0.736
3,8,0.853
3,8,0.199
3,8,0.01
3,8,0.604
3,8,0.317
3,8,0.761
3,8,0.094
3,8,0.028
3,8,0.355
3,8,0.051
3,8,0.094
3,8,0.036
3,8,0.318
3,8,0.835
3,8,0.625
3,8,1.082
3,9,0.834
3,9,0.158
3,9,1.527
3,9,0.04
3,9,0.474
3,9,1.022
3,9,0.498
3,9,0.794
3,9,0.047
3,9,0.076
3,9,0.222
3,9,0.016
3,9,0.17
3,9,0.944
3,9,0.113
3,9,0.084
3,9,0.072
3,9,0.226
3,10,0.011
3,10,0.755
3,10,0.056
3,10,1.504
3,10,0.675
3,10,0.289
3,10,0.648
3,10,0.028
3,10,0.476
3,10,0.043
3,10,0.588
3,10,0.507
3,10,0.712
3,10,0.043
3,10,0.309
3,10,0.037
3,10,0.602
3,10,0.483
3,10,0.047
3,11,0.326
3,11,0.04
3,11,0.679
3,11,0.873
3,11,0.719
3,11,1.022
3,11,0.515
3,11,0.473
3,11,0.024
3,11,0.858
3,11,0.05
3,11,0.043
3,11,1.007
3,11,0.079
3,11,0.085
3,11,0.012
3,11,0.113
3,11,0.56
3,11,0.52
3,11,0.737
3,11,0.008
3,11,0.132
3,11,0.867
3,11,0.432
3,11,0.044
3,12,0.061
3,12,0.321
3,12,0.205
3,12,0.061
3,12,0.516
3,12,0.057
3,12,0.537
3,12,0.061
3,12,0.95
3,12,0.013
3,12,0.996
3,12,0.411
3,12,0.015
3,12,1.022
3,12,0.54
3,12,0.687
3,12,0.13
3,12,1.19
3,12,0.948
3,12,0.303
3,12,0.723
3,13,0.077
3,13,0.862
3,13,0.026
3,13,0.774
3,13,0.752
3,13,0.01
3,13,0.038
3,13,0.021
3,13,0.012
3,13,0.042
3,13,0.198
3,13,0.96
3,13,0.249
3,13,0.027
3,13,0.192
3,13,0.606
3,13,0.041
3,13,0.593
3,13,0.097
3,13,0.023
3,13,0.52
3,13,0.63
3,13,0.644
3,13,0.043
3,13,0.271
3,14,0.02
3,14,1.137
3,14,0.4
3,14,0.038
3,14,0.232
3,14,0.512
3,14,0.914
3,14,0.104
3,14,0.833
3,14,0.013
3,14,0.42
3,14,0.068
3,14,0.261
3,14,0.208
3,14,0.845
3,14,0.015
3,14,0.4
3,14,0.088
3,14,0.453
3,14,0.018
3,14,0.324
3,15,0.023
3,15,0.068
3,15,0.697
3,15,0.102
3,15,0.835
3,15,0.798
3,15,0.028
3,15,0.048
3,15,0.243
3,15,0.299
3,15,0.175
3,15,0.807
3,15,0.019
3,15,0.862
3,15,0.235
3,15,0.616
3,15,0.043
3,15,0.613
3,15,0.523
3,16,1.12
3,16,0.068
3,16,0.089
3,16,0.071
3,16,0.082
3,16,0.023
3,16,0.01
3,16,0.842
3,16,0.041
3,16,0.154
3,16,0.02
3,16,0.025
3,16,0.504
3,16,0.726
3,16,0.035
3,16,0.051
3,16,0.759
3,16,1.257
3,16,0.078
3,17,0.028
3,17,0.191
3,17,0.024
3,17,0.363
3,17,1.009
3,17,0.007
3,17,0.082
3,17,0.252
3,17,0.724
3,17,0.049
3,17,0.06
3,17,0.182
3,17,0.008
3,17,0.022
3,17,0.182
3,17,0.405
3,17,0.106
3,17,1.719
3,17,0.006
3,17,0.648
3,17,0.149
3,17,0.004
3,18,0.514
3,18,0.013
3,18,0.393
3,18,0.02
3,18,0.108
3,18,0.345
3,18,0.091
3,18,0.435
3,18,0.099
3,18,0.939
3,18,0.39
3,18,0.04
3,18,0.013
3,18,0.042
3,18,0.099
3,18,0.063
3,18,0.009
3,18,0.07
3,19,0.673
3,19,0.213
3,19,0.297
3,19,0.034
3,19,0.918
3,19,0.019
3,19,0.316
3,19,1.05
3,19,1.336
3,19,0.096
3,19,0.047
3,19,1.901
3,19,0.068
3,19,0.62
3,19,0.011
3,19,0.013
3,19,0.013
3,19,0.696
3,19,0.369
3,19,0.016
3,19,0.069
3,20,0.038
3,20,0.951
3,20,0.212
3,20,0.026
3,20,0.869
3,20,0.048
3,20,0.833
3,20,0.019
3,20,0.254
3,20,1.025
3,20,0.047
3,20,0.042
3,20,0.924
3,20,0.39
3,20,0.262
3,20,0.43
3,20,0.372
3,20,0.024
3,20,0.063
3,21,0.08
3,21,0.028
3,21,0.219
3,21,0.263
3,21,0.039
3,21,0.115
3,21,0.034
3,21,0.046
3,21,0.471
3,21,0.051
3,21,0.112
3,21,0.01
3,21,0.024
3,21,0.018
3,21,0.12
3,21,0.21
3,21,0.041
3,21,0.023
3,21,0.157
3,21,0.031
3,22,0.981
3,22,0.46
3,22,0.245
3,22,0.385
3,22,0.796
3,22,0.499
3,22,0.899
3,22,0.04
3,22,0.033
3,22,0.805
3,22,0.048
3,22,0.685
3,22,0.026
3,22,0.401
3,22,0.322
3,22,0.315
3,22,0.83
3,22,0.059
3,22,0.979
3,22,0.705
3,22,1.031
3,23,0.029
3,23,0.643
3,23,0.416
3,23,1.148
3,23,0.051
3,23,0.015
3,23,0.095
3,23,0.089
3,23,0.011
3,23,0.026
3,23,0.009
3,23,0.162
3,23,0.21
3,23,0.06
3,23,0.005
3,23,0.437
3,23,0.181
3,23,0.071
3,23,0.535
3,23,0.036
3,23,0.021
3,24,0.014
3,24,0.115
3,24,0.011
3,24,0.024
3,24,0.009
3,24,0.033
3,24,0.036
3,24,0.012
3,24,0.008
3,24,0.023
3,24,0.142
3,24,0.076
3,24,1.031
3,24,0.181
3,24,0.075
3,24,0.087
3,24,0.271
3,25,0.591
3,25,0.552
3,25,0.569
3,25,0.587
3,25,0.034
3,25,0.202
3,25,0.836
3,25,0.035
3,25,0.576
3,25,0.006
3,25,0.337
3,25,0.012
3,25,0.1
3,25,0.44
3,25,0.802
3,25,0.047
3,25,0.017
3,25,0.018
3,25,0.026
3,25,0.008
3,25,0.333
3,25,0.034
3,26,0.636
3,26,0.024
3,26,0.074
3,26,0.052
3,26,0.028
3,26,0.601
3,26,0.019
3,26,0.475
3,26,0.021
3,26,0.017
3,26,0.581
3,26,0.224
3,26,0.069
3,26,0.015
3,26,0.012
3,26,0.014
3,26,0.024
3,26,0.155
3,27,0.456
3,27,0.845
3,27,0.022
3,27,0.026
3,27,1.012
3,27,0.28
3,27,0.766
3,27,0.233
3,27,0.533
3,27,0.051
3,27,0.012
3,27,0.029
3,27,0.114
3,27,0.03
3,27,0.02
3,27,0.446
3,27,0.041
3,27,0.006
3,27,0.012
3,27,0.379
3,28,0.004
3,28,0.507
3,28,0.03
3,28,0.877
3,28,0.401
3,28,0.075
3,28,0.023
3,28,0.51
3,28,0.029
3,28,0.013
3,28,0.801
3,28,0.36
3,28,0.021
3,28,0.237
3,28,0.031
3,28,0.239
3,28,0.016
3,29,0.032
3,29,0.026
3,29,0.015
3,29,0.493
3,29,0.05
3,29,0.718
3,29,0.012
3,29,0.644
3,29,0.017
3,29,0.036
3,29,1.111
3,29,0.037
3,29,0.127
3,29,0.052
3,29,0.029
3,29,0.273
3,29,1.219
3,29,0.011
3,29,0.035
3,30,0.013
3,30,0.052
3,30,0.468
3,30,0.036
3,30,0.88
3,30,0.32
3,30,0.004
3,30,0.551
3,30,0.163
3,30,0.865
3,30,0.114
3,30,0.058
3,30,0.037
3,30,0.352
3,30,0.061
3,30,0.017
3,30,0.016
3,30,0.018
4,1,1.32
4,1,1.398
4,1,1.221
4,1,1.134
4,1,0.861
4,1,1.222
4,1,0.752
4,1,0.712
4,1,0.656
4,1,0.847
4,1,0.622
4,1,0.938
4,1,1.609
4,1,0.216
4,1,1.522
4,1,1.345
4,1,0.83
4,1,0.647
4,1,1.066
4,1,1.14
4,2,0.604
4,2,0.732
4,2,0.86
4,2,0.911
4,2,1.462
4,2,0.281
4,2,0.371
4,2,1.009
4,2,0.142
4,2,1.446
4,2,0.485
4,2,1.337
4,2,0.521
4,2,0.82
4,2,0.109
4,2,0.457
4,2,0.674
4,2,0.562
4,3,1.446
4,3,0.516
4,3,1.314
4,3,0.762
4,3,1.103
4,3,1.036
4,3,0.864
4,3,0.82
4,3,0.67
4,3,1.003
4,3,1.024
4,3,0.667
4,3,0.67
4,4,1.111
4,4,0.619
4,4,1.083
4,4,0.819
4,4,0.789
4,4,1.173
4,4,1.068
4,4,0.196
4,4,1.107
4,4,0.715
4,4,0.334
4,4,0.369
4,4,0.425
4,4,0.421
4,5,0.707
4,5,0.626
4,5,0.457
4,5,0.608
4,5,0.049
4,5,0.86
4,5,0.296
4,5,0.348
4,5,0.064
4,5,0.103
4,5,0.522
4,5,1.055
4,5,1.018
4,5,0.171
4,5,0.647
4,5,0.914
4,5,0.39
4,6,0.708
4,6,0.483
4,6,0.845
4,6,0.57
4,6,1.158
4,6,0.437
4,6,0.332
4,6,0.032
4,6,1.281
4,6,0.548
4,6,0.3
4,6,0.41
4,6,0.281
4,6,0.028
4,6,0.161
4,6,0.089
4,6,1.226
4,6,0.532
4,7,1.295
4,7,0.036
4,7,0.792
4,7,0.356
4,7,0.054
4,7,0.364
4,7,0.673
4,7,1.212
4,7,0.162
4,7,0.816
4,7,0.192
4,7,0.766
4,7,0.077
4,7,0.02
4,7,0.359
4,7,0.681
4,7,0.28
4,8,0.284
4,8,0.364
4,8,0.26
4,8,0.043
4,8,0.062
4,8,0.794
4,8,0.357
4,8,0.804
4,8,1.182
4,8,0.259
4,8,0.094
4,8,0.052
4,8,0.708
4,8,0.498
4,8,0.031
4,8,1.056
4,8,0.36
4,8,0.753
4,9,0.048
4,9,0.532
4,9,0.017
4,9,0.063
4,9,0.784
4,9,0.375
4,9,0.051
4,9,0.129
4,9,0.773
4,9,0.081
4,9,0.038
4,9,0.81
4,9,0.22
4,9,0.974
4,9,0.928
4,9,0.199
4,9,0.916
4,9,0.214
4,10,0.857
4,10,0.581
4,10,0.101
4,10,0.419
4,10,0.585
4,10,0.54
4,10,0.792
4,10,0.197
4,10,0.045
4,10,0.583
4,10,0.293
4,10,0.011
4,10,0.453
4,10,0.659
4,10,0.137
4,11,0.964
4,11,0.026
4,11,0.099
4,11,1.059
4,11,0.831
4,11,0.678
4,11,0.088
4,11,0.76
4,11,0.055
4,11,0.031
4,11,0.444
4,11,0.735
4,11,0.149
4,11,0.229
4,11,0.067
4,11,0.174
4,11,0.356
4,11,0.056
4,12,0.064
4,12,0.314
4,12,0.688
4,12,0.792
4,12,0.342
4,12,0.187
4,12,0.013
4,12,0.048
4,12,0.057
4,12,0.108
4,12,1.001
4,12,0.123
4,12,0.808
4,12,0.036
4,12,0.183
4,12,0.556
4,12,0.067
4,12,0.154
4,12,0.307
4,13,0.829
4,13,0.086
4,13,0.146
4,13,0.139
4,13,0.76
4,13,0.051
4,13,0.024
4,13,0.026
4,13,0.632
4,13,0.878
4,13,0.87
4,13,0.614
4,13,0.474
4,13,0.011
4,13,0.033
4,14,0.497
4,14,0.057
4,14,0.027
4,14,0.494
4,14,0.238
4,14,0.037
4,14,0.037
4,14,0.482
4,14,0.108
4,14,0.031
4,14,0.068
4,14,0.119
4,15,0.032
4,15,0.097
4,15,0.029
4,15,0.045
4,15,0.098
4,15,0.071
4,15,0.017
4,15,0.729
4,15,0.039
4,15,0.046
4,15,0.722
4,15,0.45
4,16,0.949
4,16,0.078
4,16,0.66
4,16,0.279
4,16,0.921
4,16,0.029
4,16,0.048
4,16,0.07
4,16,0.049
4,16,0.656
4,16,0.303
4,16,0.36
4,16,0.041
4,17,0.461
4,17,0.769
4,17,0.78
4,17,0.394
4,17,0.235
4,17,0.043
4,17,0.063
4,17,0.327
4,17,0.391
4,17,0.626
4,17,1.016
4,17,0.021
4,18,0.889
4,18,0.036
4,18,0.025
4,18,0.268
4,18,0.827
4,19,0.045
4,19,0.016
4,19,0.666
4,19,0.446
4,19,0.037
4,19,0.111
4,19,0.473
4,19,0.125
4,19,0.08
4,19,0.015
4,19,0.069
4,20,0.042
4,20,0.394
4,20,0.753
4,20,0.05
4,20,0.052
4,20,0.047
4,20,0.236
4,20,0.017
4,20,0.07
4,20,0.157
4,20,0.034
4,20,0.022
4,21,0.026
4,21,0.819
4,21,0.018
4,21,0.559
4,21,0.04
4,21,0.477
4,21,0.815
4,21,0.053
4,21,0.021
4,21,0.093
4,21,0.174
4,21,0.608
4,22,0.022
4,22,0.793
4,22,0.537
4,22,0.021
4,22,0.078
4,22,0.033
4,22,0.347
4,22,0.382
4,22,0.59
4,22,0.025
4,22,0.414
4,22,0.012
4,22,0.075
4,23,0.437
4,23,0.036
4,23,1.064
4,23,0.049
4,23,0.046
4,23,0.021
4,23,0.104
4,23,0.249
4,23,0.016
4,23,0.035
4,23,0.158
4,23,0.541
4,23,0.028
4,24,0.486
4,24,0.041
4,24,0.045
4,24,0.048
4,24,0.307
4,24,0.31
4,24,0.062
4,24,0.018
4,24,0.087
4,24,1.054
4,25,0.127
4,25,0.129
4,25,0.647
4,25,0.201
4,25,0.072
4,25,0.045
4,25,0.044
4,25,0.017
4,25,0.315
4,25,0.234
4,25,0.022
4,25,0.059
4,26,0.015
4,26,0.055
4,26,0.14
4,26,0.863
4,26,0.031
4,26,0.018
4,26,0.008
4,26,0.034
4,27,0.082
4,27,0.029
4,27,0.051
4,27,0.13
4,27,0.041
4,27,0.023
4,27,0.71
4,27,0.031
4,27,0.074
4,28,0.604
4,28,0.283
4,28,0.066
4,28,0.047
4,28,1.253
4,28,0.034
4,28,0.471
4,28,0.016
4,28,0.091
4,28,0.729
4,28,0.015
4,28,0.101
4,28,0.035
4,28,0.317
4,29,0.066
4,29,0.226
4,29,0.044
4,29,0.177
4,29,0.149
4,29,0.284
4,29,0.475
4,29,0.05
4,29,0.493
4,29,0.055
4,29,0.068
4,29,0.738
4,30,0.068
4,30,0.013
4,30,0.043
4,30,0.041
4,30,0.101
4,30,1.23
4,30,0.32
4,30,0.032
4,30,0.035
4,30,1.058
4,30,0.02
5,1,1.286
5,1,0.776
5,1,0.65
5,1,2.238
5,1,1.18
5,1,1.078
5,1,1.106
5,1,0.909
5,1,0.185
5,1,0.94
5,1,0.743
5,1,1.081
5,1,0.813
5,1,0.743
5,1,0.296
5,1,0.825
5,1,1.292
5,1,1.284
5,1,0.575
5,1,0.879
5,1,0.307
5,1,1.318
5,1,1.553
5,1,0.623
5,1,0.863
5,1,0.739
5,2,0.783
5,2,0.01
5,2,0.468
5,2,1.173
5,2,1.762
5,2,1.866
5,2,1.538
5,2,1.473
5,2,0.555
5,2,1.69
5,2,1.368
5,2,0.787
5,2,0.556
5,2,1.447
5,2,0.883
5,2,0.79
5,2,1.056
5,2,0.549
5,2,1.671
5,2,1.552
5,2,0.731
5,2,1.687
5,2,0.715
5,2,1.739
5,2,0.92
5,2,1.033
5,3,0.749
5,3,0.769
5,3,0.871
5,3,1.389
5,3,1.14
5,3,0.763
5,3,0.421
5,3,1.112
5,3,0.184
5,3,1.107
5,3,0.904
5,3,0.668
5,3,0.996
5,3,0.191
5,3,0.494
5,3,1.851
5,3,1.106
5,3,1.219
5,3,0.762
5,3,0.964
5,3,0.72
5,3,1.822
5,3,1.451
5,3,0.661
5,4,1.467
5,4,1.06
5,4,0.999
5,4,1.185
5,4,1.186
5,4,0.333
5,4,0.717
5,4,1.025
5,4,0.372
5,4,0.502
5,4,0.715
5,4,0.958
5,4,0.447
5,4,1.511
5,4,1.185
5,4,1.096
5,4,0.883
5,4,0.873
5,4,0.061
5,4,0.77
5,4,0.447
5,4,0.962
5,4,0.935
5,4,0.691
5,4,1.169
5,4,0.875
5,5,0.69
5,5,0.03
5,5,0.99
5,5,0.76
5,5,0.851
5,5,0.398
5,5,1.035
5,5,0.544
5,5,0.083
5,5,0.836
5,5,0.244
5,5,1.233
5,5,0.62
5,5,0.745
5,5,0.138
5,5,0.66
5,5,0.8
5,5,0.264
5,5,0.783
5,5,0.547
5,5,0.82
5,5,0.884
5,5,0.813
5,5,0.845
5,6,1.247
5,6,0.07
5,6,0.072
5,6,0.873
5,6,0.939
5,6,0.32
5,6,0.531
5,6,1.14
5,6,0.576
5,6,0.416
5,6,0.02
5,6,0.058
5,6,0.168
5,6,0.601
5,6,0.513
5,6,1.264
5,6,0.533
5,6,0.195
5,6,0.445
5,6,1.308
5,6,0.843
5,6,1.175
5,6,0.629
5,6,0.352
5,7,0.953
5,7,0.444
5,7,1.1
5,7,0.459
5,7,1.082
5,7,0.725
5,7,1.561
5,7,0.04
5,7,0.198
5,7,0.085
5,7,1.114
5,7,0.66
5,7,1.208
5,7,0.483
5,7,1.273
5,7,0.773
5,7,0.739
5,7,0.053
5,7,0.012
5,7,1.109
5,8,0.22
5,8,1.51
5,8,0.87
5,8,0.919
5,8,0.302
5,8,0.952
5,8,0.17
5,8,1.298
5,8,0.027
5,8,0.335
5,8,0.05
5,8,1.42
5,8,0.507
5,8,1.143
5,8,0.773
5,8,0.987
5,8,0.103
5,8,1.038
5,8,0.515
5,8,0.231
5,9,1.24
5,9,0.609
5,9,0.432
5,9,0.039
5,9,1
5,9,0.089
5,9,0.289
5,9,0.415
5,9,0.103
5,9,0.044
5,9,0.051
5,9,0.091
5,9,0.372
5,9,1.264
5,9,0.76
5,9,1.199
5,9,0.118
5,9,0.693
5,9,0.903
5,9,0.72
5,9,1.228
5,10,1.139
5,10,0.649
5,10,0.139
5,10,0.02
5,10,0.689
5,10,0.078
5,10,0.885
5,10,0.1
5,10,0.612
5,10,0.526
5,10,0.572
5,10,0.595
5,10,0.655
5,10,0.044
5,10,0.712
5,10,0.837
5,10,0.016
5,10,1.02
5,10,0.04
5,10,1.258
5,10,0.198
5,11,0.178
5,11,0.118
5,11,0.034
5,11,0.661
5,11,0.668
5,11,0.785
5,11,0.419
5,11,0.991
5,11,0.971
5,11,0.113
5,11,0.647
5,11,1.052
5,11,0.48
5,11,0.325
5,11,0.016
5,12,0.111
5,12,0.47
5,12,0.42
5,12,0.068
5,12,0.541
5,12,1.309
5,12,0.102
5,12,0.042
5,12,0.9
5,12,0.514
5,12,1.209
5,12,0.037
5,12,1.505
5,12,0.85
5,13,0.019
5,13,0.172
5,13,0.688
5,13,0.427
5,13,0.738
5,13,0.529
5,13,0.39
5,13,1.024
5,13,0.048
5,13,0.441
5,13,1.701
5,13,0.418
5,13,0.75
5,13,0.589
5,14,0.918
5,14,0.219
5,14,0.433
5,14,0.029
5,14,0.558
5,14,0.74
5,14,0.885
5,14,0.119
5,14,0.627
5,14,0.01
5,14,0.654
5,14,0.239
5,14,1.033
5,14,0.885
5,14,0.038
5,14,0.533
5,15,0.018
5,15,0.072
5,15,0.867
5,15,0.593
5,15,0.186
5,15,0.026
5,15,1.202
5,15,0.412
5,15,0.116
5,15,0.108
5,15,0.795
5,15,0.353
5,15,0.481
5,15,0.363
5,15,0.033
5,16,0.568
5,16,0.53
5,16,0.469
5,16,0.185
5,16,0.886
5,16,0.083
5,16,0.575
5,16,0.02
5,16,0.127
5,16,0.047
5,16,1.27
5,16,0.274
5,16,0.155
5,16,0.085
5,17,0.97
5,17,1.039
5,17,0.042
5,17,0.663
5,17,0.034
5,17,0.405
5,17,0.08
5,17,0.051
5,17,0.777
5,17,0.291
5,17,0.032
5,17,0.547
5,17,0.045
5,17,0.107
5,18,1.358
5,18,0.04
5,18,0.085
5,18,0.009
5,18,0.573
5,18,0.881
5,18,0.052
5,18,1.319
5,18,0.176
5,18,0.107
5,18,0.103
5,18,0.162
5,19,0.902
5,19,0.35
5,19,0.092
5,19,0.675
5,19,0.825
5,19,0.106
5,19,0.058
5,19,0.119
5,19,0.022
5,19,0.029
5,19,0.026
5,20,0.013
5,20,0.026
5,20,0.468
5,20,0.048
5,20,0.037
5,20,0.805
5,20,0.012
5,20,0.029
5,20,0.381
5,20,0.036
5,21,0.511
5,21,0.029
5,21,0.43
5,21,0.112
5,21,0.095
5,21,0.047
5,21,0.875
5,21,0.649
5,21,0.133
5,21,0.032
5,21,0.03
5,21,0.018
5,21,0.065
5,22,0.22
5,22,0.015
5,22,0.051
5,22,1.11
5,22,0.01
5,22,0.211
5,22,0.048
5,22,0.015
5,22,1.128
5,22,0.269
5,22,0.054
5,23,0.08
5,23,0.836
5,23,0.028
5,23,0.045
5,23,0.037
5,23,1.09
5,23,0.022
5,23,1.202
5,23,0.046
5,23,0.007
5,23,0.039
5,23,0.46
5,23,0.449
5,23,0.521
5,23,0.035
5,23,0.08
5,24,0.111
5,24,1.188
5,24,0.157
5,24,0.068
5,24,1.164
5,24,0.025
5,24,0.401
5,24,0.584
5,24,0.957
5,24,0.016
5,24,0.841
5,25,0.069
5,25,0.02
5,25,0.753
5,25,0.028
5,25,1.321
5,25,1.433
5,25,0.807
5,25,0.075
5,26,0.042
5,26,1.267
5,26,0.062
5,26,0.557
5,26,0.308
5,26,1.748
5,26,0.053
5,26,0.014
5,26,1.122
5,26,0.139
5,26,0.052
5,26,0.806
5,27,0.043
5,27,0.273
5,27,0.047
5,27,0.047
5,27,0.723
5,27,0.057
5,27,0.009
5,27,0.03
5,27,0.204
5,27,0.317
5,27,0.425
5,27,0.353
5,27,0.333
5,27,0.433
5,27,0.029
5,28,0.338
5,28,0.072
5,28,0.918
5,28,0.035
5,28,0.034
5,28,0.529
5,28,0.023
5,28,0.194
5,29,0.384
5,29,0.033
5,29,0.088
5,29,0.704
5,29,0.018
5,29,0.033
5,30,0.089
5,30,0.816
5,30,0.296
5,30,0.019
5,30,1.357
5,30,0.419
5,30,1.273
5,30,0.057
5,30,0.082
5,30,0.022
5,30,0.208
5,30,0.035
6,1,0.76
6,1,0.987
6,1,1.824
6,1,0.962
6,1,0.881
6,1,1.773
6,1,1.481
6,1,1.199
6,1,0.919
6,1,0.714
6,1,1.165
6,1,1.13
6,1,1.25
6,1,1.228
6,1,0.871
6,1,1.413
6,1,1.391
6,1,1.09
6,1,1.338
6,1,0.534
6,1,1.126
6,1,0.295
6,1,0.747
6,1,0.778
6,1,0.774
6,1,0.313
6,1,1.123
6,2,0.977
6,2,1.217
6,2,0.886
6,2,0.691
6,2,0.604
6,2,1.566
6,2,1.193
6,2,1.112
6,2,0.237
6,2,1.167
6,2,1.289
6,2,1.165
6,2,0.451
6,2,1.115
6,2,0.364
6,2,1.063
6,2,1.17
6,2,0.733
6,2,0.752
6,2,0.511
6,2,0.743
6,2,0.279
6,2,0.284
6,2,0.078
6,2,0.536
6,2,0.767
6,2,0.123
6,2,0.866
6,2,0.593
6,3,0.516
6,3,0.48
6,3,0.875
6,3,0.656
6,3,0.886
6,3,0.502
6,3,1.298
6,3,1.445
6,3,0.169
6,3,0.648
6,3,1.01
6,3,0.685
6,3,0.718
6,3,0.497
6,3,0.241
6,3,0.456
6,3,0.583
6,3,1.083
6,3,0.309
6,3,0.469
6,3,0.054
6,3,0.108
6,3,0.839
6,3,0.356
6,3,0.38
6,3,0.267
6,4,0.542
6,4,0.721
6,4,0.027
6,4,0.868
6,4,1.073
6,4,1.204
6,4,0.905
6,4,0.121
6,4,0.794
6,4,0.755
6,4,0.291
6,4,0.07
6,4,1.507
6,4,1.363
6,4,0.113
6,4,0.722
6,4,0.56
6,4,0.046
6,4,1.094
6,4,0.533
6,4,0.408
6,4,0.047
6,4,0.175
6,4,0.526
6,4,1.012
6,4,0.025
6,4,0.428
6,4,0.808
6,4,0.062
6,4,0.726
6,5,0.563
6,5,1.057
6,5,0.817
6,5,0.857
6,5,0.351
6,5,0.355
6,5,0.693
6,5,0.02
6,5,1.087
6,5,0.622
6,5,0.727
6,5,0.918
6,5,0.389
6,5,0.075
6,5,0.196
6,5,0.738
6,5,0.04
6,5,0.092
6,5,0.157
6,5,0.38
6,5,1.226
6,5,0.601
6,5,0.321
6,5,0.044
6,5,0.782
6,6,0.105
6,6,0.451
6,6,0.782
6,6,0.109
6,6,0.011
6,6,0.408
6,6,0.946
6,6,0.888
6,6,0.403
6,6,0.943
6,6,0.956
6,6,0.213
6,6,0.523
6,6,0.272
6,6,1.18
6,6,0.432
6,6,0.058
6,6,1.377
6,6,0.757
6,6,0.746
6,6,0.33
6,6,0.517
6,6,0.308
6,6,0.896
6,6,0.406
6,6,0.254
6,6,0.295
6,7,0.072
6,7,0.449
6,7,0.073
6,7,0.945
6,7,0.921
6,7,0.822
6,7,0.691
6,7,1.019
6,7,0.856
6,7,0.309
6,7,0.834
6,7,0.639
6,7,0.332
6,7,0.83
6,7,0.871
6,7,1.228
6,7,0.526
6,7,0.616
6,7,0.326
6,7,0.658
6,7,0.324
6,7,0.289
6,7,0.522
6,7,0.988
6,8,0.161
6,8,0.54
6,8,0.062
6,8,0.528
6,8,0.834
6,8,0.025
6,8,0.474
6,8,0.254
6,8,0.797
6,8,0.146
6,8,0.492
6,8,0.123
6,8,0.242
6,8,0.42
6,8,1.101
6,8,0.025
6,8,0.012
6,8,0.145
6,8,0.618
6,8,0.502
6,8,0.877
6,8,0.472
6,8,0.034
6,8,0.588
6,9,0.073
6,9,0.186
6,9,0.319
6,9,0.641
6,9,0.051
6,9,0.82
6,9,0.322
6,9,0.089
6,9,0.38
6,9,0.04
6,9,0.353
6,9,0.69
6,9,0.799
6,9,0.615
6,9,0.813
6,9,0.383
6,9,0.555
6,9,0.529
6,9,0.617
6,9,0.242
6,9,0.92
6,9,0.492
6,9,0.543
6,9,0.011
6,9,0.041
6,9,0.058
6,9,0.049
6,9,0.173
6,9,0.415
6,10,0.093
6,10,0.302
6,10,0.959
6,10,0.563
6,10,0.576
6,10,0.938
6,10,0.427
6,10,0.165
6,10,1.227
6,10,0.03
6,10,0.053
6,10,0.02
6,10,0.812
6,10,0.258
6,10,0.362
6,10,0.014
6,10,0.25
6,11,0.101
6,11,0.571
6,11,0.041
6,11,0.046
6,11,0.105
6,11,0.309
6,11,0.26
6,11,0.417
6,11,0.256
6,11,0.368
6,11,0.131
6,11,0.05
6,11,0.941
6,11,0.05
6,11,0.026
6,11,0.081
6,11,0.825
6,11,0.01
6,11,0.505
6,12,0.892
6,12,0.399
6,12,0.137
6,12,1.118
6,12,0.427
6,12,0.904
6,12,0.273
6,12,0.372
6,12,0.032
6,12,0.295
6,12,0.339
6,12,0.439
6,12,0.592
6,12,0.464
6,12,0.799
6,12,0.891
6,12,0.317
6,12,0.757
6,12,0.759
6,12,0.983
6,12,0.273
6,13,0.182
6,13,0.99
6,13,0.089
6,13,0.867
6,13,0.094
6,13,0.928
6,13,0.302
6,13,0.118
6,13,0.548
6,13,0.043
6,13,0.017
6,13,0.278
6,13,1.197
6,13,0.291
6,13,0.284
6,13,0.649
6,13,0.113
6,13,0.786
6,13,0.515
6,13,1.076
6,13,0.529
6,13,0.534
6,13,1.112
6,13,0.036
6,13,0.046
6,14,1.194
6,14,0.034
6,14,0.048
6,14,0.18
6,14,0.758
6,14,0.698
6,14,0.174
6,14,0.375
6,14,0.111
6,14,0.391
6,14,0.691
6,14,0.435
6,14,0.086
6,14,0.612
6,14,0.859
6,14,0.662
6,14,0.187
6,14,0.056
6,14,0.692
6,14,0.476
6,14,0.518
6,15,0.04
6,15,0.153
6,15,0.034
6,15,0.515
6,15,0.883
6,15,0.065
6,15,0.035
6,15,0.671
6,15,0.481
6,15,0.021
6,15,0.314
6,15,0.014
6,15,0.422
6,15,0.627
6,15,0.246
6,15,0.174
6,15,0.049
6,15,0.723
6,15,0.011
6,16,0.074
6,16,0.77
6,16,0.521
6,16,0.68
6,16,0.044
6,16,0.062
6,16,0.046
6,16,0.914
6,16,0.011
6,16,0.045
6,16,0.169
6,16,0.038
6,16,0.194
6,16,0.201
6,16,0.735
6,16,0.021
6,16,0.253
6,16,0.026
6,16,0.187
6,16,0.738
6,16,0.879
6,16,0.042
6,16,0.024
6,17,0.142
6,17,0.655
6,17,0.564
6,17,0.239
6,17,1.083
6,17,0.566
6,17,0.267
6,17,0.237
6,17,0.062
6,17,0.162
6,17,0.517
6,17,0.507
6,17,0.486
6,17,0.166
6,17,0.111
6,17,0.294
6,17,0.039
6,17,1.256
6,17,0.654
6,17,0.031
6,18,0.216
6,18,0.206
6,18,0.076
6,18,0.073
6,18,0.523
6,18,0.027
6,18,0.816
6,18,0.547
6,18,0.032
6,18,1.093
6,18,0.008
6,18,0.039
6,18,0.462
6,18,0.286
6,18,0.59
6,18,0.045
6,18,0.64
6,18,0.16
6,18,0.059
6,18,0.399
6,18,0.107
6,18,0.067
6,18,0.089
6,18,0.01
6,18,0.012
6,18,0.832
6,18,0.316
6,18,0.013
6,18,0.476
6,19,0.419
6,19,0.793
6,19,0.026
6,19,0.227
6,19,0.03
6,19,0.036
6,19,0.021
6,19,0.485
6,19,0.088
6,19,0.74
6,19,0.42
6,19,0.011
6,19,0.294
6,19,0.045
6,19,0.63
6,19,0.325
6,19,0.295
6,19,0.737
6,19,0.334
6,19,0.097
6,19,0.725
6,19,0.285
6,20,1.324
6,20,0.038
6,20,0.034
6,20,0.341
6,20,0.042
6,20,0.689
6,20,0.085
6,20,0.051
6,20,0.254
6,20,0.371
6,20,0.219
6,20,0.087
6,20,0.025
6,20,0.28
6,20,0.049
6,20,0.629
6,20,0.239
6,20,0.101
6,20,0.076
6,20,0.357
6,20,0.044
6,20,0.03
6,20,0.013
6,21,0.084
6,21,0.548
6,21,0.13
6,21,0.837
6,21,0.37
6,21,0.597
6,21,0.021
6,21,0.373
6,21,0.014
6,21,0.373
6,21,0.566
6,21,0.009
6,21,0.388
6,21,0.037
6,21,0.027
6,21,0.027
6,21,0.011
6,21,0.383
6,21,0.68
6,21,0.041
6,22,0.568
6,22,0.125
6,22,0.364
6,22,0.11
6,22,0.106
6,22,0.594
6,22,0.402
6,22,0.134
6,22,0.007
6,22,0.893
6,22,0.02
6,22,0.029
6,23,0.261
6,23,0.83
6,23,0.045
6,23,0.037
6,23,0.154
6,23,0.538
6,23,0.02
6,23,1.255
6,23,0.131
6,23,0.09
6,23,0.006
6,23,0.043
6,23,0.068
6,23,0.033
6,23,0.478
6,23,0.044
6,24,1.259
6,24,0.449
6,24,0.038
6,24,0.299
6,24,0.197
6,24,0.114
6,24,0.064
6,24,0.014
6,24,0.08
6,24,0.391
6,24,0.031
6,24,0.012
6,24,0.024
6,24,0.008
6,24,0.418
6,24,0.861
6,24,0.507
6,24,0.097
6,24,0.041
6,24,1.132
6,24,0.122
6,24,0.064
6,24,0.057
6,24,0.362
6,24,0.448
6,24,0.417
6,25,0.161
6,25,0.051
6,25,0.169
6,25,0.299
6,25,0.029
6,25,0.214
6,25,0.415
6,25,0.031
6,25,0.022
6,25,0.062
6,25,0.609
6,25,0.069
6,25,0.024
6,25,0.068
6,25,0.033
6,25,0.026
6,25,0.004
6,26,0.71
6,26,0.016
6,26,0.297
6,26,0.458
6,26,0.02
6,26,0.085
6,26,0.14
6,26,0.014
6,26,0.038
6,26,0.031
6,26,0.013
6,26,0.527
6,26,0.054
6,26,1.392
6,26,1.711
6,26,0.541
6,26,0.753
6,26,0.03
6,26,0.101
6,27,0.036
6,27,0.616
6,27,0.085
6,27,0.047
6,27,0.109
6,27,0.315
6,27,0.125
6,27,0.335
6,27,0.615
6,28,0.238
6,28,0.202
6,28,0.042
6,28,0.062
6,28,0.189
6,28,0.461
6,28,0.143
6,28,0.056
6,28,0.403
6,28,0.517
6,28,0.359
6,29,0.06
6,29,0.244
6,29,0.026
6,29,0.063
6,29,0.069
6,29,0.057
6,29,0.53
6,29,0.606
6,29,0.035
6,29,0.06
6,29,0.03
6,29,0.068
6,29,0.099
6,29,0.062
6,29,0.01
6,29,0.145
6,29,0.047
6,30,0.422
6,30,0.011
6,30,0.018
6,30,0.062
6,30,0.023
6,30,0.018
6,30,0.02
6,30,0.033
6,30,0.005
6,30,0.107
6,30,0.011
6,30,0.183
6,30,0.318
6,30,0.022
6,30,0.027
6,30,0.066
6,30,0.012
6,30,0.079
6,30,0.018
6,30,0.076
6,30,0.023
