1,1,0.673
1,1,1.533
1,1,0.905
1,1,1.191
1,1,0.816
1,1,1.067
1,1,0.979
1,1,0.73
1,1,1.043
1,1,0.898
1,1,1.23
1,1,0.544
1,1,1.282
1,1,1.033
1,1,0.6
1,1,1.118
1,2,0.447
1,2,0.986
1,2,1.071
1,2,0.573
1,2,0.527
1,2,0.433
1,3,0.017
1,3,0.906
1,3,0.55
1,3,0.313
1,3,0.327
1,3,0.395
1,3,0.35
1,3,0.431
1,3,0.394
1,3,0.687
1,3,0.589
1,3,0.126
1,4,0.399
1,4,0.166
1,4,0.386
1,4,0.161
1,4,0.445
1,5,0.074
1,5,0.497
1,5,0.287
1,5,0.355
1,5,0.08
1,5,0.723
1,5,0.356
1,5,0.508
1,6,0.07
1,6,0.528
1,6,0.226
1,6,0.593
1,6,0.661
1,7,0.342
1,7,0.057
1,7,0.339
1,7,0.703
1,7,0.183
1,7,0.453
1,7,0.404
1,7,0.438
1,7,0.472
1,7,0.04
1,7,0.419
1,7,0.149
1,8,0.027
1,8,0.023
1,8,0.01
1,8,0.713
1,8,0.368
1,8,0.516
1,8,0.149
1,8,0.282
1,8,0.009
1,8,0.023
1,8,0.273
1,8,0.349
1,8,0.07
1,8,0.028
1,8,0.477
1,8,0.134
1,9,0.322
1,9,0.017
1,9,0.005
1,9,0.788
1,9,0.208
1,9,0.289
1,9,0.024
1,9,0.016
1,9,0.013
1,9,0.01
1,9,0.364
1,9,0.35
1,9,0.622
1,9,0.193
1,9,0.009
1,9,0.02
1,9,0.01
1,10,0.195
1,10,0.47
1,10,0.36
1,10,0.145
1,10,0.243
1,10,0.414
1,11,0.036
1,11,0.034
1,11,0.558
1,11,0.183
1,11,0.256
1,11,0.172
1,12,0.008
1,12,0.025
1,12,0.019
1,12,0.011
1,12,0.219
1,12,0.4
1,12,0.019
1,12,0.008
1,12,0.04
1,12,0.027
1,12,0.38
1,12,0.284
1,12,0.015
1,12,0.006
1,12,0.57
1,13,0.017
1,13,0.015
1,13,0.028
1,13,0.342
1,13,0.012
1,13,0.124
1,13,0.031
1,13,0.246
1,13,0.031
1,13,0.242
1,13,0.129
1,13,0.227
1,14,0.56
1,14,0.606
1,14,0.213
1,14,0.079
1,14,0.056
1,14,0.057
1,14,0.227
1,14,0.353
1,14,0.148
1,15,0.274
1,15,0.524
1,15,0.3
1,15,0.154
1,15,0.372
1,15,0.336
1,15,0.075
1,16,0.019
1,16,0.103
1,16,0.157
1,16,0.007
1,16,0.025
1,16,0.171
1,16,0.006
1,16,0.28
1,16,0.04
1,16,0.018
1,16,0.009
1,17,0.422
1,17,0.029
1,17,0.276
1,17,0.324
1,17,0.018
1,17,0.012
1,17,0.411
1,17,0.462
1,17,0.007
1,17,0.31
1,17,0.093
1,17,0.013
1,18,0.141
1,18,0.017
1,18,0.066
1,18,0.013
1,18,0.119
1,18,0.24
1,19,0.02
1,19,0.118
1,19,0.028
1,19,0.221
1,19,0.137
1,19,0.464
1,19,0.215
1,19,0.383
1,19,0.02
1,19,0.036
1,19,0.164
1,19,0.354
1,19,0.04
1,19,0.137
1,19,0.198
1,20,0.115
1,20,0.01
1,20,0.292
1,20,0.539
1,20,0.13
1,20,0.027
1,20,0.357
1,20,0.194
1,20,0.781
1,20,0.027
1,20,0.162
1,20,0.007
1,20,0.035
1,21,1.669
1,21,0.415
1,21,0.333
1,21,0.278
1,21,0.526
1,21,0.008
1,21,0.262
1,21,0.232
1,21,0.022
1,21,0.484
1,21,0.694
1,22,0.128
1,22,0.257
1,22,0.348
1,22,0.279
1,22,0.358
1,22,0.033
1,23,0.263
1,23,0.012
1,23,0.034
1,23,0.367
1,23,0.165
1,23,0.011
1,23,0.647
1,23,0.375
1,23,0.499
1,23,0.097
1,23,0.022
1,23,0.187
1,23,0.02
1,23,0.309
1,23,0.007
1,23,0.006
1,23,0.151
1,23,0.446
1,23,0.013
1,24,0.117
1,24,0.331
1,24,0.21
1,24,0.108
1,24,0.03
1,24,0.016
1,24,0.068
1,24,0.024
1,24,0.206
1,24,0.016
1,24,0.013
1,24,0.149
1,25,0.155
1,25,0.681
1,25,0.284
1,25,0.017
1,25,0.082
1,25,0.11
1,26,0.046
1,26,0.301
1,26,0.342
1,26,0.139
1,26,0.014
1,26,0.351
1,26,0.103
1,26,0.109
1,27,0.48
1,27,0.394
1,27,0.455
1,27,0.241
1,27,0.189
1,27,0.454
1,28,0.049
1,28,0.197
1,28,0.299
1,28,0.256
1,28,0.15
1,28,0.833
1,28,0.065
1,28,0.455
1,28,0.352
1,28,0.02
1,28,0.171
1,29,0.246
1,29,0.269
1,29,0.158
1,30,0.229
1,30,0.385
1,30,0.031
1,30,0.157
1,30,0.054
1,30,0.21
1,30,0.414
1,30,0.36
1,30,0.018
1,30,0.454
1,30,0.012
1,30,0.075
1,30,0.033
1,30,0.448
2,1,1.119
2,1,1.162
2,1,1.971
2,1,1.153
2,1,1.875
2,1,0.402
2,1,1.507
2,1,1.059
2,1,1.11
2,1,1.018
2,1,1.467
2,1,0.742
2,1,1.273
2,1,0.618
2,1,0.917
2,1,0.898
2,1,1.195
2,1,1.168
2,1,0.793
2,1,0.886
2,1,0.124
2,2,0.916
2,2,0.603
2,2,1.124
2,2,1.392
2,2,1.02
2,2,0.915
2,2,0.543
2,2,1.862
2,2,0.991
2,2,1.411
2,2,0.812
2,2,0.763
2,2,1.003
2,2,0.767
2,2,0.883
2,2,0.163
2,2,1.439
2,2,0.752
2,2,0.964
2,2,0.388
2,2,0.402
2,3,0.605
2,3,0.619
2,3,1.292
2,3,1.471
2,3,0.889
2,3,1.215
2,3,0.134
2,3,1.311
2,3,1.282
2,3,0.798
2,3,0.445
2,3,0.589
2,3,1.108
2,3,0.804
2,3,0.55
2,3,0.518
2,3,0.855
2,3,0.593
2,4,0.069
2,4,0.294
2,4,0.657
2,4,0.258
2,4,0.766
2,4,0.212
2,4,1.21
2,4,1.033
2,4,0.458
2,4,1.349
2,4,0.016
2,4,0.57
2,4,1.196
2,4,0.73
2,4,0.705
2,4,0.819
2,4,0.473
2,4,0.273
2,4,0.354
2,4,1.271
2,5,0.296
2,5,0.658
2,5,1.197
2,5,0.557
2,5,0.104
2,5,1.142
2,5,0.472
2,5,0.948
2,5,0.038
2,5,0.014
2,5,0.475
2,5,0.95
2,5,0.528
2,5,0.012
2,5,0.169
2,5,0.299
2,5,0.373
2,6,0.181
2,6,1.064
2,6,0.349
2,6,0.864
2,6,0.25
2,6,0.495
2,6,0.162
2,6,0.47
2,6,0.534
2,6,0.156
2,6,0.328
2,6,0.329
2,6,0.082
2,7,0.213
2,7,0.855
2,7,0.263
2,7,0.778
2,7,0.646
2,7,0.715
2,7,0.012
2,7,0.749
2,7,0.441
2,7,0.582
2,7,0.085
2,7,0.538
2,7,0.246
2,7,0.09
2,7,0.014
2,7,0.515
2,7,0.069
2,7,0.519
2,7,0.083
2,8,0.783
2,8,0.254
2,8,0.417
2,8,0.132
2,8,0.198
2,8,0.73
2,8,0.287
2,8,0.483
2,8,0.012
2,8,0.013
2,8,0.305
2,8,0.26
2,8,0.533
2,8,0.01
2,8,0.006
2,8,0.287
2,8,0.525
2,8,0.633
2,8,0.143
2,9,0.322
2,9,0.875
2,9,0.979
2,9,0.62
2,9,0.191
2,9,0.593
2,9,0.031
2,9,0.247
2,9,0.599
2,9,0.447
2,9,0.008
2,9,0.537
2,9,0.188
2,9,0.551
2,9,0.697
2,9,0.476
2,9,0.006
2,9,0.269
2,10,0.818
2,10,0.636
2,10,0.319
2,10,0.593
2,10,0.167
2,10,0.421
2,10,0.02
2,10,0.02
2,10,0.41
2,10,0.256
2,10,0.387
2,10,0.279
2,10,0.505
2,10,0.049
2,10,0.5
2,10,0.012
2,10,0.024
2,10,0.11
2,10,0.98
2,10,0.127
2,11,0.288
2,11,0.255
2,11,0.354
2,11,0.374
2,11,0.542
2,11,0.418
2,11,0.125
2,11,0.086
2,12,0.231
2,12,0.044
2,12,0.339
2,12,0.601
2,12,0.1
2,12,0.174
2,12,0.353
2,12,0.449
2,13,0.338
2,13,0.217
2,13,0.2
2,13,0.632
2,13,0.029
2,13,0.342
2,13,0.017
2,13,0.37
2,13,0.811
2,13,0.032
2,13,0.014
2,13,0.012
2,13,0.306
2,13,0.123
2,13,0.197
2,13,0.369
2,13,1.151
2,13,0.705
2,14,0.471
2,14,0.333
2,14,0.215
2,14,0.588
2,14,0.02
2,14,0.017
2,14,0.268
2,14,0.013
2,14,0.77
2,14,0.376
2,14,0.305
2,14,0.012
2,14,0.466
2,14,0.909
2,14,0.509
2,14,0.141
2,14,0.141
2,14,0.019
2,14,0.006
2,14,0.004
2,14,0.466
2,15,1.038
2,15,0.122
2,15,0.634
2,15,0.177
2,15,0.022
2,15,0.007
2,15,0.009
2,15,0.455
2,15,0.38
2,15,0.038
2,15,0.016
2,15,0.008
2,15,0.012
2,15,0.272
2,15,0.011
2,15,0.843
2,15,0.085
2,15,0.274
2,15,0.026
2,15,0.32
2,16,0.549
2,16,0.8
2,16,0.025
2,16,0.026
2,16,0.241
2,16,0.765
2,16,0.026
2,16,0.211
2,16,0.035
2,16,0.014
2,16,0.919
2,16,0.579
2,16,0.148
2,16,0.008
2,16,0.025
2,16,0.643
2,17,0.698
2,17,0.344
2,17,0.051
2,17,0.092
2,17,0.012
2,17,0.164
2,17,0.436
2,17,0.378
2,17,0.016
2,17,0.543
2,17,0.013
2,17,0.018
2,17,0.609
2,17,0.151
2,17,0.21
2,17,0.011
2,17,0.096
2,17,0.011
2,17,0.016
2,17,0.313
2,18,0.292
2,18,0.111
2,18,0.478
2,18,0.117
2,18,0.107
2,18,0.058
2,18,0.078
2,18,0.23
2,18,0.384
2,19,0.533
2,19,0.038
2,19,0.502
2,19,0.014
2,19,0.35
2,19,0.074
2,19,0.274
2,19,0.522
2,19,0.379
2,19,0.229
2,19,0.516
2,19,0.054
2,19,0.125
2,19,0.301
2,19,0.015
2,19,0.436
2,19,0.183
2,19,0.35
2,19,0.374
2,20,0.25
2,20,0.455
2,20,0.017
2,20,0.109
2,20,0.688
2,20,0.285
2,20,0.504
2,20,0.022
2,20,0.218
2,20,0.234
2,20,0.073
2,20,0.031
2,20,0.011
2,20,0.58
2,20,0.263
2,20,0.013
2,20,0.419
2,20,0.957
2,21,0.227
2,21,0.164
2,21,0.037
2,21,0.095
2,21,0.331
2,21,0.348
2,21,0.273
2,21,0.591
2,21,0.18
2,21,0.08
2,21,0.174
2,21,0.197
2,21,0.015
2,21,0.077
2,21,0.478
2,21,0.22
2,21,0.028
2,21,0.55
2,21,0.453
2,21,0.243
2,22,0.365
2,22,0.24
2,22,0.125
2,22,0.148
2,22,0.473
2,22,0.371
2,22,0.051
2,22,0.658
2,22,0.43
2,22,0.102
2,22,0.212
2,22,0.135
2,23,1.006
2,23,0.013
2,23,0.168
2,23,0.005
2,23,0.01
2,23,0.014
2,23,0.021
2,23,0.278
2,23,0.009
2,23,0.014
2,23,0.011
2,23,0.436
2,23,0.006
2,23,0.518
2,23,0.465
2,23,0.224
2,23,0.436
2,23,0.192
2,24,0.446
2,24,0.435
2,24,0.137
2,24,0.065
2,24,0.229
2,24,0.319
2,24,0.169
2,25,0.349
2,25,0.436
2,25,0.522
2,25,0.02
2,25,0.147
2,25,0.04
2,25,0.417
2,25,0.019
2,25,0.145
2,25,0.513
2,25,0.037
2,25,0.417
2,25,0.057
2,25,0.074
2,26,0.076
2,26,0.266
2,26,0.066
2,26,0.357
2,26,0.21
2,26,0.654
2,26,0.017
2,26,0.158
2,27,0.433
2,27,0.183
2,27,0.346
2,27,0.025
2,27,0.268
2,27,0.221
2,27,0.424
2,27,0.031
2,27,0.312
2,27,0.019
2,27,0.252
2,27,0.046
2,27,0.309
2,27,0.206
2,27,0.578
2,27,0.206
2,27,0.507
2,27,0.028
2,28,0.167
2,28,0.38
2,28,0.097
2,28,0.01
2,28,0.582
2,28,0.025
2,28,0.462
2,28,0.297
2,28,0.021
2,28,0.079
2,28,0.035
2,28,0.333
2,28,0.092
2,28,0.286
2,28,0.737
2,28,0.145
2,28,0.11
2,28,0.009
2,28,0.025
2,29,0.282
2,29,0.121
2,29,0.254
2,29,0.091
2,29,0.341
2,29,0.009
2,29,0.049
2,29,0.016
2,29,0.75
2,29,0.038
2,29,0.207
2,29,0.013
2,29,0.072
2,29,0.019
2,29,0.479
2,29,0.155
2,29,0.025
2,29,0.347
2,29,0.01
2,30,0.558
2,30,0.256
2,30,0.262
2,30,0.13
2,30,0.227
2,30,0.115
2,30,0.854
3,1,1.164
3,1,0.243
3,1,1.506
3,1,0.879
3,1,1.499
3,1,0.458
3,1,1.445
3,1,0.626
3,1,1.399
3,1,0.985
3,1,1.441
3,1,1.118
3,1,1.417
3,1,1.105
3,1,1.913
3,1,1.642
3,1,1.599
3,1,0.765
3,1,0.6
3,1,0.219
3,1,1.463
3,2,0.856
3,2,0.979
3,2,0.304
3,2,1.178
3,2,0.828
3,2,0.93
3,2,1.035
3,2,0.346
3,2,0.802
3,2,1.093
3,2,0.871
3,2,0.756
3,2,0.819
3,2,1.178
3,2,0.937
3,2,0.796
3,2,0.455
3,2,0.855
3,2,0.906
3,2,0.61
3,2,0.875
3,2,1.002
3,2,0.532
3,3,0.962
3,3,0.675
3,3,0.988
3,3,0.263
3,3,0.681
3,3,0.974
3,3,0.905
3,3,0.676
3,3,0.618
3,3,0.749
3,3,0.874
3,3,0.689
3,3,0.65
3,3,0.569
3,3,0.312
3,3,0.679
3,3,0.77
3,3,0.221
3,3,0.472
3,3,0.384
3,3,0.429
3,3,0.685
3,4,0.567
3,4,0.653
3,4,0.526
3,4,0.341
3,4,0.401
3,4,0.534
3,4,0.73
3,4,0.716
3,4,0.307
3,4,0.389
3,4,0.339
3,4,0.285
3,4,0.732
3,4,0.696
3,4,0.774
3,4,0.236
3,4,0.378
3,4,0.497
3,4,0.209
3,4,0.386
3,4,0.255
3,4,0.014
3,4,0.273
3,5,0.319
3,5,0.373
3,5,0.129
3,5,0.014
3,5,0.097
3,5,0.632
3,5,0.712
3,5,0.28
3,5,0.205
3,5,0.807
3,5,0.013
3,5,0.565
3,5,0.816
3,5,0.336
3,5,0.203
3,5,0.769
3,5,0.309
3,5,0.214
3,5,0.31
3,5,0.297
3,6,0.319
3,6,0.496
3,6,0.407
3,6,0.55
3,6,0.529
3,6,0.329
3,6,0.065
3,6,0.526
3,6,0.301
3,6,0.192
3,6,0.853
3,6,0.442
3,6,0.567
3,6,0.237
3,6,0.52
3,6,0.337
3,6,0.113
3,6,0.01
3,6,0.015
3,6,1.168
3,6,0.313
3,7,0.009
3,7,0.375
3,7,0.407
3,7,0.336
3,7,0.59
3,7,0.295
3,7,0.157
3,7,0.11
3,7,0.542
3,7,0.455
3,7,0.304
3,7,0.201
3,7,0.684
3,7,0.421
3,7,0.599
3,7,0.133
3,7,0.255
3,7,0.213
3,7,0.235
3,8,0.58
3,8,0.156
3,8,0.69
3,8,0.269
3,8,0.243
3,8,0.442
3,8,0.534
3,8,0.075
3,8,0.336
3,8,0.011
3,8,0.155
3,8,0.222
3,8,0.622
3,8,0.642
3,8,0.176
3,8,0.212
3,8,0.153
3,8,0.288
3,8,0.069
3,8,0.267
3,9,0.226
3,9,0.701
3,9,0.344
3,9,0.428
3,9,0.119
3,9,0.245
3,9,0.082
3,9,0.264
3,9,0.608
3,9,0.888
3,9,0.566
3,9,0.491
3,9,0.125
3,9,0.416
3,9,0.025
3,9,0.281
3,9,0.427
3,9,0.124
3,9,0.015
3,9,0.328
3,10,0.616
3,10,0.448
3,10,0.49
3,10,0.2
3,10,0.709
3,10,0.249
3,10,0.574
3,10,0.27
3,10,0.369
3,10,0.329
3,10,0.014
3,10,0.279
3,10,0.064
3,10,0.264
3,11,0.57
3,11,0.227
3,11,0.519
3,11,0.024
3,11,0.136
3,11,0.651
3,11,0.198
3,11,0.29
3,11,0.248
3,11,0.022
3,11,0.169
3,11,0.154
3,11,0.184
3,11,0.332
3,11,0.203
3,11,0.023
3,11,0.224
3,11,0.012
3,12,0.026
3,12,0.087
3,12,0.506
3,12,0.475
3,12,0.098
3,12,0.14
3,12,0.531
3,12,0.287
3,12,0.181
3,12,0.118
3,12,0.283
3,12,0.493
3,12,0.367
3,12,0.383
3,12,0.028
3,12,0.439
3,12,0.012
3,12,0.112
3,12,0.375
3,12,0.156
3,13,0.189
3,13,0.359
3,13,0.248
3,13,0.311
3,13,0.172
3,13,0.164
3,13,0.063
3,13,0.662
3,13,0.158
3,13,0.022
3,13,0.1
3,13,0.246
3,13,0.334
3,13,0.291
3,13,0.406
3,13,0.231
3,13,0.229
3,13,0.014
3,13,0.582
3,13,0.119
3,13,0.168
3,14,0.4
3,14,0.335
3,14,0.055
3,14,0.184
3,14,0.185
3,14,0.353
3,14,0.177
3,14,0.189
3,14,0.279
3,14,0.025
3,14,0.273
3,14,0.532
3,14,0.283
3,14,0.101
3,14,0.237
3,15,0.633
3,15,0.268
3,15,0.03
3,15,0.013
3,15,0.514
3,15,0.032
3,15,0.056
3,15,0.147
3,15,0.013
3,15,0.35
3,15,0.298
3,15,0.158
3,15,0.244
3,15,0.313
3,15,0.313
3,15,0.181
3,15,0.045
3,15,0.647
3,15,0.16
3,15,0.011
3,16,0.231
3,16,0.182
3,16,0.289
3,16,0.411
3,16,0.417
3,16,0.263
3,16,0.062
3,16,0.256
3,16,0.072
3,16,0.265
3,16,0.015
3,16,0.178
3,16,0.475
3,16,0.227
3,16,0.283
3,16,0.298
3,16,0.224
3,16,0.033
3,16,0.094
3,16,0.302
3,16,0.337
3,17,0.227
3,17,0.187
3,17,0.237
3,17,0.026
3,17,0.173
3,17,0.287
3,17,0.312
3,17,0.15
3,17,0.237
3,17,0.031
3,17,0.387
3,17,0.013
3,17,0.115
3,17,0.017
3,17,0.159
3,17,0.874
3,17,0.316
3,17,0.032
3,18,0.363
3,18,0.316
3,18,0.218
3,18,0.233
3,18,0.083
3,18,0.044
3,18,0.014
3,18,0.289
3,18,0.191
3,18,0.036
3,18,0.272
3,18,0.267
3,18,0.119
3,18,0.021
3,18,0.226
3,18,0.177
3,18,0.32
3,18,0.24
3,18,0.086
3,18,0.026
3,18,0.096
3,18,0.013
3,18,0.086
3,18,0.192
3,19,0.028
3,19,0.108
3,19,0.173
3,19,0.245
3,19,0.29
3,19,0.23
3,19,0.22
3,19,0.062
3,19,0.334
3,19,0.038
3,19,0.057
3,19,0.241
3,19,0.339
3,19,0.057
3,19,0.694
3,19,0.36
3,19,0.031
3,20,0.051
3,20,0.911
3,20,0.253
3,20,0.011
3,20,0.014
3,20,0.104
3,20,0.247
3,20,0.16
3,20,0.334
3,20,0.252
3,20,0.047
3,20,0.054
3,20,0.012
3,20,0.399
3,20,0.807
3,20,0.465
3,20,0.231
3,20,0.361
3,20,0.392
3,20,0.337
3,21,0.482
3,21,0.06
3,21,0.267
3,21,0.14
3,21,0.331
3,21,0.27
3,21,0.162
3,21,0.193
3,21,0.249
3,21,0.231
3,21,0.399
3,21,0.047
3,21,0.061
3,21,0.033
3,22,0.297
3,22,0.309
3,22,0.03
3,22,0.155
3,22,0.021
3,22,0.359
3,22,0.025
3,22,0.113
3,22,0.254
3,22,0.052
3,22,0.123
3,22,0.055
3,22,0.84
3,22,0.262
3,22,0.086
3,22,0.073
3,22,0.268
3,22,0.235
3,22,0.434
3,22,0.672
3,22,0.081
3,22,0.429
3,23,0.311
3,23,0.177
3,23,0.144
3,23,0.031
3,23,0.616
3,23,0.068
3,23,0.276
3,23,0.303
3,23,0.326
3,23,0.022
3,23,0.47
3,23,0.157
3,23,0.234
3,23,0.286
3,23,0.03
3,23,0.294
3,24,0.34
3,24,0.48
3,24,0.046
3,24,0.267
3,24,0.108
3,24,0.077
3,24,0.082
3,24,0.367
3,24,0.249
3,24,0.389
3,24,0.195
3,24,0.109
3,24,0.195
3,24,0.01
3,24,0.111
3,24,0.212
3,24,0.241
3,24,0.01
3,25,0.417
3,25,0.038
3,25,0.19
3,25,0.361
3,25,0.503
3,25,0.012
3,25,0.241
3,25,0.315
3,25,0.014
3,25,0.077
3,25,0.391
3,25,0.29
3,25,0.016
3,25,0.104
3,25,0.298
3,25,0.032
3,25,0.082
3,25,0.474
3,25,0.171
3,25,0.024
3,25,0.009
3,26,0.483
3,26,0.158
3,26,0.027
3,26,0.603
3,26,0.063
3,26,0.055
3,26,0.136
3,26,0.171
3,26,0.159
3,26,0.373
3,26,0.363
3,26,0.45
3,26,0.303
3,26,0.175
3,26,0.174
3,26,0.035
3,26,0.024
3,27,0.495
3,27,0.341
3,27,0.11
3,27,0.067
3,27,0.179
3,27,0.163
3,27,0.065
3,27,0.108
3,27,0.065
3,27,0.338
3,27,0.079
3,27,0.059
3,27,0.531
3,27,0.026
3,27,0.283
3,27,0.692
3,27,0.038
3,27,0.328
3,27,0.849
3,27,0.361
3,28,0.06
3,28,0.301
3,28,0.196
3,28,0.262
3,28,0.473
3,28,0.34
3,28,0.02
3,28,0.287
3,28,0.086
3,28,0.013
3,28,0.303
3,28,0.065
3,28,0.15
3,28,0.373
3,28,0.361
3,28,0.012
3,29,0.152
3,29,0.28
3,29,0.04
3,29,0.445
3,29,0.347
3,29,0.041
3,29,0.133
3,29,0.041
3,29,0.253
3,29,0.196
3,29,0
3,29,0.086
3,29,0.214
3,29,0.156
3,29,0.186
3,29,0.025
3,29,0.392
3,29,0.009
3,29,0.104
3,30,0.208
3,30,0.025
3,30,0.294
3,30,0.044
3,30,0.009
3,30,0.164
3,30,0.095
3,30,0.015
3,30,0.396
3,30,0.185
3,30,0.268
3,30,0.358
3,30,0.472
3,30,0.344
3,30,0.232
3,30,0.016
4,1,1.066
4,1,1.278
4,1,0.896
4,1,1.133
4,1,1.253
4,1,0.616
4,1,1.203
4,1,0.946
4,1,0.813
4,1,0.764
4,1,1.023
4,1,1.061
4,1,0.693
4,1,0.859
4,1,0.42
4,1,0.51
4,1,1.225
4,1,1.024
4,2,0.491
4,2,0.262
4,2,0.863
4,2,0.64
4,2,0.322
4,2,0.319
4,2,0.829
4,2,0.7
4,2,0.719
4,2,0.324
4,2,0.571
4,2,0.838
4,2,0.725
4,2,0.327
4,3,0.09
4,3,0.46
4,3,0.801
4,3,0.401
4,3,0.758
4,3,0.847
4,3,1.001
4,3,0.277
4,3,0.517
4,3,1.107
4,3,0.256
4,3,1.139
4,3,0.462
4,3,1.026
4,3,0.717
4,4,0.236
4,4,0.606
4,4,0.013
4,4,0.077
4,4,0.311
4,4,0.764
4,4,0.242
4,4,0.511
4,4,0.063
4,4,0.051
4,4,0.046
4,4,0.918
4,4,0.574
4,4,0.733
4,4,0.143
4,5,0.395
4,5,0.171
4,5,0.524
4,5,0.508
4,5,0.788
4,5,0.282
4,5,0.496
4,5,0.391
4,5,0.093
4,5,0.684
4,5,0.417
4,5,0.241
4,5,0.604
4,5,0.163
4,5,0.387
4,5,0.279
4,5,0.741
4,5,0.793
4,6,0.273
4,6,0.362
4,6,0.226
4,6,0.325
4,6,0.232
4,6,0.989
4,6,0.38
4,6,0.396
4,6,0.019
4,6,0.3
4,6,0.459
4,6,0.272
4,6,0.719
4,6,0.592
4,6,0.287
4,6,0.476
4,6,0.797
4,6,0.149
4,7,0.009
4,7,0.071
4,7,0.329
4,7,0.237
4,7,0.79
4,7,0.42
4,7,0.413
4,7,0.32
4,7,0.527
4,7,0.461
4,7,0.741
4,7,0.62
4,7,0.303
4,7,0.067
4,7,0.234
4,7,0.007
4,7,0.275
4,7,0.058
4,8,0.088
4,8,0.084
4,8,0.379
4,8,0.466
4,8,0.601
4,8,0.289
4,8,0.279
4,8,0.339
4,8,0.539
4,8,0.388
4,8,0.143
4,8,0.181
4,8,0.256
4,9,0.237
4,9,0.335
4,9,0.181
4,9,0.336
4,9,0.371
4,9,0.235
4,9,0.27
4,9,0.336
4,9,0.08
4,9,0.367
4,9,0.029
4,9,0.081
4,9,0.645
4,10,0.126
4,10,0.293
4,10,0.41
4,10,0.17
4,10,0.485
4,10,0.817
4,10,0.593
4,10,0.338
4,10,0.636
4,10,0.05
4,10,0.073
4,10,0.067
4,10,0.113
4,10,0.888
4,11,0.01
4,11,0.37
4,11,0.36
4,11,0.745
4,11,0.244
4,11,0.097
4,11,0.417
4,11,0.527
4,11,0.039
4,11,0.294
4,11,0.402
4,11,0.006
4,11,0.189
4,11,0.426
4,11,0.138
4,11,0.061
4,11,0.285
4,11,0.284
4,11,0.081
4,12,0.324
4,12,0.58
4,12,0.107
4,12,0.243
4,12,0.182
4,12,0.718
4,12,0.336
4,12,0.22
4,12,0.319
4,12,0.009
4,12,0.677
4,12,0.254
4,12,0.182
4,12,0.178
4,13,0.097
4,13,0.008
4,13,0.074
4,13,0.268
4,13,0.166
4,13,0.008
4,13,0.282
4,13,0.477
4,13,0.058
4,13,0.009
4,13,0.012
4,13,0.101
4,13,0.197
4,13,0.016
4,14,0.007
4,14,0.015
4,14,0.251
4,14,0.198
4,14,0.747
4,14,0.22
4,14,0.009
4,14,0.247
4,14,0.107
4,14,0.028
4,14,0.528
4,14,0.009
4,14,0.016
4,14,0.634
4,14,0.103
4,14,0.231
4,14,0.136
4,14,0.221
4,14,0.318
4,15,0.131
4,15,0.745
4,15,0.419
4,15,0.238
4,15,0.374
4,15,0.373
4,15,0.126
4,15,0.399
4,15,0.132
4,15,0.154
4,15,0.229
4,16,0.123
4,16,0.237
4,16,0.488
4,16,0.364
4,16,0.246
4,16,0.007
4,16,0.428
4,16,0.5
4,16,0.106
4,16,0.064
4,16,0.672
4,16,0.18
4,16,0.219
4,16,0.14
4,16,0.261
4,16,0.274
4,16,0.009
4,16,0.402
4,17,0.307
4,17,0.045
4,17,0.219
4,17,0.019
4,17,0.47
4,17,0.049
4,17,0.362
4,17,0.198
4,17,0.042
4,17,0.369
4,17,0.013
4,17,0.03
4,17,0.048
4,17,0.073
4,17,0.193
4,17,0.282
4,17,0.326
4,17,0.232
4,18,0.098
4,18,0.029
4,18,0.543
4,18,0.03
4,18,0.014
4,18,0.215
4,18,0.063
4,18,0.23
4,18,0.389
4,18,0.33
4,18,0.067
4,18,0.049
4,18,0.011
4,18,0.149
4,18,0.399
4,18,0.165
4,19,0.12
4,19,0.581
4,19,0.394
4,19,0.33
4,19,0.408
4,19,0.018
4,19,0.531
4,19,0.178
4,19,0.331
4,19,0.357
4,19,0.168
4,19,0.215
4,19,0.355
4,19,0.222
4,20,0.442
4,20,0.367
4,20,0.358
4,20,0.146
4,20,0.453
4,20,0.008
4,20,0.305
4,20,0.554
4,20,0.122
4,20,0.097
4,20,0.447
4,20,0.484
4,20,0.273
4,20,0.028
4,20,0.249
4,20,0.008
4,21,0.464
4,21,0.405
4,21,0.266
4,21,0.413
4,21,0.442
4,21,0.248
4,21,0.037
4,21,0.197
4,21,0.537
4,21,0.217
4,21,0.027
4,21,0.046
4,21,0.003
4,21,0.609
4,21,0.007
4,21,0.267
4,21,0.107
4,21,0.369
4,21,0.192
4,21,0.217
4,22,0.012
4,22,0.01
4,22,0.524
4,22,0.047
4,22,0.287
4,22,0.303
4,22,0.027
4,22,0.033
4,22,0.214
4,22,0.206
4,22,0.006
4,22,0.446
4,22,0.277
4,22,0.223
4,22,0.011
4,22,0.038
4,22,0.334
4,23,0.127
4,23,0.52
4,23,0.197
4,23,0.247
4,23,0.835
4,23,0.636
4,23,0.287
4,23,0.244
4,23,0.017
4,23,0.141
4,23,0.469
4,24,0.262
4,24,0.342
4,24,0.451
4,24,0.036
4,24,0.038
4,24,0.045
4,24,0.097
4,24,0.471
4,24,0.256
4,24,0.275
4,24,0.349
4,24,0.266
4,25,0.235
4,25,0.015
4,25,0.355
4,25,0.015
4,25,0.011
4,25,0.005
4,25,0.006
4,25,0.021
4,25,0.058
4,25,0.526
4,25,0.22
4,25,0.032
4,25,0.08
4,25,0.503
4,26,0.161
4,26,0.021
4,26,0.166
4,26,0.053
4,26,0.384
4,26,0.007
4,26,0.027
4,26,0.011
4,26,0.261
4,26,0.197
4,26,0.298
4,26,0.146
4,27,0.701
4,27,0.204
4,27,0.046
4,27,0.015
4,27,0.194
4,27,0.082
4,27,0.018
4,27,0.01
4,27,0.032
4,27,0.198
4,27,0.409
4,27,0.005
4,27,0.319
4,27,0.011
4,27,0.425
4,28,0.341
4,28,0.02
4,28,0.232
4,28,0.262
4,28,0.549
4,28,0.327
4,28,0.014
4,28,0.01
4,28,0.385
4,28,0.043
4,28,0.574
4,28,0.252
4,29,0.252
4,29,0.299
4,29,0.03
4,29,0.035
4,29,0.021
4,29,0.023
4,29,0.159
4,29,0.37
4,29,0.338
4,29,0.329
4,29,0.012
4,29,0.011
4,29,0.269
4,29,0.45
4,29,0.046
4,30,0.017
4,30,0.047
4,30,0.508
4,30,0.033
4,30,0.02
4,30,0.124
4,30,0.416
4,30,0.126
4,30,0.587
4,30,0.568
4,30,0.021
4,30,0.417
4,30,0.086
4,30,0.22
4,30,0.434
5,1,0.403
5,1,1.188
5,1,1.162
5,1,0.491
5,1,1.204
5,1,0.871
5,1,0.592
5,1,1.309
5,1,0.888
5,1,1.418
5,1,1.518
5,1,0.536
5,1,0.704
5,1,1.071
5,1,0.733
5,1,0.487
5,1,0.749
5,1,1.353
5,1,1.096
5,1,0.544
5,1,1.016
5,1,0.365
5,1,1.249
5,1,0.707
5,1,1.197
5,1,0.729
5,2,0.573
5,2,1.148
5,2,0.867
5,2,0.915
5,2,1.047
5,2,1.149
5,2,0.466
5,2,1.237
5,2,0.471
5,2,0.629
5,2,0.389
5,2,0.712
5,2,0.573
5,2,0.761
5,2,0.637
5,2,0.327
5,2,0.624
5,2,0.669
5,2,1.233
5,2,0.691
5,2,1.051
5,2,0.348
5,2,0.701
5,3,0.54
5,3,0.982
5,3,0.704
5,3,0.7
5,3,1.142
5,3,0.794
5,3,0.534
5,3,0.714
5,3,0.885
5,3,0.645
5,3,0.666
5,3,1.302
5,3,0.599
5,3,0.292
5,3,0.466
5,3,0.889
5,3,0.269
5,3,0.456
5,3,0.471
5,3,0.356
5,3,0.987
5,3,0.764
5,3,0.387
5,3,0.207
5,4,0.437
5,4,0.453
5,4,0.487
5,4,0.345
5,4,1.389
5,4,0.655
5,4,0.841
5,4,0.395
5,4,0.377
5,4,1.074
5,4,0.76
5,4,0.332
5,4,0.614
5,4,0.375
5,4,0.593
5,4,0.6
5,4,0.318
5,4,0.213
5,4,0.589
5,4,0.206
5,4,0.54
5,4,0.397
5,4,0.686
5,4,0.31
5,4,0.337
5,5,0.077
5,5,0.317
5,5,0.104
5,5,0.127
5,5,0.37
5,5,0.472
5,5,0.434
5,5,0.354
5,5,0.35
5,5,0.475
5,5,0.541
5,5,0.014
5,5,0.233
5,5,0.381
5,5,0.596
5,5,0.079
5,5,0.097
5,5,0.039
5,5,0.415
5,5,0.589
5,6,0.461
5,6,0.274
5,6,0.455
5,6,0.191
5,6,0.43
5,6,0.256
5,6,0.319
5,6,0.012
5,6,0.211
5,6,0.481
5,6,0.293
5,6,0.368
5,6,0.3
5,6,0.39
5,6,0.493
5,7,0.228
5,7,0.206
5,7,0.762
5,7,0.34
5,7,0.014
5,7,0.685
5,7,0.017
5,7,0.405
5,7,0.264
5,7,0.353
5,7,0.503
5,7,0.506
5,7,0.046
5,7,0.124
5,7,0.229
5,7,0.268
5,8,0.356
5,8,0.181
5,8,0.225
5,8,0.614
5,8,0.344
5,8,0.663
5,8,0.019
5,8,0.216
5,8,0.244
5,8,0.013
5,8,0.19
5,8,0.274
5,8,0.248
5,8,0.467
5,8,0.521
5,9,0.589
5,9,0.507
5,9,0.198
5,9,0.553
5,9,0.592
5,9,0.209
5,9,0.213
5,9,0.278
5,9,0.334
5,9,0.017
5,9,0.148
5,9,0.177
5,9,0.019
5,9,0.479
5,9,0.221
5,9,0.013
5,10,0.448
5,10,0.338
5,10,0.011
5,10,0.43
5,10,0.563
5,10,0.376
5,10,0.163
5,10,0.406
5,10,0.195
5,10,0.224
5,10,0.099
5,10,0.066
5,10,0.199
5,10,0.182
5,10,0.373
5,10,0.017
5,10,0.018
5,11,0.706
5,11,0.221
5,11,0.279
5,11,0.01
5,11,0.48
5,11,1.054
5,11,0.381
5,11,0.188
5,11,0.009
5,11,0.055
5,11,0.387
5,11,0.397
5,11,0.156
5,11,0.67
5,11,0.354
5,11,0.146
5,11,0.27
5,11,0.055
5,11,0.091
5,11,0.031
5,12,0.152
5,12,0.276
5,12,0.268
5,12,0.062
5,12,0.158
5,12,0.466
5,12,0.023
5,12,0.05
5,12,0.227
5,12,0.028
5,12,0.446
5,12,0.008
5,12,0.024
5,12,0.164
5,12,0.014
5,12,0.353
5,13,0.566
5,13,0.621
5,13,0.734
5,13,0.424
5,13,0.021
5,13,0.016
5,13,0.268
5,13,0.163
5,13,0.767
5,13,0.332
5,13,0.073
5,13,0.156
5,13,0.393
5,13,0.025
5,13,0.039
5,13,0.091
5,13,0.396
5,13,0.226
5,13,0.169
5,14,0.38
5,14,0.018
5,14,0.341
5,14,0.307
5,14,0.028
5,14,0.019
5,14,0.012
5,14,0.139
5,14,0.24
5,14,0.228
5,14,0.01
5,14,0.275
5,14,0.419
5,14,0.647
5,14,0.45
5,14,0.402
5,14,0.072
5,14,0.266
5,15,0.305
5,15,0.404
5,15,0.347
5,15,0.171
5,15,0.325
5,15,0.278
5,15,0.012
5,15,0.044
5,15,0.017
5,15,0.409
5,15,0.321
5,15,0.136
5,15,0.011
5,15,0.206
5,16,0.021
5,16,0.338
5,16,0.009
5,16,0.172
5,16,0.069
5,16,0.204
5,16,0.375
5,16,0.158
5,16,0.23
5,16,0.013
5,16,0.012
5,16,0.256
5,16,0.043
5,16,0.02
5,16,0.236
5,16,0.224
5,16,0.241
5,17,0.025
5,17,0.012
5,17,0.023
5,17,0.059
5,17,0.032
5,17,0.209
5,17,0.239
5,17,0.402
5,17,0.138
5,17,0.044
5,17,0.093
5,17,0.031
5,17,0.292
5,17,0.011
5,17,0.353
5,17,0.317
5,17,0.194
5,18,0.015
5,18,0.513
5,18,0.165
5,18,0.014
5,18,0.097
5,18,0.523
5,18,0.034
5,18,0.075
5,18,0.213
5,18,0.577
5,18,0.356
5,18,0.038
5,19,0.016
5,19,0.254
5,19,0.096
5,19,0.024
5,19,0.01
5,19,0.03
5,19,0.206
5,19,0.181
5,19,0.033
5,19,0.029
5,19,0.356
5,19,0.341
5,19,0.053
5,19,0.007
5,19,0.429
5,19,0.322
5,19,0.022
5,19,0.339
5,20,0.011
5,20,0.507
5,20,0.208
5,20,0.206
5,20,0.293
5,20,0.133
5,20,0.428
5,20,0.15
5,20,0.336
5,20,0.442
5,21,0.027
5,21,0.754
5,21,0.379
5,21,0.013
5,21,0.29
5,21,0.3
5,21,0.291
5,21,0.013
5,21,0.161
5,21,0.103
5,21,0.176
5,21,0.281
5,22,0.136
5,22,0.018
5,22,0.24
5,22,0.352
5,22,0.02
5,22,0.332
5,22,0.37
5,22,0.251
5,22,0.26
5,22,0.426
5,22,0.196
5,22,0.012
5,22,0.008
5,22,0.34
5,22,0.453
5,22,0.173
5,22,0.024
5,23,0.046
5,23,0.333
5,23,0.016
5,23,0.014
5,23,0.304
5,23,0.36
5,23,0.13
5,23,0.06
5,23,0.16
5,23,0.173
5,23,0.182
5,23,0.375
5,23,0.278
5,23,0.031
5,24,0.198
5,24,0.106
5,24,0.201
5,24,0.051
5,24,0.222
5,24,0.155
5,24,0.365
5,24,0.193
5,24,0.251
5,24,0.08
5,24,0.021
5,24,0.455
5,24,0.3
5,24,0.069
5,24,0.593
5,25,0.263
5,25,0.167
5,25,0.114
5,25,0.02
5,25,0.342
5,25,0.457
5,25,0.109
5,25,0.214
5,25,0.048
5,25,0.226
5,25,0.384
5,25,0.367
5,25,0.092
5,26,0.55
5,26,0.129
5,26,0.01
5,26,0.065
5,26,0.543
5,26,0.402
5,26,0.254
5,26,0.164
5,26,0.483
5,26,0.049
5,26,0.013
5,27,1.02
5,27,0.776
5,27,0.025
5,27,0.394
5,27,0.114
5,27,0.24
5,27,0.239
5,27,0.027
5,27,0.21
5,27,0.35
5,27,0.357
5,27,0.063
5,27,0.023
5,27,0.206
5,27,0.368
5,27,0.023
5,27,0.073
5,27,0.428
5,28,1.256
5,28,0.683
5,28,0.262
5,28,0.403
5,28,0.309
5,28,0.295
5,28,0.011
5,28,0.504
5,28,0.272
5,28,0.173
5,28,0.023
5,28,0.135
5,28,0.358
5,28,0.407
5,28,0.622
5,28,0.123
5,28,0.024
5,28,0.017
5,29,0.035
5,29,0.32
5,29,0.192
5,29,0.361
5,29,0.415
5,29,0.259
5,29,0.201
5,29,0.265
5,29,0.088
5,29,0.305
5,29,0.068
5,29,0.141
5,29,0.025
5,29,0.284
5,29,0.012
5,30,0.217
5,30,0.241
5,30,0.022
5,30,0.24
5,30,0.256
5,30,0.329
5,30,0.107
5,30,0.205
5,30,0.032
5,30,0.029
5,30,0.239
5,30,0.134
5,30,0.025
6,1,0.898
6,1,0.283
6,1,1.632
6,1,0.264
6,1,1.163
6,1,0.384
6,1,0.013
6,1,1.397
6,1,0.954
6,1,0.695
6,1,0.867
6,1,0.968
6,1,0.773
6,1,0.534
6,1,1.858
6,1,0.806
6,2,0.455
6,2,0.778
6,2,0.749
6,2,1.322
6,2,0.874
6,2,0.333
6,2,0.71
6,2,0.793
6,2,1.503
6,2,0.417
6,2,1.353
6,2,0.33
6,2,0.845
6,2,0.715
6,2,0.943
6,2,0.388
6,2,0.688
6,2,0.011
6,2,0.705
6,2,0.924
6,2,0.421
6,2,0.501
6,3,0.67
6,3,0.404
6,3,1.033
6,3,1.028
6,3,0.012
6,3,0.503
6,3,0.296
6,3,0.535
6,3,1.166
6,3,0.469
6,3,0.355
6,3,0.515
6,3,0.036
6,3,0.819
6,3,0.874
6,3,0.584
6,3,0.589
6,3,0.527
6,3,0.282
6,3,0.182
6,4,0.905
6,4,0.772
6,4,0.64
6,4,0.015
6,4,0.62
6,4,2.406
6,4,0.632
6,4,0.064
6,4,0.256
6,4,0.23
6,4,1.046
6,4,0.266
6,4,0.536
6,4,0.663
6,4,0.627
6,4,0.59
6,4,0.631
6,4,0.812
6,4,0.194
6,4,0.03
6,4,0.152
6,4,0.934
6,4,0.356
6,5,0.496
6,5,0.013
6,5,0.132
6,5,0.358
6,5,0.604
6,5,0.54
6,5,1.414
6,5,0.569
6,5,0.285
6,5,0.17
6,5,1.101
6,5,0.234
6,5,0.235
6,5,0.728
6,5,0.186
6,5,0.745
6,5,0.447
6,5,0.584
6,5,0.219
6,5,0.074
6,6,0.473
6,6,0.444
6,6,0.334
6,6,0.527
6,6,0.247
6,6,0.61
6,6,0.17
6,6,0.241
6,6,0.219
6,6,0.235
6,6,0.308
6,6,0.516
6,6,0.264
6,6,1.032
6,6,0.255
6,7,0.195
6,7,0.212
6,7,0.633
6,7,2.406
6,7,0.488
6,7,0.437
6,7,0.016
6,7,0.067
6,7,0.008
6,7,0.015
6,7,0.867
6,7,0.306
6,7,0.196
6,7,0.436
6,7,0.2
6,7,0.015
6,8,0.222
6,8,0.405
6,8,0.014
6,8,1.002
6,8,0.013
6,8,0.009
6,8,0.375
6,8,0.752
6,8,0.058
6,8,0.568
6,8,0.107
6,8,0.037
6,8,0.399
6,8,0.269
6,8,0.491
6,8,0.118
6,8,0.293
6,8,0.149
6,8,0.057
6,9,0.232
6,9,0.316
6,9,0.399
6,9,0.044
6,9,0.092
6,9,0.376
6,9,0.017
6,9,0.016
6,9,0.92
6,9,0.828
6,9,0.25
6,9,0.552
6,9,0.23
6,9,0.391
6,9,0.333
6,9,0.03
6,9,0.143
6,9,0.526
6,9,0.011
6,10,0.051
6,10,0.262
6,10,0.026
6,10,2.445
6,10,0.423
6,10,0.251
6,10,0.435
6,10,1.062
6,10,0.024
6,10,0.02
6,10,0.25
6,10,0.251
6,10,0.011
6,10,0.415
6,10,0.181
6,10,0.629
6,10,0.005
6,10,0.013
6,11,0.371
6,11,0.65
6,11,0.513
6,11,0.511
6,11,0.272
6,11,0.123
6,11,0.198
6,11,0.479
6,11,0.416
6,11,0.135
6,11,0.232
6,11,0.218
6,12,0.5
6,12,0.063
6,12,0.101
6,12,0.253
6,12,0.276
6,12,0.922
6,12,0.118
6,12,0.561
6,12,0.479
6,12,0.057
6,12,0.012
6,12,0.39
6,12,0.335
6,13,0.209
6,13,0.716
6,13,0.495
6,13,1.031
6,13,0.062
6,13,0.37
6,13,0.02
6,13,0.567
6,13,0.558
6,13,0.235
6,14,0.326
6,14,0.419
6,14,0.078
6,14,0.426
6,14,0.315
6,14,0.628
6,14,0.703
6,14,0.221
6,15,0.21
6,15,0.791
6,15,0.022
6,15,0.083
6,15,0.136
6,15,0.033
6,15,0.124
6,15,0.291
6,15,0.278
6,15,0.623
6,15,0.621
6,15,0.024
6,15,0.514
6,16,0.01
6,16,0.782
6,16,0.016
6,16,0.635
6,16,0.308
6,16,0.022
6,16,0.25
6,16,0.055
6,16,0.119
6,16,0.014
6,16,0.204
6,16,0.021
6,16,0.006
6,17,0.294
6,17,0.165
6,17,0.01
6,17,0.398
6,17,0.262
6,17,0.327
6,17,0.962
6,17,0.008
6,17,4.734
6,17,0.222
6,17,0.028
6,17,0.211
6,18,0.531
6,18,0.013
6,18,0.386
6,18,0.541
6,18,0.025
6,18,0.337
6,18,0.195
6,18,0.023
6,18,0.153
6,18,0.021
6,18,0.256
6,18,0.018
6,19,0.669
6,19,0.957
6,19,0.191
6,19,0.285
6,19,0.135
6,19,0.022
6,19,0.131
6,19,0.432
6,19,0.015
6,19,0.106
6,19,0.014
6,19,0.419
6,19,0.01
6,19,0.14
6,19,0.021
6,19,0.366
6,20,0.1
6,20,0.014
6,20,0.332
6,20,0.015
6,20,0.008
6,20,0.316
6,20,0.018
6,20,0.334
6,20,0.642
6,20,0.204
6,20,0.02
6,20,0.636
6,20,0.024
6,21,0.275
6,21,0.125
6,21,0.27
6,21,0.5
6,21,0.232
6,21,0.008
6,21,0.5
6,21,0.472
6,21,0.226
6,22,0.695
6,22,0.428
6,22,0.214
6,22,0.224
6,22,0.092
6,22,0.016
6,22,0.146
6,22,0.82
6,22,0.227
6,22,0.067
6,22,0.01
6,22,0.271
6,22,0.39
6,23,0.602
6,23,0.326
6,23,0.005
6,23,0.213
6,23,0.077
6,23,0.015
6,23,0.027
6,23,0.371
6,23,0.013
6,23,0.132
6,23,0.022
6,24,0.394
6,24,0.175
6,24,0.005
6,24,0.152
6,24,0.027
6,24,0.183
6,24,0.448
6,24,0.14
6,25,0.306
6,25,0.221
6,25,0.012
6,25,0.511
6,25,0.142
6,25,0.328
6,25,0.063
6,25,0.069
6,25,0.299
6,26,0.053
6,26,0.113
6,26,0.136
6,26,0.121
6,26,0.233
6,26,0.051
6,26,0.054
6,26,0.251
6,26,0.192
6,26,0.516
6,27,0.318
6,27,0.33
6,27,0.109
6,27,0.101
6,27,0.185
6,27,0.223
6,27,0.03
6,27,0.349
6,27,0.195
6,27,0.359
6,27,0.172
6,27,0.02
6,28,0.524
6,28,0.273
6,28,0.264
6,28,0.017
6,28,0.276
6,28,0.65
6,28,0.019
6,28,0.449
6,28,0.283
6,28,0.021
6,28,0.011
6,28,0.012
6,28,0.636
6,28,0.395
6,28,0.087
6,28,0.32
6,28,0.496
6,29,0.008
6,29,0.189
6,29,0.012
6,29,0.611
6,29,0.085
6,29,0.013
6,29,0.347
6,29,0.708
6,29,0.012
6,29,0.254
6,29,0.418
6,29,0.232
6,29,0.344
6,29,0.558
6,29,0.163
6,29,0.6
6,29,0.148
6,29,0.035
6,29,0.051
6,30,0.256
6,30,0.089
6,30,0.291
6,30,0.008
6,30,0.014
6,30,0.365
6,30,0.341
6,30,0.391
6,30,0.446
6,30,0.26
6,30,0.07
6,30,0.52
6,30,0.061
