1,1,1.973
1,1,1.709
1,1,0.098
1,1,1.329
1,1,0.766
1,1,1.686
1,1,0.673
1,1,1.664
1,1,1.379
1,1,0.608
1,1,0.922
1,1,1.087
1,1,1.448
1,1,0.558
1,1,0.844
1,2,1.125
1,2,0.974
1,2,0.748
1,2,0.951
1,2,0.758
1,2,1.025
1,2,1.481
1,2,0.508
1,2,0.821
1,2,0.991
1,2,0.709
1,2,1.122
1,2,1.021
1,2,0.85
1,3,1.052
1,3,0.794
1,3,0.944
1,3,0.78
1,3,0.818
1,3,0.415
1,3,0.425
1,3,0.72
1,3,0.361
1,3,1.135
1,3,1.605
1,3,0.434
1,3,0.779
1,3,0.329
1,3,0.356
1,3,0.361
1,4,0.601
1,4,0.927
1,4,0.189
1,4,0.476
1,4,1.034
1,4,0.691
1,4,0.44
1,4,0.669
1,4,0.314
1,4,0.794
1,4,0.275
1,4,1.065
1,4,0.713
1,4,0.39
1,4,0.346
1,4,0.708
1,4,0.364
1,4,0.7
1,5,0.836
1,5,0.298
1,5,0.353
1,5,0.415
1,5,0.688
1,5,0.959
1,5,0.5
1,5,0.344
1,5,0.603
1,5,0.592
1,5,0.802
1,5,0.904
1,5,0.435
1,5,0.895
1,5,0.259
1,5,0.477
1,5,0.804
1,5,0.502
1,6,0.552
1,6,0.327
1,6,0.575
1,6,0.277
1,6,0.657
1,6,0.149
1,6,0.337
1,6,0.382
1,6,0.623
1,6,0.594
1,6,0.206
1,6,0.097
1,6,0.774
1,6,0.3
1,6,0.158
1,6,0.731
1,6,0.711
1,6,0.569
1,7,1.004
1,7,0.454
1,7,0.96
1,7,0.221
1,7,0.417
1,7,0.224
1,7,0.453
1,7,0.007
1,7,0.701
1,7,1.338
1,7,0.475
1,7,0.063
1,7,0.263
1,7,0.516
1,7,0.409
1,7,0.717
1,7,0.91
1,7,0.199
1,8,0.854
1,8,0.776
1,8,0.283
1,8,0.284
1,8,0.231
1,8,0.622
1,8,0.324
1,8,0.304
1,8,1.28
1,8,0.34
1,8,0.046
1,8,0.404
1,8,0.293
1,8,0.462
1,8,0.923
1,8,0.628
1,8,0.804
1,8,0.792
1,8,0.227
1,8,0.743
1,9,0.896
1,9,0.284
1,9,0.449
1,9,0.279
1,9,0.373
1,9,0.373
1,9,0.525
1,9,0.108
1,9,0.537
1,9,0.053
1,9,0.111
1,9,0.339
1,9,0.574
1,9,0.323
1,9,0.231
1,9,0.033
1,10,0.222
1,10,0.091
1,10,0.223
1,10,0.199
1,10,0.935
1,10,0.218
1,10,0.26
1,10,0.128
1,10,0.632
1,10,0.172
1,10,0.771
1,10,1.212
1,10,0.25
1,10,0.983
1,10,0.218
1,10,0.303
1,10,0.518
1,10,0.284
1,11,1.362
1,11,0.202
1,11,0.838
1,11,0.027
1,11,0.313
1,11,0.075
1,11,0.679
1,11,0.027
1,11,0.577
1,11,0.221
1,11,0.619
1,11,0.666
1,11,0.576
1,11,0.764
1,11,0.327
1,11,0.95
1,11,0.333
1,11,0.101
1,11,0.357
1,11,0.266
1,12,0.859
1,12,0.012
1,12,0.696
1,12,0.637
1,12,0.547
1,12,0.77
1,12,0.074
1,12,0.338
1,12,0.031
1,12,0.311
1,12,0.086
1,12,0.119
1,12,0.163
1,12,0.071
1,12,0.485
1,12,0.046
1,12,0.814
1,12,0.096
1,12,0.232
1,12,0.319
1,12,0.469
1,13,1.076
1,13,0.839
1,13,0.55
1,13,0.33
1,13,0.62
1,13,0.459
1,13,0.11
1,13,0.336
1,13,0.19
1,13,0.666
1,13,0.163
1,13,0.059
1,13,0.166
1,13,0.007
1,13,0.09
1,13,0.45
1,13,0.224
1,13,0.007
1,13,0.395
1,13,0.538
1,14,0.668
1,14,0.635
1,14,0.242
1,14,0.208
1,14,0.768
1,14,0.317
1,14,0.903
1,14,0.258
1,14,0.008
1,14,0.284
1,14,0.097
1,14,0.014
1,14,0.183
1,14,0.527
1,14,0.009
1,14,0.576
1,14,0.124
1,14,0.079
1,14,0.616
1,14,0.589
1,15,0.372
1,15,0.159
1,15,0.088
1,15,0.135
1,15,0.178
1,15,0.712
1,15,0.27
1,15,0.397
1,15,0.397
1,15,0.433
1,15,0.054
1,15,0.916
1,15,0.01
1,15,0.335
1,15,0.027
1,15,0.152
1,15,0.264
1,15,0.497
1,15,0.157
1,15,0.079
1,15,0.037
1,16,0.291
1,16,0.128
1,16,0.302
1,16,0.154
1,16,0.162
1,16,0.389
1,16,0.015
1,16,0.235
1,16,0.024
1,16,0.286
1,16,0.019
1,16,0.751
1,16,0.165
1,16,0.56
1,16,0.156
1,16,0.037
1,16,0.141
1,16,0.322
1,17,0.021
1,17,0.024
1,17,0.372
1,17,0.152
1,17,0.433
1,17,0.005
1,17,0.034
1,17,0.333
1,17,0.341
1,17,0.29
1,17,0.524
1,17,1.017
1,17,0.234
1,17,0.237
1,17,0.454
1,17,0.26
1,17,0.13
1,17,0.236
1,17,0.241
1,17,0.199
1,18,0.011
1,18,0.319
1,18,0.215
1,18,0.401
1,18,0.139
1,18,0.37
1,18,0.087
1,18,0.842
1,18,0.091
1,18,0.588
1,18,0.141
1,18,0.443
1,18,0.403
1,18,0.192
1,18,0.847
1,18,0.284
1,18,0.032
1,18,0.048
1,18,0.267
1,18,0.079
1,19,0.352
1,19,0.23
1,19,0.481
1,19,0.543
1,19,0.565
1,19,0.389
1,19,0.798
1,19,0.123
1,19,0.102
1,19,0.013
1,19,0.697
1,19,0.429
1,19,0.615
1,19,0.237
1,19,0.435
1,19,0.711
1,19,0.009
1,19,0.056
1,20,0.063
1,20,0.08
1,20,0.165
1,20,0.907
1,20,0.769
1,20,1.098
1,20,0.046
1,20,0.026
1,20,0.091
1,20,0.224
1,20,0.189
1,20,0.05
1,20,0.315
1,20,0.059
1,20,0.821
1,20,0.075
1,20,0.052
1,20,0.276
1,20,0.064
1,21,0.018
1,21,0.274
1,21,0.573
1,21,0.084
1,21,0.074
1,21,0.018
1,21,0.023
1,21,0.369
1,21,0.278
1,21,0.122
1,21,0.009
1,21,0.301
1,21,0.263
1,21,0.854
1,21,0.019
1,21,0.021
1,21,0.274
1,22,0.375
1,22,0.23
1,22,0.352
1,22,0.182
1,22,0.313
1,22,0.278
1,22,0.053
1,22,0.01
1,22,0.492
1,22,0.016
1,22,0.069
1,22,0.309
1,22,0.046
1,22,0.034
1,22,0.826
1,22,0.157
1,22,0.03
1,22,0.788
1,23,0.026
1,23,0.134
1,23,0.86
1,23,0.211
1,23,0.276
1,23,0.024
1,23,0.397
1,23,0.041
1,23,0.186
1,23,0.216
1,23,0.024
1,23,0.266
1,23,0.085
1,23,0.024
1,23,0.076
1,23,0.019
1,23,0.661
1,23,0.186
1,23,0.078
1,23,0.063
1,24,0.023
1,24,0.035
1,24,0.82
1,24,0.102
1,24,0.741
1,24,0.076
1,24,0.032
1,24,0.476
1,24,0.035
1,24,0.072
1,24,0.268
1,24,0.027
1,24,0.049
1,24,0.01
1,24,0.495
1,24,0.056
1,24,0.21
1,24,0.11
1,24,0.016
1,25,0.348
1,25,0.713
1,25,0.039
1,25,0.569
1,25,0.073
1,25,0.478
1,25,0.049
1,25,0.008
1,25,0.478
1,25,0.29
1,25,0.312
1,25,0.044
1,25,0.073
1,25,0.023
1,25,0.522
1,25,0.023
1,25,0.091
1,26,0.012
1,26,0.008
1,26,0.373
1,26,0.012
1,26,0.123
1,26,0.661
1,26,0.301
1,26,0.031
1,26,0.272
1,26,0.054
1,26,0.038
1,26,0.431
1,26,0.243
1,26,0.046
1,26,0.189
1,26,0.894
1,26,0.1
1,26,0.34
1,26,0.01
1,26,0.025
1,27,0.026
1,27,0.015
1,27,0.127
1,27,0.074
1,27,0.08
1,27,0.228
1,27,0.015
1,27,0.061
1,27,0.258
1,27,0.078
1,27,0.407
1,27,0.569
1,27,0.835
1,27,0.372
1,27,0.006
1,27,0.047
1,27,0.286
1,27,0.43
1,27,0.425
1,27,0.019
1,27,0.16
1,27,0.44
1,28,0.052
1,28,0.022
1,28,0.197
1,28,0.341
1,28,0.015
1,28,0.031
1,28,0.436
1,28,0.039
1,28,0.044
1,28,0.053
1,28,0.035
1,28,0.131
1,28,0.015
1,28,0.011
1,28,0.358
1,28,0.056
1,28,0.011
1,28,0.017
1,28,0.011
1,28,0.474
1,29,0.328
1,29,0.014
1,29,0.486
1,29,0.166
1,29,0.054
1,29,0.335
1,29,0.035
1,29,0.115
1,29,0.879
1,29,0.103
1,29,0.07
1,29,0.016
1,29,0.166
1,29,0.763
1,29,0.017
1,29,0.646
1,29,0.262
1,29,0.267
1,29,0.836
1,30,0.539
1,30,0.491
1,30,0.184
1,30,0.367
1,30,0.093
1,30,0.02
1,30,0.058
1,30,0.215
1,30,0.203
1,30,0.74
1,30,0.374
1,30,0.315
1,30,0.738
1,30,0.021
1,30,0.811
1,30,0.091
1,30,0.219
1,30,0.073
1,30,0.183
1,30,0.019
2,1,1.488
2,1,1.284
2,1,0.858
2,1,1.656
2,1,1.12
2,1,1.115
2,1,1.063
2,1,0.669
2,1,1.689
2,1,1.183
2,1,1.467
2,1,1.481
2,1,1.189
2,1,0.577
2,2,1.122
2,2,0.93
2,2,0.401
2,2,1.594
2,2,0.72
2,2,1.647
2,2,0.946
2,2,0.243
2,2,1.706
2,2,1.194
2,2,1.213
2,2,1.366
2,2,1.345
2,2,1.418
2,2,1.257
2,2,0.644
2,3,1.184
2,3,0.965
2,3,0.654
2,3,0.912
2,3,1.333
2,3,0.784
2,3,0.685
2,3,0.813
2,3,1.085
2,3,1.029
2,3,0.747
2,3,1.346
2,3,0.018
2,4,1.067
2,4,0.716
2,4,0.69
2,4,0.909
2,4,1.19
2,4,0.782
2,4,1.219
2,4,0.751
2,4,0.721
2,4,0.3
2,4,1.127
2,4,0.909
2,5,1.123
2,5,0.096
2,5,0.794
2,5,0.673
2,5,0.521
2,5,0.676
2,5,0.922
2,5,0.603
2,5,1.201
2,5,1.045
2,5,1.255
2,5,0.346
2,6,0.793
2,6,0.139
2,6,0.965
2,6,0.324
2,6,0.154
2,6,0.778
2,6,0.354
2,6,0.925
2,6,0.214
2,6,0.174
2,6,1.089
2,6,0.768
2,6,0.504
2,6,0.426
2,6,0.515
2,6,0.352
2,7,1.039
2,7,0.018
2,7,0.645
2,7,0.466
2,7,0.874
2,7,0.103
2,7,0.645
2,7,0.039
2,7,0.228
2,7,1.435
2,7,0.02
2,7,0.983
2,7,0.239
2,8,1.056
2,8,0.847
2,8,0.736
2,8,0.506
2,8,0.86
2,8,0.566
2,8,0.272
2,8,0.225
2,8,0.264
2,8,0.06
2,8,0.184
2,9,0.589
2,9,1.022
2,9,0.675
2,9,0.607
2,9,0.089
2,9,0.661
2,9,0.982
2,9,1.076
2,9,0.44
2,9,0.013
2,9,0.023
2,9,0.453
2,9,0.043
2,9,0.581
2,10,0.743
2,10,0.44
2,10,0.575
2,10,0.429
2,10,0.996
2,10,0.329
2,10,0.718
2,10,0.421
2,10,0.4
2,10,0.142
2,10,0.653
2,11,0.331
2,11,0.584
2,11,0.674
2,11,1.216
2,11,0.815
2,11,0.955
2,11,0.017
2,11,0.274
2,11,0.009
2,11,0.205
2,11,0.702
2,11,0.33
2,11,0.638
2,12,0.501
2,12,0.679
2,12,0.381
2,12,0.472
2,12,0.525
2,12,0.596
2,12,0.986
2,12,0.011
2,12,0.569
2,12,0.068
2,12,0.025
2,12,0.047
2,12,0.241
2,12,0.251
2,12,0.1
2,12,0.065
2,12,0.064
2,12,0.187
2,12,0.536
2,12,0.62
2,13,0.603
2,13,0.593
2,13,0.006
2,13,0.578
2,13,0.067
2,13,0.62
2,13,0.358
2,13,0.012
2,13,0.137
2,13,0.08
2,13,0.367
2,13,0.046
2,13,1.176
2,13,0.116
2,13,1.231
2,13,0.819
2,14,0.672
2,14,0.606
2,14,0.193
2,14,0.44
2,14,0.58
2,14,0.554
2,14,0.009
2,14,0.525
2,14,0.012
2,14,0.007
2,14,0.068
2,14,0.664
2,14,0.073
2,14,0.092
2,14,0.737
2,14,0.373
2,15,0.067
2,15,0.307
2,15,0.126
2,15,0.106
2,15,0.103
2,15,0.127
2,15,0.523
2,15,0.244
2,15,0.128
2,15,0.045
2,15,0.326
2,15,0.439
2,16,0.304
2,16,0.017
2,16,0.02
2,16,0.453
2,16,0.824
2,16,0.244
2,16,0.023
2,16,0.027
2,16,0.621
2,16,0.314
2,16,0.124
2,16,0.27
2,16,0.057
2,16,0.442
2,16,0.753
2,17,0.135
2,17,0.214
2,17,0.25
2,17,0.299
2,17,0.187
2,17,0.12
2,17,0.626
2,17,0.036
2,17,0.29
2,18,0.109
2,18,0.093
2,18,0.83
2,18,0.619
2,18,0.177
2,18,0.64
2,18,0.483
2,18,0.03
2,18,0.06
2,18,0.248
2,19,0.011
2,19,0.012
2,19,0.847
2,19,0.026
2,19,0.207
2,19,1.435
2,19,0.527
2,19,0.016
2,19,0.022
2,19,0.055
2,19,0.133
2,19,0.057
2,19,0.042
2,19,0.013
2,19,0.013
2,20,0.661
2,20,0.828
2,20,0.352
2,20,0.076
2,20,0.152
2,20,0.307
2,20,0.016
2,20,0.174
2,20,0.083
2,20,0.172
2,20,0.708
2,20,0.677
2,20,0.157
2,20,0.979
2,21,0.161
2,21,1.094
2,21,0.012
2,21,0.164
2,21,0.017
2,21,0.418
2,21,0.938
2,21,0.035
2,21,0.047
2,21,0.62
2,21,0.083
2,21,0.465
2,21,0.281
2,21,0.306
2,21,0.257
2,21,0.035
2,21,0.349
2,21,0.374
2,21,0.024
2,22,1.296
2,22,0.911
2,22,0.358
2,22,0.713
2,22,0.235
2,22,0.014
2,22,0.021
2,22,0.019
2,22,0.481
2,22,0.425
2,22,0.123
2,22,0.177
2,22,0.929
2,22,0.114
2,22,0.514
2,22,0.01
2,23,0.062
2,23,0.019
2,23,0.298
2,23,0.316
2,23,0.018
2,23,0.594
2,23,0.024
2,23,0.089
2,23,0.36
2,23,0.017
2,23,0.222
2,23,0.394
2,23,0.026
2,23,1.072
2,23,0.032
2,23,0.509
2,23,0.021
2,24,0.455
2,24,0.74
2,24,0.095
2,24,0.109
2,24,0.328
2,24,0.08
2,24,0.012
2,24,0.308
2,24,0.147
2,24,0.102
2,24,0.01
2,24,0.231
2,24,0.6
2,24,0.664
2,24,0.008
2,24,0.064
2,25,0.294
2,25,0.139
2,25,0.425
2,25,0.344
2,25,0.775
2,25,0.219
2,25,0.05
2,25,0.01
2,25,0.214
2,25,0.8
2,26,0.148
2,26,0.341
2,26,0.074
2,26,0.043
2,26,0.005
2,26,0.398
2,26,0.013
2,26,0.551
2,26,0.31
2,26,0.012
2,26,0.782
2,26,0.584
2,26,0.359
2,27,0.026
2,27,0.102
2,27,0.01
2,27,0.14
2,27,0.237
2,27,0.214
2,27,0.009
2,27,0.071
2,27,1.302
2,27,0.796
2,27,0.013
2,27,0.413
2,28,0.01
2,28,0.066
2,28,0.169
2,28,0.086
2,28,0.201
2,28,0.549
2,28,0.014
2,28,0.476
2,28,0.143
2,28,0.364
2,28,0.186
2,28,0.079
2,28,0.641
2,28,0.215
2,29,0.046
2,29,0.106
2,29,0.021
2,29,0.162
2,29,0.585
2,29,0.088
2,29,0.045
2,29,0.117
2,29,0.012
2,29,0.777
2,29,0.01
2,29,1.168
2,30,0.974
2,30,0.105
2,30,0.162
2,30,0.674
2,30,0.068
2,30,0.036
2,30,0.082
2,30,0.136
2,30,0.262
2,30,0.646
3,1,1.191
3,1,0.309
3,1,1.105
3,1,1.881
3,1,1.396
3,1,1.358
3,1,0.637
3,1,0.609
3,1,1.65
3,1,0.987
3,1,0.759
3,1,0.981
3,1,0.802
3,1,1.489
3,1,1.106
3,1,1.07
3,1,0.781
3,1,1.009
3,1,1.15
3,1,0.967
3,1,0.764
3,2,0.426
3,2,0.856
3,2,1.066
3,2,0.728
3,2,0.726
3,2,1.039
3,2,1.023
3,2,1.147
3,2,0.791
3,2,0.689
3,2,0.861
3,2,1.62
3,2,1.03
3,2,1.064
3,2,1.463
3,2,0.889
3,2,0.674
3,2,0.45
3,3,0.742
3,3,0.736
3,3,0.286
3,3,0.473
3,3,0.519
3,3,0.519
3,3,0.51
3,3,0.801
3,3,0.929
3,3,0.748
3,3,1.24
3,3,0.704
3,3,1.061
3,3,0.685
3,3,1.103
3,3,1.125
3,3,1.35
3,3,0.662
3,3,0.088
3,4,0.039
3,4,1.117
3,4,0.049
3,4,1.134
3,4,0.804
3,4,0.871
3,4,0.727
3,4,0.524
3,4,0.726
3,4,0.834
3,4,0.855
3,4,0.351
3,4,0.801
3,4,0.569
3,4,0.686
3,4,0.72
3,4,1.118
3,4,0.689
3,5,0.103
3,5,0.413
3,5,0.068
3,5,0.115
3,5,0.284
3,5,0.178
3,5,1.005
3,5,0.475
3,5,0.704
3,5,1.213
3,5,0.274
3,5,0.212
3,5,0.618
3,5,0.937
3,5,0.386
3,5,0.612
3,5,0.266
3,6,1.256
3,6,0.055
3,6,0.368
3,6,0.656
3,6,0.985
3,6,0.062
3,6,0.7
3,6,0.017
3,6,0.865
3,6,1.655
3,6,0.302
3,6,0.588
3,6,0.833
3,6,0.82
3,6,0.435
3,6,0.017
3,6,0.135
3,6,0.526
3,6,0.076
3,7,0.032
3,7,0.508
3,7,0.294
3,7,0.836
3,7,0.848
3,7,0.136
3,7,0.563
3,7,0.265
3,7,0.07
3,7,0.269
3,7,0.186
3,7,0.545
3,7,1
3,7,0.38
3,8,0.034
3,8,0.701
3,8,0.035
3,8,0.669
3,8,0.358
3,8,0.635
3,8,0.79
3,8,0.771
3,8,0.215
3,8,0.116
3,8,0.043
3,8,0.473
3,8,0.191
3,8,0.059
3,8,0.033
3,8,0.671
3,9,0.318
3,9,0.487
3,9,0.116
3,9,0.589
3,9,0.318
3,9,0.371
3,9,0.124
3,9,0.46
3,9,0.502
3,9,0.09
3,9,0.138
3,9,0.673
3,9,0.663
3,9,0.468
3,9,0.185
3,10,1.021
3,10,0.76
3,10,0.421
3,10,0.777
3,10,0.986
3,10,0.379
3,10,0.067
3,10,0.961
3,10,0.054
3,10,0.353
3,10,0.108
3,10,0.598
3,10,0.192
3,10,0.074
3,10,0.1
3,10,0.334
3,10,0.78
3,11,0.687
3,11,0.848
3,11,0.901
3,11,1.073
3,11,0.043
3,11,0.55
3,11,0.649
3,11,0.43
3,11,0.413
3,11,0.033
3,11,0.011
3,11,0.178
3,11,0.286
3,11,0.414
3,11,0.686
3,11,0.4
3,11,0.453
3,11,0.093
3,11,0.817
3,11,0.876
3,11,0.339
3,11,0.342
3,11,0.362
3,12,0.906
3,12,1.112
3,12,0.606
3,12,0.658
3,12,0.585
3,12,0.067
3,12,0.927
3,12,0.381
3,12,0.05
3,12,0.36
3,12,0.796
3,12,0.246
3,12,0.233
3,12,0.912
3,13,0.165
3,13,0.074
3,13,0.198
3,13,0.621
3,13,0.598
3,13,0.451
3,13,0.863
3,13,0.16
3,13,0.33
3,13,0.222
3,13,0.026
3,13,1.226
3,13,0.874
3,13,0.279
3,13,0.175
3,13,0.041
3,13,0.624
3,13,0.624
3,13,0.803
3,13,0.829
3,14,0.569
3,14,0.067
3,14,0.542
3,14,0.702
3,14,0.187
3,14,0.222
3,14,0.133
3,14,0.238
3,14,0.012
3,14,0.013
3,14,0.446
3,14,0.732
3,14,0.059
3,14,1.137
3,14,0.013
3,14,0.606
3,14,0.192
3,14,0.179
3,14,0.04
3,14,0.648
3,14,0.159
3,14,0.539
3,15,0.134
3,15,0.011
3,15,0.199
3,15,0.539
3,15,0.476
3,15,0.222
3,15,0.12
3,15,0.156
3,15,0.603
3,15,0.671
3,15,0.034
3,15,0.245
3,15,0.197
3,15,0.207
3,15,0.44
3,15,0.197
3,16,0.53
3,16,0.014
3,16,0.311
3,16,0.645
3,16,0.012
3,16,0.64
3,16,0.718
3,16,0.124
3,16,0.364
3,16,0.011
3,16,0.509
3,16,0.186
3,16,0.506
3,16,0.373
3,16,0.688
3,17,0.76
3,17,0.125
3,17,0.593
3,17,0.419
3,17,0.049
3,17,0.087
3,17,0.713
3,17,0.089
3,17,0.661
3,17,0.125
3,17,0.032
3,17,1.158
3,17,0.231
3,18,0.839
3,18,0.519
3,18,0.903
3,18,0.314
3,18,0.449
3,18,0.043
3,18,0.167
3,18,0.44
3,18,0.107
3,18,1.126
3,18,0.168
3,18,0.419
3,19,0.305
3,19,0.073
3,19,0.521
3,19,0.03
3,19,0.74
3,19,0.037
3,19,0.035
3,19,0.056
3,19,0.033
3,19,0.723
3,19,0.247
3,19,0.059
3,20,0.085
3,20,0.164
3,20,0.372
3,20,0.027
3,20,0.793
3,20,0.056
3,20,0.815
3,20,0.101
3,20,0.046
3,20,0.08
3,20,0.054
3,20,0.006
3,20,0.144
3,20,0.036
3,20,0.39
3,20,0.199
3,20,0.099
3,21,0.09
3,21,0.114
3,21,0.441
3,21,0.746
3,21,0.034
3,21,0.025
3,21,0.019
3,21,0.02
3,21,0.024
3,21,0.224
3,21,0.025
3,21,0.019
3,21,0.396
3,21,0.122
3,22,0.341
3,22,0.641
3,22,1.021
3,22,0.012
3,22,0.958
3,22,0.075
3,22,0.051
3,22,0.03
3,22,0.056
3,22,0.167
3,22,0.929
3,22,0.083
3,22,0.842
3,22,0.332
3,23,0.056
3,23,0.205
3,23,0.018
3,23,0.7
3,23,0.723
3,23,0.048
3,23,0.687
3,23,0.053
3,23,0.419
3,23,0.051
3,23,0.038
3,23,0.316
3,24,0.942
3,24,0.889
3,24,0.55
3,24,0.264
3,24,0.058
3,24,0.019
3,24,0.792
3,24,0.018
3,24,0.258
3,24,0.42
3,24,0.049
3,24,0.148
3,25,0.143
3,25,0.033
3,25,0.018
3,25,0.016
3,25,0.02
3,25,0.184
3,25,0.244
3,25,0.324
3,25,0.107
3,25,0.406
3,25,0.044
3,25,0.107
3,25,0.089
3,25,0.079
3,26,1.259
3,26,0.056
3,26,0.069
3,26,0.903
3,26,0.299
3,26,0.248
3,26,0.012
3,26,0.142
3,26,0.145
3,26,0.071
3,26,0.103
3,26,0.761
3,27,0.379
3,27,0.106
3,27,0.14
3,27,0.938
3,27,0.034
3,27,0.12
3,27,0.024
3,28,0.065
3,28,1.2
3,28,0.284
3,28,0.035
3,28,0.133
3,28,0.468
3,28,0.105
3,28,0.022
3,28,0.057
3,29,0.807
3,29,0.034
3,29,0.038
3,29,0.03
3,29,0.007
3,29,0.011
3,29,0.476
3,29,0.164
3,29,0.4
3,30,0.067
3,30,2.388
3,30,1.24
3,30,0.033
3,30,0.487
3,30,0.472
3,30,0.665
4,1,0.898
4,1,1.729
4,1,0.754
4,1,0.829
4,1,1.051
4,1,0.828
4,1,1.081
4,1,0.624
4,1,0.627
4,1,0.855
4,1,0.776
4,1,1.136
4,1,1.082
4,1,1.29
4,1,1.968
4,1,0.88
4,1,0.991
4,1,0.252
4,2,1.143
4,2,1.239
4,2,0.88
4,2,0.828
4,2,0.971
4,2,1.164
4,2,1.041
4,2,0.568
4,2,0.572
4,2,1.236
4,2,0.981
4,2,0.97
4,2,1.224
4,2,0.609
4,3,0.953
4,3,0.946
4,3,0.762
4,3,0.766
4,3,1.051
4,3,0.993
4,3,0.716
4,3,0.666
4,3,0.761
4,3,0.603
4,3,1.23
4,3,1.082
4,3,0.726
4,3,0.776
4,3,1.142
4,3,1.039
4,3,0.681
4,4,0.613
4,4,0.699
4,4,0.836
4,4,0.657
4,4,0.834
4,4,0.349
4,4,0.727
4,4,0.611
4,4,0.97
4,4,0.853
4,4,0.704
4,4,0.666
4,4,0.69
4,4,1.268
4,4,0.788
4,4,0.107
4,4,0.706
4,4,0.777
4,4,0.173
4,5,0.044
4,5,0.455
4,5,0.22
4,5,0.528
4,5,0.832
4,5,0.429
4,5,0.694
4,5,1.084
4,5,0.819
4,5,0.62
4,5,0.575
4,5,0.756
4,5,0.724
4,5,1.359
4,5,0.033
4,5,0.731
4,5,0.604
4,5,0.173
4,6,0.121
4,6,0.033
4,6,0.259
4,6,0.112
4,6,0.853
4,6,0.349
4,6,0.882
4,6,0.353
4,6,0.413
4,6,0.303
4,6,0.533
4,6,0.553
4,6,0.006
4,6,0.155
4,6,0.899
4,6,0.709
4,6,0.323
4,6,1.208
4,6,0.053
4,6,0.298
4,6,0.047
4,7,0.218
4,7,1.328
4,7,0.049
4,7,0.757
4,7,0.595
4,7,0.921
4,7,0.467
4,7,0.264
4,7,0.368
4,7,0.101
4,7,0.302
4,7,0.624
4,7,0.258
4,7,0.764
4,7,0.854
4,7,0.732
4,7,0.455
4,7,0.23
4,8,0.214
4,8,1.189
4,8,0.132
4,8,0.035
4,8,0.851
4,8,0.791
4,8,0.831
4,8,0.399
4,8,0.154
4,8,0.703
4,8,0.942
4,8,0.555
4,8,0.635
4,8,0.808
4,8,0.885
4,8,0.662
4,8,0.528
4,8,0.616
4,8,0.487
4,9,0.667
4,9,0.583
4,9,0.139
4,9,0.182
4,9,0.969
4,9,0.018
4,9,0.028
4,9,0.469
4,9,0.638
4,9,0.398
4,9,0.308
4,9,0.922
4,9,0.986
4,9,0.275
4,9,0.571
4,9,0.02
4,9,0.814
4,9,0.267
4,10,0.44
4,10,0.409
4,10,0.744
4,10,0.453
4,10,0.389
4,10,0.781
4,10,0.148
4,10,0.462
4,10,0.024
4,10,0.292
4,10,0.562
4,10,0.298
4,10,0.049
4,10,0.828
4,10,0.26
4,10,0.298
4,10,0.046
4,10,0.444
4,10,0.121
4,11,0.27
4,11,0.359
4,11,0.262
4,11,0.56
4,11,0.285
4,11,0.354
4,11,0.676
4,11,0.532
4,11,0.414
4,11,0.972
4,11,0.666
4,11,0.156
4,11,0.556
4,11,0.863
4,11,0.199
4,12,0.023
4,12,0.631
4,12,0.883
4,12,0.079
4,12,0.613
4,12,0.963
4,12,0.669
4,12,0.008
4,12,1.145
4,12,1.015
4,12,0.087
4,12,0.294
4,12,0.077
4,12,0.783
4,13,0.337
4,13,0.668
4,13,0.505
4,13,0.672
4,13,0.601
4,13,0.009
4,13,0.832
4,13,0.488
4,13,0.54
4,13,0.353
4,13,0.112
4,13,0.006
4,13,0.108
4,13,0.22
4,13,0.022
4,14,0.257
4,14,0.539
4,14,0.44
4,14,0.428
4,14,0.546
4,14,0.347
4,14,1.007
4,14,0.072
4,14,0.054
4,14,0.313
4,14,0.222
4,14,0.542
4,14,0.042
4,14,0.411
4,14,0.704
4,14,0.707
4,14,0.05
4,15,0.203
4,15,0.08
4,15,0.208
4,15,0.315
4,15,0.508
4,15,0.698
4,15,0.019
4,15,0.223
4,15,0.048
4,15,0.431
4,15,0.785
4,15,0.736
4,15,0.603
4,15,0.516
4,15,0.031
4,15,0.903
4,16,0.136
4,16,0.198
4,16,0.68
4,16,0.356
4,16,0.617
4,16,0.313
4,16,0.332
4,16,0.116
4,16,0.332
4,16,0.038
4,16,0.9
4,16,0.559
4,16,0.315
4,16,0.534
4,16,0.372
4,16,0.113
4,16,0.024
4,16,0.167
4,16,0.528
4,17,0.58
4,17,0.506
4,17,0.151
4,17,0.219
4,17,0.321
4,17,0.353
4,17,0.623
4,17,0.595
4,17,0.178
4,17,0.213
4,17,0.27
4,17,0.156
4,17,0.686
4,17,0.052
4,17,0.747
4,17,0.382
4,17,0.105
4,17,0.048
4,17,0.065
4,17,0.211
4,17,0.068
4,18,0.043
4,18,0.327
4,18,0.039
4,18,0.467
4,18,0.703
4,18,0.635
4,18,0.241
4,18,0.066
4,18,0.423
4,18,0.31
4,18,0.419
4,18,0.567
4,18,0.022
4,18,0.614
4,18,0.131
4,18,0.028
4,18,0.017
4,18,0.192
4,18,0.519
4,18,0.081
4,19,0.255
4,19,0.052
4,19,0.376
4,19,0.005
4,19,0.141
4,19,0.365
4,19,0.021
4,19,0.256
4,19,0.264
4,19,0.446
4,19,0.065
4,19,0.7
4,19,0.289
4,19,0.019
4,19,0.052
4,19,0.239
4,19,0.082
4,19,0.345
4,19,0.024
4,20,0.045
4,20,0.3
4,20,0.075
4,20,0.364
4,20,0.024
4,20,0.108
4,20,0.148
4,20,0.251
4,20,0.407
4,20,0.045
4,20,0.459
4,20,0.098
4,20,0.249
4,20,0.226
4,21,0.217
4,21,0.039
4,21,0.259
4,21,0.409
4,21,0.414
4,21,0.011
4,21,0.03
4,21,0.019
4,21,1.205
4,21,0.253
4,21,0.018
4,21,0.071
4,21,0.006
4,21,0.501
4,21,0.395
4,21,0.302
4,21,0.357
4,22,0.22
4,22,0.056
4,22,0.15
4,22,0.256
4,22,0.253
4,22,0.363
4,22,0.192
4,22,0.35
4,22,0.318
4,22,0.109
4,22,0.077
4,22,0.447
4,22,0.298
4,22,0.015
4,23,0.03
4,23,0.017
4,23,0.275
4,23,0.017
4,23,1.214
4,23,0.319
4,23,0.185
4,23,0.733
4,23,0.913
4,23,0.376
4,23,0.839
4,23,0.111
4,23,0.06
4,23,0.081
4,23,0.07
4,23,0.122
4,23,0.347
4,23,0.055
4,24,0.059
4,24,0.53
4,24,0.101
4,24,0.662
4,24,0.02
4,24,0.191
4,24,0.473
4,24,0.142
4,24,0.617
4,24,0.076
4,24,0.278
4,24,0.008
4,24,0.013
4,24,0.004
4,24,0.125
4,24,0.392
4,24,0.429
4,24,0.007
4,24,0.046
4,25,0.326
4,25,0.301
4,25,0.377
4,25,0.36
4,25,0.112
4,25,0.039
4,25,0.662
4,25,0.532
4,25,0.051
4,25,0.023
4,25,0.02
4,25,0.028
4,25,0.703
4,25,0.041
4,26,0.261
4,26,0.02
4,26,0.036
4,26,0.244
4,26,0.053
4,26,0.086
4,26,0.036
4,26,0.39
4,26,0.026
4,26,0.493
4,26,0.03
4,26,0.034
4,26,0.154
4,27,0.348
4,27,0.016
4,27,0.204
4,27,0.077
4,27,0.016
4,27,0.036
4,27,0.294
4,27,0.739
4,27,0.138
4,27,0.04
4,27,0.012
4,27,0.149
4,28,0.127
4,28,0.057
4,28,0.057
4,28,0.175
4,28,0.094
4,28,0.582
4,28,0.018
4,28,0.269
4,28,0.146
4,28,0.284
4,28,0.148
4,28,0.031
4,28,0.129
4,28,0.038
4,28,0.3
4,29,0.746
4,29,0.445
4,29,0.03
4,29,0.078
4,29,0.007
4,29,0.026
4,29,0.146
4,29,0.144
4,29,0.759
4,29,0.021
4,29,0.493
4,29,0.032
4,29,0.106
4,29,0.055
4,29,0.374
4,29,0.315
4,29,0.149
4,29,0.014
4,30,0.38
4,30,0.049
4,30,0.029
4,30,0.203
4,30,0.051
4,30,0.358
4,30,0.611
4,30,0.718
4,30,0.333
4,30,0.073
4,30,0.032
4,30,0.046
4,30,0.497
4,30,0.164
5,1,1.323
5,1,1.225
5,1,1.551
5,1,0.843
5,1,0.947
5,1,1.792
5,1,0.98
5,1,0.964
5,1,1.073
5,1,1.318
5,1,1.471
5,1,0.492
5,1,0.912
5,1,1.124
5,1,1.752
5,1,1.154
5,1,1.044
5,1,0.231
5,1,0.781
5,1,1.094
5,1,0.956
5,1,0.74
5,1,1.076
5,2,1.29
5,2,0.75
5,2,0.975
5,2,1.001
5,2,0.358
5,2,1.041
5,2,0.97
5,2,0.454
5,2,1.195
5,2,0.022
5,2,0.812
5,2,0.405
5,2,1.36
5,2,0.904
5,2,1.002
5,2,1.075
5,2,0.78
5,2,1.195
5,2,0.684
5,2,0.835
5,2,1.118
5,3,0.603
5,3,0.738
5,3,0.823
5,3,0.316
5,3,0.628
5,3,0.876
5,3,0.623
5,3,1.052
5,3,1.185
5,3,0.713
5,3,1.045
5,3,0.748
5,3,1.057
5,3,1.118
5,3,1.115
5,3,0.558
5,3,1.446
5,3,1.097
5,3,0.762
5,3,1.078
5,3,0.33
5,3,0.958
5,4,0.756
5,4,0.822
5,4,1.439
5,4,0.858
5,4,0.436
5,4,0.583
5,4,0.609
5,4,1.014
5,4,0.607
5,4,1.098
5,4,1.146
5,4,0.578
5,4,0.668
5,4,0.284
5,4,0.92
5,4,0.477
5,4,0.602
5,4,0.909
5,4,0.6
5,4,0.589
5,5,0.683
5,5,1.017
5,5,0.399
5,5,0.076
5,5,1.015
5,5,0.73
5,5,1.157
5,5,1.353
5,5,0.719
5,5,0.029
5,5,0.419
5,5,0.552
5,5,0.008
5,5,0.745
5,5,0.992
5,5,0.315
5,5,0.593
5,5,0.922
5,5,0.519
5,5,0.784
5,6,0.433
5,6,0.584
5,6,0.678
5,6,0.115
5,6,0.518
5,6,0.358
5,6,0.815
5,6,1.046
5,6,0.949
5,6,0.879
5,6,0.541
5,6,1.206
5,6,0.052
5,6,0.197
5,6,0.485
5,6,0.826
5,6,0.9
5,6,0.49
5,6,0.209
5,7,0.515
5,7,0.707
5,7,0.78
5,7,0.274
5,7,0.471
5,7,0.405
5,7,0.506
5,7,1.082
5,7,0.227
5,7,0.042
5,7,0.205
5,7,0.443
5,7,0.212
5,7,0.664
5,7,0.152
5,7,1.119
5,7,0.705
5,7,0.858
5,7,0.818
5,8,0.809
5,8,0.431
5,8,0.754
5,8,0.399
5,8,0.909
5,8,0.494
5,8,0.287
5,8,0.049
5,8,0.05
5,8,0.67
5,8,0.697
5,8,0.127
5,8,0.983
5,8,0.722
5,8,1.079
5,8,0.49
5,8,0.841
5,9,0.008
5,9,0.288
5,9,0.479
5,9,0.498
5,9,0.311
5,9,0.161
5,9,0.369
5,9,0.615
5,9,0.694
5,9,0.289
5,9,0.341
5,9,0.006
5,9,0.778
5,9,0.119
5,9,0.767
5,9,0.437
5,9,0.384
5,10,0.348
5,10,0.438
5,10,0.664
5,10,0.657
5,10,0.065
5,10,0.085
5,10,0.074
5,10,0.75
5,10,0.365
5,10,0.287
5,10,0.72
5,10,1.339
5,10,0.484
5,10,0.344
5,10,0.565
5,10,0.303
5,11,0.886
5,11,0.825
5,11,0.059
5,11,0.081
5,11,0.35
5,11,0.5
5,11,0.272
5,11,0.069
5,11,0.167
5,11,0.53
5,11,0.178
5,11,0.413
5,11,0.355
5,11,0.124
5,11,0.883
5,11,0.415
5,11,0.659
5,12,0.614
5,12,0.746
5,12,0.392
5,12,0.024
5,12,0.073
5,12,0.27
5,12,0.034
5,12,0.537
5,12,0.845
5,12,0.318
5,12,0.218
5,13,0.628
5,13,0.295
5,13,0.038
5,13,0.494
5,13,0.287
5,13,0.66
5,13,0.05
5,13,0.157
5,13,0.205
5,13,0.076
5,13,0.357
5,13,0.131
5,13,1.025
5,13,0.206
5,13,0.284
5,13,0.249
5,13,0.332
5,13,0.866
5,14,0.32
5,14,0.227
5,14,0.048
5,14,0.097
5,14,0.373
5,14,0.238
5,14,0.691
5,14,0.159
5,14,0.074
5,14,0.976
5,14,0.36
5,14,0.914
5,14,0.35
5,14,0.324
5,14,0.86
5,14,0.093
5,14,0.53
5,14,0.327
5,15,0.508
5,15,0.138
5,15,0.012
5,15,0.012
5,15,0.342
5,15,0.578
5,15,0.03
5,15,0.296
5,15,1.032
5,15,0.487
5,15,0.614
5,15,0.161
5,15,0.755
5,15,0.294
5,16,0.115
5,16,0.67
5,16,0.057
5,16,0.416
5,16,0.134
5,16,0.511
5,16,0.121
5,16,0.245
5,16,0.383
5,16,0.557
5,16,0.601
5,16,0.845
5,16,0.119
5,16,0.296
5,16,0.53
5,16,0.531
5,17,0.508
5,17,0.305
5,17,0.169
5,17,0.537
5,17,0.313
5,17,0.199
5,17,0.078
5,17,0.052
5,17,0.475
5,17,0.309
5,17,0.507
5,17,0.868
5,17,0.055
5,17,0.31
5,17,1.11
5,17,0.143
5,18,1.058
5,18,0.421
5,18,0.058
5,18,0.519
5,18,0.437
5,18,0.09
5,18,0.108
5,18,0.374
5,18,0.404
5,18,0.169
5,18,0.34
5,18,0.701
5,18,0.572
5,18,0.125
5,18,0.024
5,18,0.816
5,18,0.019
5,19,0.043
5,19,0.395
5,19,0.009
5,19,0.224
5,19,0.195
5,19,0.029
5,19,0.088
5,19,0.071
5,19,0.508
5,19,0.013
5,19,0.193
5,19,0.754
5,19,0.462
5,19,0.419
5,20,0.425
5,20,0.596
5,20,0.029
5,20,0.638
5,20,0.414
5,20,0.137
5,20,0.34
5,20,0.259
5,20,0.012
5,20,0.021
5,20,0.204
5,20,0.245
5,20,0.471
5,20,0.081
5,21,0.474
5,21,0.221
5,21,0.412
5,21,0.074
5,21,0.056
5,21,0.377
5,21,0.566
5,21,0.77
5,21,1.147
5,21,0.333
5,22,0.162
5,22,0.232
5,22,0.542
5,22,0.039
5,22,0.36
5,22,0.032
5,22,0.052
5,22,0.121
5,22,0.132
5,22,0.021
5,22,0.363
5,22,0.118
5,22,0.049
5,22,0.522
5,23,0.04
5,23,0.071
5,23,0.074
5,23,0.093
5,23,0.385
5,23,1.093
5,23,0.035
5,23,0.309
5,23,0.715
5,23,0.771
5,24,0.022
5,24,0.479
5,24,0.002
5,24,0.203
5,24,0.093
5,24,0.046
5,24,0.344
5,24,0.106
5,24,0.031
5,24,0.044
5,24,0.197
5,24,0.278
5,25,0.356
5,25,0.424
5,25,0.079
5,25,0.592
5,25,0.219
5,25,0.041
5,25,0.022
5,25,0.7
5,25,0.114
5,25,0.009
5,26,0.053
5,26,0.338
5,26,0.26
5,26,0.34
5,26,0.019
5,26,0.286
5,26,0.045
5,27,0.893
5,27,0.075
5,27,0.094
5,27,0.076
5,27,0.155
5,27,0.126
5,27,0.071
5,27,1.287
5,27,0.022
5,27,0.036
5,27,0.239
5,27,1.421
5,28,0.024
5,28,0.073
5,28,0.171
5,28,0.004
5,28,0.085
5,28,0.874
5,28,0.03
5,28,0.067
5,28,0.407
5,28,0.978
5,29,0.045
5,29,0.391
5,29,1.054
5,29,0.577
5,29,0.178
5,29,0.058
5,29,0.057
5,29,0.67
5,29,0.253
5,29,0.123
5,29,0.074
5,29,0.412
5,30,0.009
5,30,0.44
5,30,0.501
5,30,0.464
5,30,0.88
5,30,0.024
5,30,0.808
5,30,0.019
5,30,0.055
5,30,0.144
5,30,0.611
5,30,0.78
6,1,0.848
6,1,0.821
6,1,0.984
6,1,1.545
6,1,1.069
6,1,0.773
6,1,0.77
6,1,1.211
6,1,1.474
6,1,1.686
6,1,2.036
6,1,1.69
6,1,0.461
6,1,1.419
6,1,1.082
6,1,1.62
6,1,0.326
6,1,0.697
6,1,0.542
6,1,1.095
6,1,0.757
6,1,1.318
6,2,0.85
6,2,1.245
6,2,0.897
6,2,1.372
6,2,0.673
6,2,0.835
6,2,1.158
6,2,1.029
6,2,0.976
6,2,0.4
6,2,0.76
6,2,0.615
6,2,0.63
6,2,0.761
6,2,1.365
6,2,0.349
6,2,0.918
6,2,0.771
6,2,0.742
6,3,0.702
6,3,1.047
6,3,0.165
6,3,1.042
6,3,0.648
6,3,0.665
6,3,0.743
6,3,0.99
6,3,1.365
6,3,0.847
6,3,0.72
6,3,0.095
6,3,0.134
6,3,0.955
6,3,0.462
6,3,0.854
6,3,0.612
6,3,1.727
6,3,0.371
6,4,0.814
6,4,0.334
6,4,1.128
6,4,0.394
6,4,0.839
6,4,1.048
6,4,1.462
6,4,0.458
6,4,0.259
6,4,0.783
6,4,0.277
6,4,0.648
6,4,0.619
6,4,1.196
6,5,1.145
6,5,0.075
6,5,0.845
6,5,0.389
6,5,0.458
6,5,1.128
6,5,0.834
6,5,0.523
6,5,0.959
6,5,0.295
6,5,0.043
6,5,0.538
6,5,0.272
6,5,0.025
6,5,0.085
6,5,0.777
6,6,0.638
6,6,0.02
6,6,0.71
6,6,0.215
6,6,0.253
6,6,0.908
6,6,0.278
6,6,0.634
6,6,0.579
6,6,0.018
6,6,0.116
6,6,0.133
6,6,0.293
6,6,0.84
6,6,0.821
6,6,0.838
6,6,0.673
6,6,0.175
6,6,0.577
6,7,0.695
6,7,2.649
6,7,0.271
6,7,0.935
6,7,0.033
6,7,0.619
6,7,0.731
6,7,0.201
6,7,0.118
6,7,0.507
6,7,0.027
6,7,0.813
6,7,0.722
6,7,0.296
6,7,0.273
6,7,0.113
6,7,0.071
6,8,0.926
6,8,0.092
6,8,0.674
6,8,0.072
6,8,0.718
6,8,0.197
6,8,0.564
6,8,0.753
6,8,0.339
6,8,0.007
6,8,0.355
6,8,0.047
6,8,0.128
6,8,0.009
6,8,0.499
6,8,1.051
6,8,0.297
6,9,1.079
6,9,0.217
6,9,0.166
6,9,0.449
6,9,0.312
6,9,0.283
6,9,0.715
6,9,0.208
6,9,0.301
6,9,0.177
6,9,0.284
6,9,0.053
6,9,0.928
6,9,0.547
6,9,0.094
6,9,0.03
6,9,0.005
6,9,0.071
6,9,0.013
6,10,0.008
6,10,0.427
6,10,0.131
6,10,0.068
6,10,0.024
6,10,0.172
6,10,0.615
6,10,0.851
6,10,0.726
6,10,0.313
6,10,0.661
6,10,0.792
6,10,0.442
6,10,0.481
6,10,0.437
6,10,0.154
6,10,0.432
6,10,0.818
6,10,0.014
6,11,0.303
6,11,0.216
6,11,0.346
6,11,0.647
6,11,0.383
6,11,0.194
6,11,0.039
6,11,0.233
6,11,0.152
6,11,0.075
6,11,0.553
6,11,1.054
6,11,0.152
6,11,0.008
6,11,0.084
6,11,0.591
6,11,0.026
6,11,0.746
6,11,0.035
6,11,0.815
6,11,0.337
6,11,0.154
6,11,0.702
6,11,0.28
6,12,0.045
6,12,0.149
6,12,0.435
6,12,0.063
6,12,1.168
6,12,0.222
6,12,0.049
6,12,1.042
6,12,1.315
6,12,0.441
6,12,0.938
6,12,0.578
6,12,0.685
6,12,0.385
6,12,0.24
6,12,0.166
6,12,0.379
6,12,0.036
6,12,0.919
6,12,0.361
6,12,0.388
6,13,0.628
6,13,0.359
6,13,0.009
6,13,0.285
6,13,0.943
6,13,0.121
6,13,0.094
6,13,0.318
6,13,0.11
6,13,1.189
6,13,0.642
6,13,0.096
6,13,0.235
6,13,0.492
6,13,0.303
6,13,0.379
6,13,0.262
6,13,0.133
6,13,0.314
6,13,0.439
6,14,0.798
6,14,0.278
6,14,0.012
6,14,0.056
6,14,0.508
6,14,0.329
6,14,0.149
6,14,0.03
6,14,0.067
6,14,0.076
6,14,0.077
6,14,0.195
6,14,0.387
6,14,0.201
6,14,0.758
6,14,0.299
6,14,0.347
6,14,0.637
6,14,1.597
6,15,0.076
6,15,0.385
6,15,0.098
6,15,0.119
6,15,0.263
6,15,0.08
6,15,0.38
6,15,0.12
6,15,0.426
6,15,0.418
6,15,0.032
6,15,0.449
6,15,0.229
6,15,0.008
6,15,0.268
6,15,0.025
6,15,0.489
6,15,0.041
6,16,0.025
6,16,0.023
6,16,0.074
6,16,0.039
6,16,0.088
6,16,0.021
6,16,0.265
6,16,0.071
6,16,0.241
6,16,0.375
6,16,0.484
6,16,0.307
6,16,0.469
6,16,0.015
6,16,0.109
6,16,0.135
6,16,0.034
6,16,0.157
6,16,0.1
6,16,0.014
6,17,0.184
6,17,0.09
6,17,0.051
6,17,0.036
6,17,0.054
6,17,0.115
6,17,0.303
6,17,0.257
6,17,0.424
6,17,0.279
6,17,0.018
6,17,0.299
6,17,0.391
6,17,0.057
6,17,0.495
6,18,0.196
6,18,0.083
6,18,0.403
6,18,0.013
6,18,0.356
6,18,0.212
6,18,0.432
6,18,0.991
6,18,0.36
6,18,0.821
6,18,1.289
6,18,0.071
6,18,0.492
6,18,0.013
6,18,0.576
6,18,0.65
6,18,0.168
6,18,0.317
6,19,0.021
6,19,0.114
6,19,0.024
6,19,0.254
6,19,0.473
6,19,0.017
6,19,0.254
6,19,0.743
6,19,0.292
6,19,1.209
6,19,0.351
6,19,0.169
6,19,0.038
6,19,0.019
6,19,0.908
6,19,0.008
6,19,0.42
6,19,0.774
6,19,0.065
6,19,0.426
6,19,0.733
6,19,0.062
6,19,0.047
6,20,0.392
6,20,1.07
6,20,0.44
6,20,0.024
6,20,0.099
6,20,0.067
6,20,1.182
6,20,0.267
6,20,0.152
6,20,0.464
6,20,0.673
6,20,0.155
6,20,0.621
6,20,0.009
6,20,0.418
6,20,0.076
6,20,0.501
6,20,0.29
6,20,0.024
6,21,0.031
6,21,0.015
6,21,0.266
6,21,0.181
6,21,0.37
6,21,0.378
6,21,0.352
6,21,0.025
6,21,0.031
6,21,0.018
6,21,0.051
6,21,0.194
6,21,0.942
6,21,0.21
6,21,0.075
6,21,0.318
6,21,0.366
6,22,0.034
6,22,0.772
6,22,0.044
6,22,0.534
6,22,0.447
6,22,0.022
6,22,0.903
6,22,0.517
6,22,0.832
6,22,0.584
6,23,0.428
6,23,0.213
6,23,0.155
6,23,0.497
6,23,0.579
6,23,0.024
6,23,0.062
6,23,0.123
6,23,0.286
6,23,0.904
6,23,0.462
6,24,0.014
6,24,0.629
6,24,0.208
6,24,0.007
6,24,0.007
6,24,0.442
6,24,0.43
6,24,0.533
6,24,0.025
6,24,0.552
6,24,0.332
6,24,0.614
6,24,0.014
6,24,0.4
6,24,0.007
6,24,0.095
6,24,0.029
6,25,0.048
6,25,0.202
6,25,0.15
6,25,0.09
6,25,0.545
6,25,0.007
6,25,0.027
6,25,0.024
6,25,0.082
6,25,0.43
6,25,0.46
6,25,0.473
6,25,0.242
6,25,0.692
6,26,0.029
6,26,0.033
6,26,0.021
6,26,0.275
6,26,0.404
6,26,0.029
6,26,0.752
6,26,0.055
6,26,0.226
6,26,0.331
6,26,0.005
6,26,0.486
6,26,0.073
6,26,0.074
6,26,0.028
6,26,0.558
6,26,0.042
6,26,0.055
6,27,0.055
6,27,0.296
6,27,0.038
6,27,0.352
6,27,0.111
6,27,0.057
6,27,0.02
6,27,0.058
6,27,0.082
6,27,0.529
6,27,0.012
6,27,0.223
6,27,0.414
6,27,0.014
6,28,0.145
6,28,0.035
6,28,0.392
6,28,0.689
6,28,0.044
6,28,0.044
6,28,0.302
6,28,0.039
6,29,0.029
6,29,0.148
6,29,0.468
6,29,0.941
6,29,0.025
6,29,0.01
6,29,0.064
6,29,0.053
6,29,0.553
6,29,0.221
6,29,0.769
6,29,0.439
6,29,0.011
6,29,0.139
6,29,0.008
6,30,0.105
6,30,0.063
6,30,0.315
6,30,0.202
6,30,0.074
6,30,0.103
6,30,0.007
6,30,0.019
6,30,0.235
6,30,0.483
6,30,0.391
6,30,0.046
6,30,0.029
6,30,0.008
6,30,0.755
6,30,0.366
6,30,0.096
