1,1,1.888
1,1,1.246
1,1,0.839
1,1,1.179
1,1,1.109
1,1,1.153
1,1,1.25
1,1,2.113
1,1,1.396
1,1,1.295
1,1,2.225
1,1,1.223
1,1,1.39
1,1,1.083
1,1,1.616
1,1,1.184
1,1,1.382
1,1,1.201
1,1,2.261
1,1,1.415
1,1,1.558
1,2,1.052
1,2,0.879
1,2,2.215
1,2,0.9
1,2,0.934
1,2,1.227
1,2,1.164
1,2,1.014
1,2,0.866
1,2,0.361
1,2,0.263
1,2,1.384
1,2,0.076
1,2,0.876
1,2,1.176
1,2,1.487
1,2,2.047
1,2,1.079
1,2,1.554
1,2,1.152
1,2,1.064
1,3,1.042
1,3,0.743
1,3,0.36
1,3,1.487
1,3,0.923
1,3,0.299
1,3,0.273
1,3,1.647
1,3,0.035
1,3,1.022
1,3,1.295
1,3,0.01
1,3,0.972
1,3,1.596
1,3,0.883
1,3,1.2
1,4,1.093
1,4,1.872
1,4,1.044
1,4,0.093
1,4,0.97
1,4,1.289
1,4,1.316
1,4,0.916
1,4,0.85
1,4,1.571
1,4,0.368
1,4,1.045
1,4,0.759
1,4,1.557
1,4,0.988
1,4,0.826
1,5,0.712
1,5,1.47
1,5,0.832
1,5,0.67
1,5,0.995
1,5,0.887
1,5,1.047
1,5,0.828
1,5,0.134
1,5,0.813
1,5,1.144
1,5,0.931
1,5,0.872
1,5,0.789
1,5,1.242
1,6,0.084
1,6,1.241
1,6,0.978
1,6,0.661
1,6,0.164
1,6,0.923
1,6,1.047
1,6,0.862
1,6,0.832
1,6,0.35
1,6,0.131
1,6,0.503
1,6,0.991
1,6,0.83
1,6,0.977
1,6,1.301
1,6,0.017
1,7,0.936
1,7,1.076
1,7,0.682
1,7,0.687
1,7,0.853
1,7,1.277
1,7,0.158
1,7,1.192
1,7,0.8
1,7,0.912
1,7,0.764
1,7,0.019
1,7,0.007
1,7,0.348
1,7,1.17
1,8,1.296
1,8,0.661
1,8,1.042
1,8,0.38
1,8,0.016
1,8,0.87
1,8,0.186
1,8,0.711
1,8,0.209
1,8,0.107
1,8,1.452
1,8,1.749
1,8,0.274
1,9,0.095
1,9,0.599
1,9,0.012
1,9,1.056
1,9,0.959
1,9,1.234
1,9,0.017
1,9,0.482
1,9,0.13
1,9,0.022
1,9,1.126
1,9,0.76
1,9,0.261
1,10,1.502
1,10,0.864
1,10,0.122
1,10,0.913
1,10,0.757
1,10,0.981
1,10,0.833
1,10,0.013
1,10,1.114
1,10,0.004
1,10,0.047
1,11,1.105
1,11,1.46
1,11,0.821
1,11,0.039
1,11,0.761
1,11,0.607
1,11,0.888
1,11,0.5
1,11,0.71
1,11,0.093
1,11,0.06
1,11,0.919
1,11,0.669
1,11,0.13
1,11,0.012
1,12,0.782
1,12,0.15
1,12,0.04
1,12,0.01
1,12,0.993
1,12,0.347
1,12,0.24
1,12,0.022
1,12,0.029
1,12,0.82
1,12,0.044
1,12,0.339
1,12,0.012
1,13,0.048
1,13,0.696
1,13,0.932
1,13,0.009
1,13,0.35
1,13,0.216
1,13,0.033
1,13,0.009
1,13,0.037
1,13,0.006
1,13,0.986
1,14,1.505
1,14,0.226
1,14,0.025
1,14,0.252
1,14,0.364
1,14,0.039
1,14,1.211
1,14,0.314
1,14,0.02
1,14,1.259
1,14,0.064
1,14,0.064
1,15,0.024
1,15,0.023
1,15,0.011
1,15,0.561
1,15,0.013
1,15,0.519
1,15,0.048
1,15,0.013
1,15,0.319
1,15,0.96
1,15,0.033
1,15,1.008
1,15,0.026
1,16,0.014
1,16,1.529
1,16,1.833
1,16,0.946
1,16,0.212
1,16,0.578
1,16,0.323
1,16,0.018
1,16,1.081
1,17,0.088
1,17,1.109
1,17,0.377
1,17,1.09
1,17,0.011
1,17,0.009
1,17,1.27
1,17,0.108
1,17,0.055
1,17,0.443
1,17,0.703
1,17,0.127
1,18,0.113
1,18,0.447
1,18,0.009
1,18,0.281
1,18,0.269
1,18,1.176
1,18,0.783
1,18,0.683
1,18,0.015
1,18,0.168
1,18,0.018
1,18,0.958
1,19,0.057
1,19,0.48
1,19,0.622
1,19,0.853
1,19,0.136
1,19,0.045
1,19,0.673
1,20,0.007
1,20,0.271
1,20,1.259
1,20,0.018
1,20,0.032
1,20,0.018
1,20,0.036
1,20,0.012
1,20,0.899
1,20,0.335
1,20,0.331
1,20,0.112
1,20,0.228
1,20,0.019
1,20,0.01
1,21,0.161
1,21,0.126
1,21,0.24
1,21,0.051
1,21,0.394
1,22,0.084
1,22,0.031
1,22,0.06
1,22,0.46
1,22,0.024
1,22,0.174
1,22,0.005
1,22,0.018
1,22,0.038
1,22,0.62
1,22,0.008
1,22,0.103
1,22,0.021
1,22,0.006
1,22,0.512
1,23,0.125
1,23,0.994
1,23,0.266
1,23,0.026
1,23,0.479
1,23,0.173
1,23,0.016
1,23,0.149
1,23,0.021
1,23,0.012
1,23,0.043
1,23,0.091
1,24,1.07
1,24,0.059
1,24,0.935
1,24,0.014
1,24,0.046
1,24,0.121
1,24,0.065
1,24,0.147
1,25,0.135
1,25,0.213
1,25,0.098
1,25,0.02
1,25,0.34
1,25,0.015
1,25,0.087
1,26,0.68
1,26,0.34
1,26,0.127
1,26,0.32
1,26,0.286
1,26,0.01
1,26,0.145
1,26,0.013
1,26,0.473
1,26,0.436
1,26,0.293
1,26,0.11
1,27,0.932
1,27,0.333
1,27,0.008
1,27,0.013
1,27,0.041
1,27,0.014
1,27,0.314
1,27,0.022
1,28,0.811
1,28,0.387
1,28,0.12
1,28,0.012
1,28,0.029
1,28,0.223
1,28,0.006
1,28,0.012
1,28,0.635
1,28,0.35
1,28,0.204
1,28,0.013
1,29,0.094
1,29,0.553
1,29,0.023
1,29,0.611
1,29,0.338
1,29,0.074
1,29,0.004
1,29,0.482
1,29,0.344
1,29,0.012
1,30,1.226
1,30,0.008
1,30,0.065
1,30,1.444
1,30,0.014
1,30,0.335
1,30,0.026
1,30,0.026
1,30,0.013
1,30,0.352
1,30,0.324
2,1,1.197
2,1,0.921
2,1,1.009
2,1,0.791
2,1,1.648
2,1,1.326
2,1,0.38
2,1,0.687
2,1,1.469
2,1,0.845
2,1,1.796
2,1,0.544
2,1,0.965
2,2,1.144
2,2,1.292
2,2,1.135
2,2,0.785
2,2,0.761
2,2,1.157
2,2,1.234
2,2,1.37
2,2,0.879
2,2,0.913
2,3,1.171
2,3,0.776
2,3,1.246
2,3,1.148
2,3,1.583
2,3,1.169
2,3,0.882
2,3,0.622
2,3,1.107
2,3,0.413
2,3,0.008
2,4,1.094
2,4,0.666
2,4,0.538
2,4,0.943
2,4,0.623
2,4,0.911
2,4,0.595
2,4,1.107
2,4,0.48
2,4,0.417
2,4,0.266
2,5,1.165
2,5,0.348
2,5,0.487
2,5,0.557
2,5,0.62
2,5,1.305
2,5,1.212
2,5,0.665
2,5,0.445
2,5,1.85
2,5,0.195
2,5,0.255
2,5,1.08
2,5,0.331
2,5,0.997
2,6,0.089
2,6,0.169
2,6,1.148
2,6,0.961
2,6,0.757
2,6,0.518
2,6,0.058
2,6,1.461
2,6,1.412
2,6,0.277
2,6,0.05
2,6,0.028
2,7,0.897
2,7,0.829
2,7,0.581
2,7,0.176
2,7,0.035
2,7,0.835
2,7,0.751
2,7,0.708
2,7,0.705
2,7,0.1
2,7,0.346
2,7,0.457
2,7,0.283
2,8,0.283
2,8,0.802
2,8,0.395
2,8,0.064
2,8,0.404
2,8,0.827
2,8,0.435
2,8,1.099
2,8,0.336
2,8,0.903
2,8,0.455
2,8,0.132
2,8,0.485
2,9,0.535
2,9,0.358
2,9,0.032
2,9,0.381
2,9,0.55
2,9,0.246
2,9,0.27
2,9,0.069
2,9,1.091
2,9,0.492
2,10,0.219
2,10,0.568
2,10,0.867
2,10,1.101
2,10,0.655
2,10,0.083
2,10,0.013
2,10,0.137
2,10,0.373
2,10,0.253
2,10,0.445
2,10,0.014
2,11,0.427
2,11,0.033
2,11,0.786
2,11,0.283
2,11,0.609
2,11,0.112
2,11,0.804
2,11,0.273
2,11,0.556
2,11,0.16
2,12,0.457
2,12,0.679
2,12,0.345
2,12,0.974
2,12,0.09
2,12,1.156
2,12,0.017
2,12,0.027
2,12,0.449
2,12,0.069
2,12,0.019
2,12,1.088
2,12,0.501
2,12,0.443
2,12,0.184
2,13,0.302
2,13,0.362
2,13,1.159
2,13,0.057
2,13,0.034
2,13,0.042
2,13,0.271
2,13,0.02
2,13,0.007
2,13,0.323
2,13,1.422
2,13,0.091
2,14,0.019
2,14,0.479
2,14,0.595
2,14,1.224
2,14,0.3
2,14,0.268
2,14,0.778
2,14,1.146
2,14,0.487
2,14,0.016
2,15,0.914
2,15,0.075
2,15,1.191
2,15,0.026
2,15,0.663
2,15,1.013
2,15,0.353
2,15,0.052
2,15,0.088
2,15,0.24
2,15,0.386
2,15,1.063
2,16,0.817
2,16,1.353
2,16,0.04
2,16,0.45
2,16,1.41
2,16,0.721
2,17,0.036
2,17,0.003
2,17,0.023
2,17,0.038
2,17,0.38
2,17,0.144
2,18,0.023
2,18,0.129
2,18,0.428
2,18,0.301
2,18,0.065
2,18,1.234
2,18,0.018
2,18,0.455
2,18,0.011
2,18,0.021
2,18,0.134
2,19,0.365
2,19,0.444
2,19,0.164
2,20,0.015
2,20,0.358
2,20,0.674
2,20,0.364
2,20,0.716
2,20,0.396
2,20,0.032
2,20,0.247
2,20,0.392
2,20,0.284
2,21,0.069
2,21,0.351
2,21,0.22
2,21,1.221
2,21,0.383
2,21,0.019
2,21,0.03
2,21,1.143
2,21,0.381
2,21,0.229
2,22,0.114
2,22,0.151
2,22,0.159
2,22,1.025
2,22,0.318
2,22,0.023
2,22,0.055
2,22,0.085
2,22,0.104
2,22,0.92
2,22,0.039
2,23,0.721
2,23,0.039
2,23,0.127
2,23,0.014
2,23,0.029
2,23,0.659
2,23,0.02
2,23,0.009
2,24,0.038
2,24,0.257
2,24,0.081
2,24,0.21
2,24,0.013
2,24,0.553
2,24,0.13
2,24,0.421
2,25,0.118
2,25,0.038
2,25,0.135
2,25,0.46
2,25,0.411
2,25,0.018
2,26,1.282
2,26,0.04
2,26,0.317
2,26,0.211
2,26,0.107
2,26,0.344
2,26,0.027
2,26,0.337
2,26,0.05
2,27,0.068
2,27,0.016
2,27,0.237
2,27,0.02
2,27,0.023
2,27,0.019
2,27,0.018
2,27,0.819
2,28,0.585
2,28,0.082
2,28,0.018
2,28,0.027
2,28,0.129
2,28,0.388
2,29,0.037
2,29,0.036
2,29,0.027
2,29,0.02
2,29,0.013
2,29,0.348
2,29,0.011
2,29,1.003
2,29,0.072
2,29,0.05
2,29,0.022
2,30,0.027
2,30,1.31
2,30,0.013
3,1,0.923
3,1,1.596
3,1,1.124
3,1,1.858
3,1,1.51
3,1,0.818
3,1,1.231
3,1,1.889
3,1,0.948
3,1,1.658
3,1,0.116
3,1,1.207
3,1,1.172
3,1,1.734
3,1,1.029
3,1,0.382
3,1,1.589
3,1,1.448
3,2,1.076
3,2,1.219
3,2,0.639
3,2,1.436
3,2,0.634
3,2,1.228
3,2,1.177
3,2,0.813
3,2,0.845
3,2,0.014
3,2,0.607
3,2,1.574
3,2,1.089
3,2,1.118
3,2,1.459
3,2,1.024
3,3,0.889
3,3,0.931
3,3,1.104
3,3,1.062
3,3,0.48
3,3,1.688
3,3,0.674
3,3,0.173
3,3,1.022
3,3,0.547
3,3,1.149
3,3,0.976
3,3,0.899
3,3,1.152
3,3,0.482
3,3,0.721
3,4,1.258
3,4,1.188
3,4,1.144
3,4,0.822
3,4,0.077
3,4,0.266
3,4,0.83
3,4,0.087
3,4,0.728
3,4,1.005
3,4,1.165
3,4,1.244
3,4,0.68
3,4,0.748
3,4,1.104
3,4,0.047
3,5,1.353
3,5,0.828
3,5,0.843
3,5,0.455
3,5,1.113
3,5,0.029
3,5,0.6
3,5,0.026
3,5,1.322
3,5,1.168
3,5,0.853
3,5,0.006
3,5,0.142
3,5,0.395
3,6,1.249
3,6,1.043
3,6,0.872
3,6,0.338
3,6,0.258
3,6,1.19
3,6,0.094
3,6,0.486
3,6,0.016
3,7,0.388
3,7,0.905
3,7,0.815
3,7,0.064
3,7,0.056
3,7,0.27
3,7,1.259
3,7,0.168
3,7,0.806
3,7,0.242
3,7,0.014
3,7,0.431
3,8,0.764
3,8,0.136
3,8,0.603
3,8,0.848
3,8,1.204
3,8,0.221
3,8,0.239
3,8,0.726
3,8,0.245
3,8,0.541
3,8,1.039
3,9,0.991
3,9,0.368
3,9,0.775
3,9,0.009
3,9,0.324
3,9,0.063
3,9,0.842
3,9,0.607
3,9,0.241
3,9,1.262
3,9,0.966
3,10,0.198
3,10,0.755
3,10,0.086
3,10,1.219
3,10,0.506
3,10,1.049
3,10,0.458
3,10,1.161
3,10,0.205
3,10,0.012
3,10,0.317
3,10,0.854
3,10,0.364
3,11,0.032
3,11,0.014
3,11,0.555
3,11,0.534
3,11,0.134
3,11,0.039
3,11,0.007
3,11,0.674
3,11,0.005
3,11,0.322
3,11,0.007
3,11,0.435
3,11,1.085
3,11,0.009
3,11,1.002
3,12,0.287
3,12,1.028
3,12,0.379
3,12,0.015
3,12,0.647
3,12,0.037
3,12,0.73
3,12,0.192
3,12,0.122
3,12,0.013
3,12,0.489
3,12,0.025
3,12,0.307
3,12,0.103
3,12,0.909
3,12,0.113
3,12,0.287
3,13,0.163
3,13,0.094
3,13,0.045
3,13,0.02
3,13,0.052
3,13,0.045
3,13,0.043
3,13,0.448
3,13,0.315
3,13,0.005
3,13,0.253
3,13,0.733
3,13,0.393
3,13,0.011
3,14,0.316
3,14,0.48
3,14,0.606
3,14,0.009
3,14,0.013
3,14,0.723
3,14,0.043
3,14,0.303
3,14,0.1
3,14,1.025
3,14,0.374
3,14,0.01
3,14,0.006
3,14,0.716
3,14,0.004
3,14,0.022
3,14,0.051
3,14,0.019
3,15,0.591
3,15,0.006
3,15,0.075
3,15,0.33
3,15,0.514
3,15,0.291
3,15,0.433
3,15,0.026
3,15,0.182
3,15,0.006
3,15,0.696
3,15,0.003
3,15,1.124
3,15,0.717
3,15,0.116
3,15,0.563
3,15,0.065
3,16,0.029
3,16,0.024
3,16,0.195
3,16,0.011
3,16,0.009
3,16,0.3
3,16,0.452
3,16,0.199
3,16,1.227
3,16,0.155
3,16,0.225
3,16,0.24
3,17,0.263
3,17,0.006
3,17,0.009
3,17,0.011
3,17,0.255
3,17,0.539
3,17,1.167
3,17,0.131
3,17,0.471
3,17,0.157
3,17,0.588
3,17,0.275
3,18,0.112
3,18,0.914
3,18,0.982
3,18,0.36
3,18,0.212
3,18,0.741
3,18,0.065
3,18,0.346
3,19,0.006
3,19,0.396
3,19,0.77
3,19,0.006
3,19,0.19
3,19,0.13
3,19,0.004
3,19,0.123
3,19,0.005
3,19,0.079
3,19,0.385
3,19,0.016
3,19,0.728
3,20,0.16
3,20,0.539
3,20,0.365
3,20,0.034
3,20,0.085
3,20,0.143
3,20,0.053
3,20,0.021
3,20,0.367
3,21,0.008
3,21,0.11
3,21,0.064
3,21,0.631
3,21,0.127
3,21,0.025
3,21,0.011
3,21,0.433
3,21,0.018
3,21,0.079
3,21,0.042
3,21,0.457
3,22,0.049
3,22,0.154
3,22,0.159
3,22,0.324
3,22,0.34
3,22,0.343
3,22,0.032
3,22,0.044
3,22,0.144
3,22,0.499
3,22,0.295
3,22,1.552
3,22,0.015
3,23,0.335
3,23,0.078
3,23,0.151
3,23,0.518
3,23,0.459
3,23,0.134
3,23,0.276
3,23,0.491
3,23,0.005
3,23,0.063
3,23,0.441
3,23,0.009
3,23,0.007
3,23,0.132
3,23,0.069
3,23,0.01
3,24,0.017
3,24,0.056
3,24,0.028
3,24,0.112
3,24,0.93
3,24,0.049
3,24,0.01
3,24,0.019
3,24,0.111
3,24,0.034
3,24,0.114
3,24,0.01
3,24,0.455
3,24,0.025
3,24,0.864
3,24,0.012
3,24,0.021
3,24,0.013
3,25,0.561
3,25,0.138
3,25,0.031
3,25,0.054
3,25,0.133
3,25,0.025
3,25,0.027
3,25,0.017
3,25,0.059
3,25,0.292
3,25,0.022
3,25,0.018
3,25,0.393
3,25,0.044
3,26,0.009
3,26,0.109
3,26,0.039
3,26,0.044
3,26,0.122
3,26,0.007
3,26,0.022
3,26,0.343
3,26,0.23
3,26,0.016
3,26,0.45
3,26,0.042
3,26,0.475
3,26,0.289
3,27,0.08
3,27,0.068
3,27,0.08
3,27,0.012
3,27,0.047
3,27,0.309
3,27,0.012
3,27,0.091
3,27,0.024
3,27,0.465
3,27,0.005
3,27,0.067
3,28,0.645
3,28,0.047
3,28,0.156
3,28,0.069
3,28,0.007
3,28,0.279
3,28,0.205
3,28,0.011
3,28,0.326
3,28,0.497
3,28,0.007
3,29,0.03
3,29,0.029
3,29,0.114
3,29,0.109
3,29,0.057
3,29,0.034
3,29,0.302
3,29,0.092
3,30,0.027
3,30,0.066
3,30,0.179
3,30,0.202
3,30,0.309
3,30,0.032
4,1,1.82
4,1,1.277
4,1,0.858
4,1,1.307
4,1,1.401
4,1,0.477
4,1,1.756
4,1,0.61
4,1,1.79
4,1,0.14
4,1,1.487
4,1,0.909
4,1,1.841
4,1,0.473
4,1,0.732
4,1,1.374
4,1,0.746
4,1,1.891
4,1,1.855
4,1,1.797
4,1,1.17
4,2,1.063
4,2,0.996
4,2,1.193
4,2,1.635
4,2,1.131
4,2,0.095
4,2,0.817
4,2,1.573
4,2,1.767
4,2,0.462
4,2,0.707
4,2,1.07
4,2,1.228
4,2,1.133
4,2,0.682
4,3,0.969
4,3,0.018
4,3,1.379
4,3,1.263
4,3,0.096
4,3,1.026
4,3,1.105
4,3,0.457
4,3,0.746
4,3,0.337
4,3,1.405
4,3,0.921
4,3,0.008
4,3,0.753
4,3,1.267
4,3,1.39
4,3,1.329
4,3,1.153
4,3,0.071
4,3,0.319
4,4,1.279
4,4,0.587
4,4,1.162
4,4,1.186
4,4,0.7
4,4,0.162
4,4,1.369
4,4,0.824
4,4,1.143
4,4,1.076
4,4,0.743
4,4,0.771
4,4,0.19
4,4,0.715
4,4,1.026
4,4,0.005
4,4,1.187
4,4,0.715
4,4,1.161
4,4,0.852
4,4,0.928
4,4,1.199
4,5,0.847
4,5,0.073
4,5,0.683
4,5,0.055
4,5,0.106
4,5,0.185
4,5,0.932
4,5,0.303
4,5,1.038
4,5,0.681
4,5,0.245
4,5,1.37
4,5,0.978
4,5,0.403
4,5,0.631
4,5,0.983
4,5,0.183
4,6,0.824
4,6,0.571
4,6,0.512
4,6,0.486
4,6,0.3
4,6,0.095
4,6,0.012
4,6,1.161
4,6,0.659
4,6,0.866
4,6,0.807
4,6,0.895
4,6,0.894
4,6,0.776
4,6,0.379
4,6,0.822
4,6,1.444
4,7,1.179
4,7,0.251
4,7,0.318
4,7,0.172
4,7,1.393
4,7,0.104
4,7,0.617
4,7,1.157
4,7,1.153
4,7,0.013
4,7,1.075
4,8,0.733
4,8,0.182
4,8,1.36
4,8,1.376
4,8,0.264
4,8,0.9
4,8,0.105
4,8,0.685
4,8,0.083
4,8,0.249
4,8,0.127
4,8,0.627
4,8,0.15
4,8,0.101
4,8,0.822
4,8,0.302
4,9,1.279
4,9,0.21
4,9,0.494
4,9,0.125
4,9,0.814
4,9,1.038
4,9,1.179
4,9,0.395
4,9,0.402
4,9,0.184
4,9,0.233
4,9,0.635
4,9,0.014
4,9,1.014
4,9,0.782
4,9,0.07
4,9,0.593
4,9,0.112
4,9,0.058
4,9,0.123
4,10,0.034
4,10,0.035
4,10,0.005
4,10,0.006
4,10,0.034
4,10,0.254
4,10,0.016
4,10,0.004
4,10,0.362
4,10,0.074
4,10,0.009
4,10,0.445
4,10,0.178
4,10,0.341
4,10,0.021
4,10,0.394
4,11,0.067
4,11,2.247
4,11,0.009
4,11,0.066
4,11,0.169
4,11,0.011
4,11,0.373
4,11,0.036
4,11,0.031
4,11,0.04
4,11,1.242
4,11,0.009
4,11,0.275
4,11,0.705
4,11,0.026
4,11,0.129
4,11,0.025
4,11,0.022
4,12,0.139
4,12,0.008
4,12,0.903
4,12,0.008
4,12,0.055
4,12,0.503
4,12,0.252
4,12,0.022
4,12,0.39
4,12,0.438
4,12,0.286
4,12,0.333
4,12,0.501
4,13,0.08
4,13,0.024
4,13,0.386
4,13,0.531
4,13,0.01
4,13,0.011
4,13,0.65
4,13,1.121
4,13,0.229
4,13,0.039
4,14,0.14
4,14,1.186
4,14,0.014
4,14,0.413
4,14,0.039
4,14,0.401
4,14,0.04
4,14,0.076
4,14,0.012
4,14,0.284
4,15,0.115
4,15,0.872
4,15,0.316
4,15,0.017
4,15,0.464
4,15,0.008
4,15,0.036
4,15,0.014
4,15,0.017
4,15,0.812
4,15,1.098
4,16,0.266
4,16,0.061
4,16,0.118
4,16,0.008
4,16,1.441
4,16,0.016
4,16,0.045
4,16,0.333
4,16,0.436
4,16,0.515
4,16,0.015
4,16,0.08
4,16,0.008
4,16,0.36
4,16,0.174
4,16,0.15
4,16,0.162
4,16,0.067
4,16,0.056
4,17,0.2
4,17,0.005
4,17,0.047
4,17,0.009
4,17,0.018
4,17,0.012
4,17,0.014
4,17,0.036
4,17,0.014
4,17,0.441
4,17,0.022
4,17,0.015
4,18,0.151
4,18,0.353
4,18,0.071
4,18,0.45
4,18,0.335
4,18,0.326
4,18,0.08
4,18,0.014
4,18,0.968
4,18,0.258
4,18,0.287
4,18,0.164
4,18,0.567
4,18,0.169
4,18,0.008
4,18,0.094
4,19,0.192
4,19,0.309
4,19,0.327
4,19,0.027
4,19,0.601
4,19,0.012
4,19,0.017
4,19,2.008
4,19,0.005
4,19,0.614
4,19,0.397
4,19,0.047
4,19,0.157
4,20,0.03
4,20,0.304
4,20,0.037
4,20,0.948
4,20,0.039
4,20,0.672
4,20,0.047
4,20,0.407
4,20,0.009
4,20,0.009
4,20,0.012
4,20,0.029
4,20,0.133
4,21,0.057
4,21,0.442
4,21,0.033
4,21,0.494
4,21,0.369
4,21,0.071
4,21,1.322
4,21,0.028
4,21,0.484
4,21,0.023
4,21,0.193
4,22,0.054
4,22,0.033
4,22,0.212
4,22,1.281
4,22,0.023
4,22,0.059
4,22,0.053
4,22,0.008
4,22,0.515
4,22,0.286
4,23,0.044
4,23,0.071
4,23,0.116
4,23,0.318
4,23,0.744
4,23,0.01
4,23,2.037
4,23,1.664
4,23,0.705
4,23,0.165
4,23,0.012
4,24,0.582
4,24,0.338
4,24,0.173
4,24,0.455
4,24,0.056
4,24,0.496
4,25,0.09
4,25,0.384
4,25,0.657
4,25,0.467
4,25,0.371
4,25,0.016
4,25,0.354
4,25,0.149
4,25,0.031
4,25,0.014
4,25,0.018
4,25,0.144
4,25,0.3
4,25,0.005
4,25,0.029
4,26,0.018
4,26,0.764
4,26,0.545
4,26,0.016
4,26,0.02
4,26,0.107
4,26,0.095
4,26,0.12
4,26,0.014
4,26,0.114
4,27,0.008
4,27,0.043
4,27,0.075
4,27,0.013
4,27,0.46
4,27,0.009
4,27,0.078
4,27,0.015
4,27,0.012
4,27,0.013
4,27,0.712
4,27,0.007
4,27,1.02
4,27,0.018
4,28,0.601
4,28,0.48
4,28,0.06
4,28,0.024
4,28,0.017
4,28,0.017
4,28,0.038
4,29,0.025
4,29,0.012
4,29,0.032
4,29,0.09
4,29,0.375
4,29,1.177
4,29,0.266
4,29,0.008
4,29,1.212
4,29,0.032
4,29,0.014
4,30,0.305
4,30,0.548
4,30,1.042
4,30,0.01
4,30,0.009
