1,1,1.674
1,1,0.946
1,1,2.715
1,1,2.503
1,1,0.906
1,1,1.937
1,1,1.737
1,1,0.708
1,1,1.407
1,1,2.349
1,1,1.281
1,1,0.71
1,1,1.31
1,1,2.01
1,1,2.283
1,1,1.855
1,1,1.992
1,1,2.497
1,1,1.565
1,1,1.595
1,1,0.811
1,1,0.992
1,1,1.946
1,1,1.579
1,1,1.903
1,1,1.209
1,1,1.077
1,1,2.073
1,1,2.101
1,1,1.409
1,1,2.032
1,1,1.023
1,2,0.978
1,2,0.969
1,2,1.98
1,2,1.654
1,2,1.405
1,2,0.939
1,2,0.903
1,2,0.961
1,2,0.973
1,2,1.484
1,2,1.844
1,2,1.261
1,2,1.075
1,2,1.053
1,2,1.168
1,2,1.211
1,2,1.386
1,2,0.72
1,2,0.655
1,2,1.474
1,2,0.496
1,2,1.326
1,2,1.625
1,2,0.491
1,2,0.943
1,2,0.006
1,2,2.373
1,2,0.051
1,2,1.467
1,2,1.639
1,2,0.148
1,2,1.295
1,2,1.988
1,2,1.126
1,2,1.264
1,2,1.828
1,2,0.01
1,2,1.365
1,2,1.554
1,2,2.423
1,2,1.037
1,2,1.619
1,2,1.406
1,3,0.818
1,3,0.931
1,3,1.55
1,3,0.968
1,3,1.61
1,3,1.608
1,3,0.491
1,3,1.474
1,3,0.978
1,3,0.14
1,3,2.045
1,3,1.118
1,3,2.173
1,3,1.069
1,3,0.505
1,3,1.022
1,3,0.742
1,3,1.18
1,3,1.807
1,3,0.994
1,3,0.902
1,3,1.156
1,3,0.969
1,3,0.126
1,3,1.217
1,3,1.236
1,3,2.057
1,3,1.442
1,3,1.06
1,3,1
1,3,1.673
1,3,1.121
1,3,1.513
1,3,1.557
1,3,0.604
1,3,1.073
1,3,1.308
1,3,1.137
1,3,0.813
1,3,1.495
1,3,1.064
1,3,1
1,3,0.14
1,3,1.959
1,3,1.348
1,3,1.388
1,3,1.691
1,3,1.434
1,3,0.795
1,4,0.193
1,4,0.026
1,4,2.448
1,4,2.177
1,4,1.559
1,4,1.445
1,4,1.994
1,4,1.515
1,4,0.844
1,4,1.677
1,4,1.467
1,4,1.038
1,4,0.927
1,4,1.592
1,4,2.465
1,4,0.537
1,4,1.219
1,4,1.399
1,4,1.413
1,4,0.724
1,4,0.966
1,4,1.24
1,4,0.827
1,4,2.311
1,4,0.88
1,4,0.764
1,4,0.721
1,4,0.322
1,4,0.231
1,4,1.325
1,4,1.006
1,4,0.551
1,4,1.17
1,4,1.156
1,4,0.854
1,4,0.815
1,5,1.329
1,5,0.881
1,5,0.736
1,5,0.961
1,5,0.456
1,5,0.729
1,5,0.626
1,5,1.582
1,5,0.574
1,5,1.019
1,5,0.934
1,5,2.166
1,5,0.482
1,5,1.13
1,5,0.896
1,5,1.698
1,5,0.92
1,5,0.465
1,5,0.283
1,5,0.762
1,5,0.502
1,5,1.357
1,5,2.355
1,5,1.064
1,5,1.024
1,5,0.511
1,5,1.593
1,5,0.8
1,5,1.753
1,5,1.462
1,5,0.827
1,5,1.684
1,5,1.077
1,5,1.034
1,5,1.685
1,5,2.006
1,5,0.896
1,5,1.154
1,5,0.298
1,5,0.911
1,5,2.045
1,5,1.211
1,6,1.909
1,6,1.096
1,6,0.035
1,6,0.149
1,6,0.846
1,6,0.67
1,6,0.714
1,6,1.103
1,6,1.551
1,6,0.355
1,6,1.45
1,6,0.047
1,6,0.788
1,6,1.403
1,6,1.223
1,6,0.188
1,6,0.638
1,6,1.109
1,6,1.383
1,6,1.077
1,6,0.539
1,6,1.922
1,6,1.415
1,6,0.762
1,6,0.7
1,6,0.943
1,6,0.565
1,6,0.052
1,6,0.759
1,6,0.981
1,6,0.565
1,6,1.308
1,6,1.008
1,6,1.074
1,6,1.255
1,6,0.484
1,6,0.998
1,7,0.967
1,7,1.207
1,7,0.009
1,7,0.128
1,7,1.2
1,7,0.427
1,7,1.041
1,7,0.976
1,7,0.888
1,7,1.094
1,7,1.857
1,7,0.692
1,7,1.294
1,7,0.071
1,7,0.007
1,7,1.816
1,7,0.981
1,7,0.298
1,7,0.54
1,7,0.845
1,7,0.113
1,7,1.759
1,7,1.238
1,7,1.096
1,7,1.741
1,7,1.474
1,7,0.76
1,7,1.191
1,7,0.453
1,7,0.134
1,7,0.831
1,7,1.564
1,7,1.849
1,7,0.843
1,7,1.54
1,7,1.456
1,7,0.536
1,7,0.766
1,8,0.942
1,8,1.036
1,8,0.229
1,8,1.205
1,8,1.852
1,8,2.191
1,8,0.661
1,8,1.259
1,8,0.932
1,8,0.9
1,8,0.126
1,8,1.565
1,8,2.256
1,8,0.009
1,8,0.873
1,8,1.731
1,8,1.026
1,8,0.388
1,8,0.951
1,8,1.194
1,8,0.037
1,8,1.438
1,8,1.096
1,8,0.032
1,8,0.86
1,8,0.613
1,8,0.471
1,8,0.904
1,8,1.049
1,8,1.096
1,8,0.636
1,8,0.547
1,8,1.844
1,8,1.084
1,8,0.675
1,8,0.917
1,8,1.476
1,8,0.482
1,8,0.846
1,8,1.255
1,8,1.128
1,8,0.056
1,9,0.085
1,9,1.679
1,9,1.255
1,9,0.798
1,9,1.395
1,9,1.236
1,9,0.049
1,9,1.84
1,9,1.051
1,9,1.305
1,9,1.007
1,9,0.832
1,9,1.706
1,9,1.088
1,9,1.702
1,9,1.365
1,9,0.222
1,9,0.177
1,9,0.657
1,9,0.534
1,9,1.461
1,9,1.235
1,9,0.068
1,9,0.191
1,9,0.759
1,9,0.876
1,9,1.11
1,9,1.155
1,9,0.941
1,9,0.004
1,9,0.561
1,9,1.261
1,9,2.083
1,9,1.052
1,9,0.979
1,9,1.413
1,10,1.615
1,10,2.113
1,10,0.788
1,10,0.858
1,10,0.126
1,10,0.966
1,10,2.409
1,10,1.239
1,10,0.94
1,10,1.206
1,10,0.645
1,10,1.049
1,10,0.842
1,10,0.075
1,10,0.991
1,10,0.686
1,10,1.563
1,10,1.991
1,10,0.591
1,10,0.877
1,10,1.402
1,10,0.803
1,10,0.051
1,10,1.316
1,10,1.021
1,10,0.458
1,10,0.884
1,10,1.537
1,10,0.46
1,10,0.058
1,10,0.005
1,10,1.515
1,10,0.852
1,10,1.484
1,10,0.357
1,10,0.012
1,10,0.087
1,11,0.183
1,11,1.229
1,11,1.255
1,11,0.836
1,11,1.135
1,11,0.6
1,11,2.314
1,11,1.363
1,11,0.161
1,11,0.764
1,11,1.542
1,11,0.524
1,11,0.703
1,11,0.142
1,11,0.838
1,11,0.717
1,11,0.859
1,11,1.125
1,11,0.396
1,11,1.361
1,11,0.089
1,11,1.494
1,11,0.773
1,11,0.067
1,11,0.775
1,11,1.587
1,11,0.014
1,11,0.731
1,11,1.327
1,11,0.462
1,12,1.493
1,12,1.273
1,12,1.105
1,12,1.11
1,12,1.619
1,12,0.722
1,12,1.717
1,12,0.505
1,12,0.564
1,12,1.015
1,12,0.961
1,12,0.754
1,12,1.65
1,12,0.583
1,12,1.356
1,12,0.421
1,12,1.355
1,12,0.886
1,12,0.922
1,12,1.422
1,12,0.446
1,12,0.992
1,12,0.128
1,12,0.767
1,12,2.309
1,12,0.616
1,12,1.171
1,12,1.129
1,13,1.254
1,13,0.538
1,13,0.815
1,13,0.78
1,13,1.255
1,13,1.067
1,13,1.176
1,13,1.067
1,13,2.01
1,13,0.062
1,13,1.23
1,13,0.381
1,13,0.863
1,13,0.808
1,13,0.819
1,13,0.466
1,13,1.288
1,13,1.328
1,13,0.074
1,13,0.125
1,13,0.059
1,13,0.601
1,13,1.138
1,13,0.328
1,13,0.103
1,14,0.437
1,14,0.709
1,14,0.093
1,14,0.87
1,14,0.804
1,14,1.067
1,14,1.121
1,14,1.445
1,14,0.912
1,14,0.763
1,14,1.03
1,14,1.949
1,14,1.172
1,14,1.294
1,14,0.6
1,14,0.901
1,14,0.181
1,14,0.415
1,14,0.426
1,14,0.939
1,14,1.311
1,14,0.522
1,14,1.14
1,14,0.781
1,15,0.947
1,15,1.106
1,15,0.609
1,15,0.723
1,15,0.866
1,15,1.41
1,15,0.983
1,15,1.179
1,15,1.264
1,15,0.097
1,15,0.875
1,15,0.308
1,15,1.521
1,15,0.012
1,15,0.008
1,15,0.093
1,15,1.226
1,15,0.08
1,15,0.489
1,15,0.503
1,15,0.052
1,15,3.018
1,15,0.857
1,15,0.485
1,15,0.919
1,15,0.927
1,16,0.133
1,16,0.905
1,16,1.272
1,16,0.703
1,16,0.74
1,16,2.387
1,16,0.546
1,16,0.438
1,16,1.176
1,16,1.3
1,16,0.907
1,16,1.514
1,16,0.279
1,16,0.719
1,16,0.191
1,16,2.14
1,16,1.163
1,16,0.62
1,17,0.01
1,17,1.829
1,17,0.651
1,17,0.579
1,17,3.26
1,17,0.158
1,17,0.992
1,17,0.481
1,17,0.998
1,17,0.47
1,17,0.172
1,17,1.012
1,17,0.668
1,17,0.152
1,17,1.047
1,17,0.108
1,17,1.261
1,17,1.475
1,17,1.638
1,17,0.948
1,17,0.462
1,18,0.706
1,18,1.118
1,18,0.042
1,18,2.705
1,18,0.197
1,18,0.142
1,18,0.786
1,18,0.652
1,18,0.665
1,18,0.32
1,18,1.095
1,18,0.905
1,18,0.968
1,18,0.434
1,18,0.95
1,18,0.108
1,18,0.278
1,18,1.045
1,18,0.085
1,18,1.128
1,18,0.993
1,18,0.715
1,18,0.52
1,18,0.135
1,18,0.893
1,19,0.746
1,19,0.984
1,19,0.972
1,19,1.987
1,19,0.77
1,19,0.087
1,19,0.677
1,19,0.789
1,19,0.641
1,19,0.097
1,19,1.516
1,19,0.962
1,19,0.139
1,19,0.072
1,19,0.151
1,19,1.119
1,19,1.341
1,19,0.66
1,19,0.066
1,19,0.661
1,19,0.007
1,20,0.471
1,20,0.104
1,20,2.005
1,20,0.794
1,20,1.692
1,20,0.097
1,20,0.563
1,20,0.019
1,20,0.488
1,20,0.194
1,20,0.196
1,20,1.021
1,20,0.055
1,20,1.081
1,21,1.28
1,21,0.336
1,21,1.363
1,21,0.731
1,21,1.336
1,21,0.606
1,21,1.166
1,21,1.538
1,21,1.509
1,21,0.905
1,21,0.605
1,21,0.045
1,21,0.676
1,22,0.663
1,22,0.763
1,22,0.339
1,22,0.908
1,22,0.642
1,22,0.566
1,22,0.073
1,22,0.578
1,22,0.02
1,22,0.763
1,22,0.947
1,22,0.102
1,22,0.879
1,22,0.733
1,22,0.983
1,22,0.032
1,22,0.568
1,22,1.457
1,22,0.818
1,23,1.797
1,23,1.071
1,23,0.025
1,23,1.168
1,23,2.183
1,23,1.433
1,23,0.118
1,23,0.752
1,23,1.204
1,23,0.821
1,23,0.531
1,23,0.142
1,23,0.697
1,23,2.194
1,23,0.115
1,23,0.214
1,23,1.125
1,23,1.224
1,24,1.317
1,24,0.218
1,24,1.671
1,24,0.159
1,24,1.71
1,24,1.725
1,24,0.107
1,24,2.043
1,24,0.231
1,24,0.214
1,24,0.213
1,24,0.117
1,24,1.284
1,24,0.687
1,24,0.034
1,24,0.325
1,24,1.618
1,24,0.915
1,24,1.443
1,24,0.449
1,24,1.092
1,25,0.813
1,25,0.09
1,25,1.187
1,25,0.576
1,25,0.162
1,25,0.706
1,25,1.046
1,25,0.508
1,25,0.905
1,25,0.795
1,25,1.921
1,25,0.188
1,25,0.263
1,25,1.216
1,25,0.463
1,25,1.682
1,25,0.48
1,25,0.785
1,26,0.122
1,26,0.018
1,26,0.07
1,26,0.092
1,26,0.722
1,26,2.388
1,26,0.934
1,26,0.964
1,26,0.705
1,26,0.729
1,26,0.202
1,26,0.915
1,26,0.385
1,26,1.567
1,26,0.454
1,26,0.325
1,26,0.224
1,26,0.801
1,26,0.07
1,26,1.347
1,26,1.608
1,26,0.976
1,26,1.22
1,26,0.157
1,27,0.818
1,27,0.953
1,27,0.713
1,27,0.061
1,27,0.045
1,27,1.281
1,27,0.202
1,27,0.072
1,27,0.564
1,27,1.134
1,27,0.142
1,27,0.019
1,27,0.297
1,27,0.066
1,27,0.797
1,27,1.128
1,27,0.678
1,27,0.087
1,27,0.128
1,27,0.972
1,27,0.632
1,27,0.519
1,27,0.095
1,27,0.052
1,27,0.501
1,27,0.034
1,27,0.107
1,27,0.199
1,28,1.192
1,28,0.093
1,28,0.085
1,28,0.472
1,28,0.769
1,28,1.025
1,28,0.686
1,28,0.134
1,28,1.225
1,28,0.052
1,28,0.066
1,28,0.796
1,28,0.554
1,28,0.056
1,28,0.649
1,28,0.075
1,28,0.839
1,29,0.105
1,29,0.743
1,29,0.084
1,29,1.464
1,29,0.121
1,29,0.182
1,29,1.075
1,29,0.505
1,29,1.329
1,29,0.012
1,29,1.068
1,29,1.53
1,29,0.791
1,29,1.587
1,29,0.066
1,29,1.135
1,29,0.104
1,29,2.466
1,29,1.063
1,29,0.122
1,29,0.164
1,29,1.56
1,29,0.498
1,29,0.112
1,29,1.019
1,29,0.299
1,29,0.216
1,29,0.213
1,30,0.951
1,30,0.941
1,30,1.082
1,30,1.813
1,30,0.161
1,30,1.346
1,30,0.075
1,30,0.637
1,30,0.587
1,30,0.795
1,30,0.891
1,30,0.713
1,30,1.401
1,30,0.047
1,30,0.074
1,30,1.66
1,30,0.018
1,30,0.831
1,30,0.587
1,30,0.739
1,30,0.075
1,30,0.851
1,30,0.061
1,30,0.081
1,30,1.135
1,30,0.047
1,30,0.554
1,30,0.809
1,30,0.474
2,1,1.185
2,1,1.217
2,1,1.15
2,1,1.873
2,1,0.807
2,1,0.92
2,1,1.314
2,1,1.97
2,1,2
2,1,1.622
2,1,2.044
2,1,1.213
2,1,1.108
2,1,1.853
2,1,1.517
2,1,1.263
2,1,1.416
2,1,0.534
2,1,1.981
2,1,2.049
2,1,1.338
2,1,1.836
2,1,1.571
2,1,0.766
2,1,1.7
2,1,0.935
2,1,1.317
2,1,1.054
2,1,1.972
2,1,0.538
2,1,1.745
2,1,0.601
2,1,1.521
2,1,1.319
2,1,1.111
2,1,0.711
2,1,1.131
2,1,1.255
2,1,1.928
2,1,2.026
2,1,2.19
2,1,0.817
2,1,1.321
2,1,1.616
2,1,0.283
2,1,1.137
2,1,1.832
2,1,0.79
2,1,1.582
2,1,1.115
2,1,1.761
2,1,1.924
2,1,1.089
2,1,0.908
2,1,1.853
2,1,0.698
2,1,2.32
2,1,2.002
2,1,0.72
2,1,1.356
2,1,0.771
2,1,1.83
2,1,1.607
2,1,0.729
2,1,1.447
2,1,1.08
2,1,1.076
2,1,1.433
2,1,0.81
2,1,0.919
2,1,1.596
2,1,1.35
2,1,0.993
2,1,0.725
2,1,1.515
2,2,1.502
2,2,1.096
2,2,0.828
2,2,1.522
2,2,1.625
2,2,1.198
2,2,0.783
2,2,2.125
2,2,0.758
2,2,0.968
2,2,1.418
2,2,0.973
2,2,1.658
2,2,1.179
2,2,1.253
2,2,1.301
2,2,1.037
2,2,0.674
2,2,1.692
2,2,1.42
2,2,0.92
2,2,1.408
2,2,0.881
2,2,0.614
2,2,1.173
2,2,1.077
2,2,1.287
2,2,1.037
2,2,1.803
2,2,1.43
2,2,1.346
2,2,0.85
2,2,0.799
2,2,2.429
2,2,0.637
2,2,1.731
2,2,1.059
2,2,1.613
2,2,2.364
2,2,0.766
2,2,0.688
2,2,1.578
2,2,1.319
2,2,0.99
2,2,1.722
2,2,1.304
2,2,0.057
2,2,1.425
2,2,0.956
2,2,0.584
2,2,1.209
2,2,0.653
2,2,1.461
2,2,0.653
2,2,2.501
2,2,0.218
2,2,0.034
2,2,1.658
2,2,1.344
2,2,1.606
2,2,1.274
2,2,1.46
2,2,1.412
2,2,1.406
2,2,1.156
2,2,1.094
2,2,0.872
2,2,2.359
2,2,1.316
2,2,1.464
2,2,0.455
2,2,1.92
2,2,1.056
2,2,1.988
2,2,0.595
2,2,1.443
2,2,1.446
2,2,2.309
2,2,1.267
2,2,0.748
2,3,1.759
2,3,1.08
2,3,1.038
2,3,1.004
2,3,0.662
2,3,0.492
2,3,0.537
2,3,0.899
2,3,1.544
2,3,0.914
2,3,0.721
2,3,1.386
2,3,0.791
2,3,1.027
2,3,0.615
2,3,0.765
2,3,0.114
2,3,0.145
2,3,1.597
2,3,0.666
2,3,0.981
2,3,1.167
2,3,0.299
2,3,1.108
2,3,1.289
2,3,1.29
2,3,0.875
2,3,1.544
2,3,1.03
2,3,1.201
2,3,0.78
2,3,0.621
2,3,1.371
2,3,1.483
2,3,0.606
2,3,1.912
2,3,1.474
2,3,0.867
2,3,0.852
2,3,0.679
2,3,1.007
2,3,0.662
2,3,0.523
2,3,1.25
2,3,0.833
2,3,1.971
2,3,1.128
2,3,1.393
2,3,1.091
2,3,1.297
2,3,0.957
2,3,1.23
2,3,1.458
2,3,0.74
2,3,1.559
2,3,1.059
2,3,1.316
2,3,1.192
2,3,1.273
2,3,0.083
2,3,0.5
2,3,1.342
2,3,1.536
2,3,1.781
2,3,1.183
2,3,2.059
2,3,1.427
2,3,1.662
2,3,0.66
2,3,0.617
2,3,1.593
2,3,1.291
2,3,1.105
2,3,1.223
2,3,1.544
2,4,0.818
2,4,1.417
2,4,0.574
2,4,0.828
2,4,0.457
2,4,0.836
2,4,0.849
2,4,1.108
2,4,0.616
2,4,0.968
2,4,1.059
2,4,0.941
2,4,1.436
2,4,1.217
2,4,0.661
2,4,1.769
2,4,1.153
2,4,1.319
2,4,0.576
2,4,1.059
2,4,1.129
2,4,0.26
2,4,1.144
2,4,0.221
2,4,0.52
2,4,1.177
2,4,0.98
2,4,1.08
2,4,1.218
2,4,1.165
2,4,0.596
2,4,1.806
2,4,0.735
2,4,0.512
2,4,1.833
2,4,1.085
2,4,2.075
2,4,1.71
2,4,1.02
2,4,1.08
2,4,0.644
2,4,1.199
2,4,0.069
2,4,0.391
2,4,1.297
2,4,0.96
2,4,0.84
2,4,1.103
2,4,1.042
2,4,0.283
2,4,1.926
2,4,0.859
2,4,0.657
2,4,1.135
2,4,1.354
2,4,1.666
2,4,1.256
2,4,0.592
2,4,1.575
2,4,1.253
2,4,1.426
2,4,0.754
2,4,1.013
2,4,0.62
2,4,1.424
2,4,1.012
2,4,1.619
2,4,1.388
2,4,1.146
2,4,1.325
2,4,1.294
2,4,1.196
2,4,1.026
2,4,1.845
2,4,1.34
2,4,0.84
2,4,0.808
2,4,1.336
2,4,0.165
2,4,0.927
2,4,1.046
2,4,1.057
2,4,0.757
2,5,1.892
2,5,1.539
2,5,1.649
2,5,1.191
2,5,1.619
2,5,2.631
2,5,1.011
2,5,1.129
2,5,0.781
2,5,0.25
2,5,0.653
2,5,0.186
2,5,1.315
2,5,1.408
2,5,1.007
2,5,0.497
2,5,0.639
2,5,1.103
2,5,0.094
2,5,1.625
2,5,1.064
2,5,1.344
2,5,1.016
2,5,1.914
2,5,0.818
2,5,1.316
2,5,0.958
2,5,0.035
2,5,1.221
2,5,0.554
2,5,0.439
2,5,0.684
2,5,1.034
2,5,1.225
2,5,0.868
2,5,0.538
2,5,1.266
2,5,0.736
2,5,1.21
2,5,1.593
2,5,0.311
2,5,0.075
2,5,0.118
2,5,0.819
2,5,0.64
2,5,0.411
2,5,0.667
2,5,0.308
2,5,0.349
2,5,0.934
2,5,0.718
2,5,0.942
2,5,0.81
2,5,1.369
2,5,0.947
2,5,0.861
2,5,0.794
2,5,1.194
2,5,1.357
2,5,1.171
2,5,1.258
2,5,0.375
2,5,1.592
2,5,0.306
2,5,0.475
2,5,1.441
2,5,2.078
2,5,1.216
2,6,0.988
2,6,0.783
2,6,1.032
2,6,1.335
2,6,0.087
2,6,1.219
2,6,1.161
2,6,1.526
2,6,0.908
2,6,0.686
2,6,0.838
2,6,0.795
2,6,1.184
2,6,0.613
2,6,0.681
2,6,0.429
2,6,0.773
2,6,0.493
2,6,0.933
2,6,0.902
2,6,0.541
2,6,1.419
2,6,1.229
2,6,0.847
2,6,1.49
2,6,1.238
2,6,1.282
2,6,0.71
2,6,0.193
2,6,1.165
2,6,0.999
2,6,1.399
2,6,0.083
2,6,0.475
2,6,1.612
2,6,0.978
2,6,1.117
2,6,1.767
2,6,0.981
2,6,0.585
2,6,1.342
2,6,1.037
2,6,0.594
2,6,0.913
2,6,0.776
2,6,1.129
2,6,0.986
2,6,1.741
2,6,0.219
2,6,0.71
2,6,0.781
2,6,2.351
2,6,1.214
2,6,0.915
2,6,1.102
2,6,0.788
2,6,0.63
2,6,1.499
2,6,0.932
2,6,0.111
2,6,1.024
2,6,1.422
2,6,0.081
2,6,0.806
2,6,1.072
2,6,1.048
2,6,0.798
2,6,1.15
2,6,0.913
2,6,1.184
2,6,0.733
2,6,1
2,6,1.436
2,6,1.083
2,6,0.588
2,6,1.59
2,6,1.835
2,6,0.657
2,6,0.733
2,6,0.992
2,6,0.848
2,6,1.021
2,7,1.307
2,7,0.503
2,7,0.48
2,7,0.036
2,7,1.443
2,7,1.001
2,7,0.279
2,7,0.616
2,7,1.06
2,7,0.674
2,7,0.133
2,7,0.136
2,7,1.002
2,7,1.07
2,7,0.69
2,7,0.649
2,7,1.75
2,7,1.137
2,7,0.922
2,7,0.813
2,7,0.414
2,7,0.585
2,7,0.467
2,7,0.669
2,7,0.055
2,7,0.735
2,7,0.197
2,7,0.792
2,7,0.725
2,7,0.708
2,7,1.128
2,7,0.534
2,7,0.942
2,7,0.98
2,7,1.133
2,7,0.276
2,7,0.836
2,7,1.662
2,7,1.092
2,7,0.606
2,7,0.981
2,7,0.566
2,7,0.241
2,7,0.956
2,7,0.989
2,7,0.503
2,7,1
2,7,0.941
2,7,1.806
2,7,0.798
2,7,1.387
2,7,1.492
2,7,1.226
2,7,0.249
2,7,0.86
2,7,1.129
2,7,1.425
2,7,0.589
2,7,0.586
2,7,0.831
2,7,0.822
2,7,0.766
2,7,0.738
2,7,0.75
2,7,0.864
2,7,0.624
2,7,2.037
2,7,1.618
2,7,0.646
2,7,0.274
2,7,0.502
2,7,1.058
2,7,0.821
2,7,1.956
2,7,0.94
2,7,1.284
2,7,0.4
2,7,0.702
2,7,1.025
2,7,1.16
2,8,0.904
2,8,0.408
2,8,0.993
2,8,1.242
2,8,0.7
2,8,1.598
2,8,1.109
2,8,0.847
2,8,0.684
2,8,0.722
2,8,0.734
2,8,0.17
2,8,1.266
2,8,0.206
2,8,1.017
2,8,1.405
2,8,1.461
2,8,0.522
2,8,0.672
2,8,1.227
2,8,1.295
2,8,0.133
2,8,1.559
2,8,0.039
2,8,1.168
2,8,0.639
2,8,0.743
2,8,1.61
2,8,1.151
2,8,1.026
2,8,0.06
2,8,0.666
2,8,0.42
2,8,1.11
2,8,0.68
2,8,1.707
2,8,0.632
2,8,1.167
2,8,1.879
2,8,2.169
2,8,1.311
2,8,0.953
2,8,0.811
2,8,0.607
2,8,1.403
2,8,0.957
2,8,1.452
2,8,0.177
2,8,0.625
2,8,0.638
2,8,0.119
2,8,0.931
2,8,0.523
2,8,0.797
2,8,0.749
2,8,0.825
2,8,1.121
2,8,0.846
2,8,1.088
2,8,1.434
2,8,1.65
2,8,0.23
2,8,1.798
2,8,0.951
2,8,0.519
2,8,1.029
2,8,0.748
2,8,0.17
2,8,0.668
2,8,0.624
2,8,0.168
2,8,1.116
2,8,1.369
2,8,1.365
2,8,1.085
2,8,0.672
2,8,1.851
2,8,0.51
2,8,0.945
2,8,1.105
2,8,1.272
2,8,1.072
2,8,0.076
2,8,0.408
2,8,0.313
2,8,0.807
2,8,1.471
2,8,1.183
2,9,1.154
2,9,0.68
2,9,1.216
2,9,0.451
2,9,0.166
2,9,2.029
2,9,0.44
2,9,1.009
2,9,0.604
2,9,0.398
2,9,0.041
2,9,0.747
2,9,0.493
2,9,0.53
2,9,1.299
2,9,0.867
2,9,0.901
2,9,1.374
2,9,1.563
2,9,1.118
2,9,0.279
2,9,1.207
2,9,0.899
2,9,0.379
2,9,0.773
2,9,1.203
2,9,0.504
2,9,0.899
2,9,0.488
2,9,1.801
2,9,0.327
2,9,0.678
2,9,1.259
2,9,0.521
2,9,0.174
2,9,1.082
2,9,0.297
2,9,0.41
2,9,1.046
2,9,0.562
2,9,1.449
2,9,0.506
2,9,0.096
2,9,1.062
2,9,0.081
2,9,0.598
2,9,0.132
2,9,0.656
2,9,0.174
2,9,0.935
2,9,1.444
2,9,0.875
2,9,2.005
2,9,0.238
2,9,0.485
2,9,0.861
2,9,1.415
2,9,1.03
2,9,0.082
2,9,0.148
2,9,0.436
2,9,0.687
2,9,0.066
2,9,0.757
2,9,1.56
2,9,0.809
2,9,0.653
2,9,0.816
2,9,1.374
2,9,1.038
2,9,1.192
2,9,0.653
2,9,1.187
2,9,0.136
2,9,1.954
2,9,0.746
2,9,1.395
2,9,0.612
2,9,1.024
2,9,1.066
2,9,0.797
2,9,1.036
2,9,0.927
2,9,0.641
2,9,0.67
2,9,0.917
2,9,0.926
2,9,0.597
2,9,1.033
2,9,0.969
2,9,1.433
2,9,1.098
2,9,0.859
2,9,0.825
2,10,0.591
2,10,0.739
2,10,0.512
2,10,1.243
2,10,0.565
2,10,0.309
2,10,0.234
2,10,0.987
2,10,0.187
2,10,0.575
2,10,0.971
2,10,0.214
2,10,0.284
2,10,1.173
2,10,0.072
2,10,0.84
2,10,0.097
2,10,1.312
2,10,1.345
2,10,1.223
2,10,0.837
2,10,1.128
2,10,0.951
2,10,0.313
2,10,0.662
2,10,1.757
2,10,0.176
2,10,1.218
2,10,0.081
2,10,1.076
2,10,0.638
2,10,0.78
2,10,0.399
2,10,0.802
2,10,1.247
2,10,1.066
2,10,0.642
2,10,1.107
2,10,1.265
2,10,0.967
2,10,0.126
2,10,1.085
2,10,0.882
2,10,0.491
2,10,1.076
2,10,0.613
2,10,0.968
2,10,1.527
2,10,0.085
2,10,1.267
2,10,0.643
2,10,1.623
2,10,0.885
2,10,0.879
2,10,0.027
2,10,0.724
2,10,1.489
2,10,0.796
2,10,1.707
2,10,0.629
2,10,0.041
2,10,0.882
2,10,1.124
2,10,0.891
2,10,1.949
2,10,1.719
2,10,0.691
2,10,0.919
2,10,1.21
2,10,1.036
2,10,0.938
2,10,1.791
2,10,0.564
2,10,0.096
2,10,0.081
2,10,0.757
2,10,1.069
2,10,0.866
2,10,0.874
2,10,0.215
2,10,0.867
2,11,0.612
2,11,0.117
2,11,1.545
2,11,1.361
2,11,1.116
2,11,1.153
2,11,1.139
2,11,0.352
2,11,1.206
2,11,1.007
2,11,0.933
2,11,1.013
2,11,1.018
2,11,0.539
2,11,0.707
2,11,1.594
2,11,0.92
2,11,0.782
2,11,0.424
2,11,0.863
2,11,0.113
2,11,1.184
2,11,0.164
2,11,0.65
2,11,0.806
2,11,0.63
2,11,1.215
2,11,1.14
2,11,0.529
2,11,0.132
2,11,1.107
2,11,0.754
2,11,0.686
2,11,1.123
2,11,0.751
2,11,1.168
2,11,0.588
2,11,0.841
2,11,1.477
2,11,0.588
2,11,0.663
2,11,0.898
2,11,0.698
2,11,0.511
2,11,0.637
2,11,0.05
2,11,0.98
2,11,0.474
2,11,0.112
2,11,0.895
2,11,1.973
2,11,0.155
2,11,0.898
2,11,1.399
2,11,0.118
2,11,1.26
2,11,0.755
2,11,2.001
2,11,1.008
2,11,0.828
2,11,0.044
2,11,0.572
2,11,0.899
2,11,1.531
2,11,0.706
2,11,1.215
2,11,1.204
2,11,1.538
2,12,0.895
2,12,0.653
2,12,0.611
2,12,0.899
2,12,1.245
2,12,1.075
2,12,0.756
2,12,0.53
2,12,0.093
2,12,1.103
2,12,1.59
2,12,0.556
2,12,1.004
2,12,0.543
2,12,0.616
2,12,1.258
2,12,0.573
2,12,0.716
2,12,1.065
2,12,0.375
2,12,0.831
2,12,1.206
2,12,0.617
2,12,1.496
2,12,0.617
2,12,0.85
2,12,0.706
2,12,0.737
2,12,0.75
2,12,1.324
2,12,1.025
2,12,1.513
2,12,0.867
2,12,1.014
2,12,0.91
2,12,1.142
2,12,0.446
2,12,0.527
2,12,0.47
2,12,0.621
2,12,0.234
2,12,0.556
2,12,0.61
2,12,2.116
2,12,0.258
2,12,1.11
2,12,0.942
2,12,0.987
2,12,0.871
2,12,0.472
2,12,1.31
2,12,0.146
2,12,0.573
2,12,0.556
2,12,0.956
2,12,0.866
2,12,0.574
2,12,0.165
2,12,1.061
2,12,0.063
2,12,0.773
2,12,0.897
2,12,0.711
2,12,0.637
2,12,1.701
2,12,1.035
2,12,0.527
2,12,1.269
2,12,0.958
2,12,0.153
2,12,0.912
2,12,0.746
2,12,1.584
2,12,1.1
2,12,0.825
2,13,0.43
2,13,0.624
2,13,0.464
2,13,0.797
2,13,0.415
2,13,0.808
2,13,0.466
2,13,0.913
2,13,0.562
2,13,0.992
2,13,0.744
2,13,0.571
2,13,1.023
2,13,0.383
2,13,0.531
2,13,1.344
2,13,2.017
2,13,1.678
2,13,0.785
2,13,0.139
2,13,0.64
2,13,0.513
2,13,0.764
2,13,1.308
2,13,0.873
2,13,1.078
2,13,0.929
2,13,0.706
2,13,0.164
2,13,0.105
2,13,0.983
2,13,1.073
2,13,0.878
2,13,0.724
2,13,0.423
2,13,1.408
2,13,0.993
2,13,0.606
2,13,0.782
2,13,0.716
2,13,1.065
2,13,0.573
2,13,0.416
2,13,0.437
2,13,0.916
2,13,0.27
2,13,1.124
2,13,0.702
2,13,0.645
2,13,1.158
2,13,0.306
2,13,0.384
2,13,0.497
2,13,0.49
2,13,0.256
2,13,0.66
2,13,0.829
2,13,0.658
2,13,0.748
2,13,1.135
2,13,1.181
2,13,0.427
2,13,1.662
2,13,0.544
2,13,0.869
2,13,0.584
2,13,0.07
2,13,0.123
2,14,0.255
2,14,1.302
2,14,1.252
2,14,0.891
2,14,0.783
2,14,0.582
2,14,0.758
2,14,0.901
2,14,1.17
2,14,1.279
2,14,1.386
2,14,2.638
2,14,1.026
2,14,1.204
2,14,0.079
2,14,0.722
2,14,0.042
2,14,0.722
2,14,1.495
2,14,0.533
2,14,0.357
2,14,1.622
2,14,0.705
2,14,0.166
2,14,1.203
2,14,1.132
2,14,0.751
2,14,0.334
2,14,0.103
2,14,0.854
2,14,0.9
2,14,0.213
2,14,1.145
2,14,0.512
2,14,1.025
2,14,0.781
2,14,0.595
2,14,0.992
2,14,0.754
2,14,0.183
2,14,0.763
2,14,0.337
2,14,0.106
2,14,0.834
2,14,1.184
2,14,1.186
2,14,0.486
2,14,0.636
2,14,0.516
2,14,0.839
2,14,1.557
2,14,0.621
2,14,0.879
2,14,0.516
2,14,0.081
2,14,1.846
2,14,0.437
2,14,0.36
2,14,0.961
2,14,0.895
2,15,0.948
2,15,1.171
2,15,0.981
2,15,0.622
2,15,1.599
2,15,0.12
2,15,0.16
2,15,0.34
2,15,0.073
2,15,0.414
2,15,0.829
2,15,0.683
2,15,1.252
2,15,0.819
2,15,0.73
2,15,1.693
2,15,0.661
2,15,1.898
2,15,0.618
2,15,0.46
2,15,0.659
2,15,0.822
2,15,0.999
2,15,0.651
2,15,1.004
2,15,0.887
2,15,0.127
2,15,0.296
2,15,1.262
2,15,0.166
2,15,0.425
2,15,0.743
2,15,0.433
2,15,1.055
2,15,0.65
2,15,0.732
2,15,0.858
2,15,0.065
2,15,0.477
2,15,0.528
2,15,0.675
2,15,1.792
2,15,0.949
2,15,0.058
2,15,1.161
2,15,0.815
2,15,0.801
2,15,0.819
2,15,1.386
2,15,0.919
2,15,1.154
2,15,0.913
2,15,0.789
2,15,1.448
2,15,0.833
2,15,0.792
2,15,0.882
2,15,0.899
2,15,0.671
2,15,0.172
2,15,0.472
2,15,0.932
2,15,0.644
2,15,0.578
2,15,0.759
2,15,0.74
2,16,1.001
2,16,1.147
2,16,0.954
2,16,0.631
2,16,0.553
2,16,0.436
2,16,0.58
2,16,0.832
2,16,0.488
2,16,0.688
2,16,0.709
2,16,2.392
2,16,2.001
2,16,0.624
2,16,0.553
2,16,2.063
2,16,0.633
2,16,1.241
2,16,0.771
2,16,0.879
2,16,1.39
2,16,0.686
2,16,0.845
2,16,0.793
2,16,0.803
2,16,0.066
2,16,0.898
2,16,0.221
2,16,0.901
2,16,0.793
2,16,1.063
2,16,0.661
2,16,0.817
2,16,1.007
2,16,0.585
2,16,0.575
2,16,1.027
2,16,0.73
2,16,0.413
2,16,0.715
2,16,0.704
2,16,1.78
2,16,0.558
2,16,0.476
2,16,1.053
2,16,0.855
2,16,0.555
2,16,0.035
2,16,0.982
2,16,0.841
2,16,0.196
2,16,1.125
2,17,0.024
2,17,1.293
2,17,0.576
2,17,0.633
2,17,0.428
2,17,0.666
2,17,0.973
2,17,0.444
2,17,0.077
2,17,0.702
2,17,0.777
2,17,0.776
2,17,2.11
2,17,1.125
2,17,0.664
2,17,0.907
2,17,0.797
2,17,0.453
2,17,0.374
2,17,0.546
2,17,0.931
2,17,0.792
2,17,0.568
2,17,0.963
2,17,0.674
2,17,0.769
2,17,0.378
2,17,1.296
2,17,1.142
2,17,1.961
2,17,0.044
2,17,0.739
2,17,0.686
2,17,1.527
2,17,1.341
2,17,0.834
2,17,0.822
2,17,1.119
2,17,0.36
2,17,0.336
2,17,0.185
2,17,0.065
2,17,0.423
2,17,1.42
2,17,0.839
2,17,0.358
2,17,1.382
2,17,0.061
2,17,1.375
2,17,0.521
2,17,0.346
2,17,1.023
2,18,0.722
2,18,1.453
2,18,0.407
2,18,0.148
2,18,0.341
2,18,0.115
2,18,0.79
2,18,0.992
2,18,0.511
2,18,1.285
2,18,1.734
2,18,0.482
2,18,0.781
2,18,1.323
2,18,0.895
2,18,0.267
2,18,1.13
2,18,0.905
2,18,0.885
2,18,0.03
2,18,0.871
2,18,0.445
2,18,1.15
2,18,0.365
2,18,0.796
2,18,1.446
2,18,0.773
2,18,1.395
2,18,1.106
2,18,1.516
2,18,0.506
2,19,1.243
2,19,1.005
2,19,0.934
2,19,0.29
2,19,0.877
2,19,0.635
2,19,0.384
2,19,0.667
2,19,0.126
2,19,0.67
2,19,0.453
2,19,0.575
2,19,1.974
2,19,0.395
2,19,0.544
2,19,0.716
2,19,1.012
2,19,0.041
2,19,0.265
2,19,1.185
2,19,0.743
2,19,1.375
2,19,0.247
2,19,0.445
2,19,0.225
2,19,0.256
2,19,1.028
2,19,0.233
2,19,0.903
2,19,0.421
2,19,0.599
2,19,0.46
2,20,0.116
2,20,0.494
2,20,0.572
2,20,0.523
2,20,0.305
2,20,0.93
2,20,2.371
2,20,1.021
2,20,0.075
2,20,0.65
2,20,0.947
2,20,0.764
2,20,0.489
2,20,1.597
2,20,0.431
2,20,0.197
2,20,0.359
2,20,0.051
2,20,1.03
2,20,0.418
2,20,0.439
2,20,1.022
2,20,0.75
2,20,0.554
2,20,0.46
2,20,0.399
2,20,1.036
2,20,0.604
2,20,0.527
2,20,2.155
2,20,0.103
2,20,0.933
2,20,0.288
2,20,0.062
2,20,0.562
2,20,0.427
2,20,0.375
2,20,0.801
2,20,1.268
2,20,0.395
2,20,0.31
2,20,0.031
2,20,0.064
2,20,1.408
2,20,0.323
2,20,0.701
2,20,1.4
2,20,0.405
2,20,0.434
2,20,0.68
2,21,0.524
2,21,0.463
2,21,0.829
2,21,0.709
2,21,0.182
2,21,0.738
2,21,0.492
2,21,0.898
2,21,2.057
2,21,0.432
2,21,0.528
2,21,0.457
2,21,0.809
2,21,1.062
2,21,0.574
2,21,0.848
2,21,0.394
2,21,0.816
2,21,0.075
2,21,1.639
2,21,1.033
2,21,0.382
2,21,0.079
2,21,0.055
2,21,0.678
2,21,1.774
2,21,0.227
2,21,0.798
2,21,0.636
2,21,0.484
2,21,0.623
2,21,0.379
2,21,0.622
2,21,0.518
2,21,0.786
2,21,0.735
2,21,0.145
2,21,1.564
2,21,1.211
2,21,0.292
2,22,0.802
2,22,0.533
2,22,0.175
2,22,0.872
2,22,0.669
2,22,0.965
2,22,0.232
2,22,0.603
2,22,1.363
2,22,0.373
2,22,0.615
2,22,0.666
2,22,1.524
2,22,0.644
2,22,0.042
2,22,0.566
2,22,1.664
2,22,0.839
2,22,1.032
2,22,0.027
2,22,0.742
2,22,0.355
2,22,1.142
2,22,0.82
2,22,0.138
2,22,0.596
2,22,0.897
2,22,0.902
2,22,1.669
2,22,0.292
2,22,0.659
2,22,0.226
2,22,0.424
2,22,0.538
2,22,0.796
2,22,0.664
2,22,0.341
2,22,0.22
2,22,0.331
2,22,0.448
2,22,0.5
2,22,0.265
2,22,0.132
2,22,1.176
2,22,0.517
2,22,0.47
2,22,0.045
2,22,0.07
2,22,0.977
2,22,0.362
2,22,0.508
2,22,0.381
2,23,0.11
2,23,0.899
2,23,0.082
2,23,0.53
2,23,1.235
2,23,0.078
2,23,0.799
2,23,0.217
2,23,0.524
2,23,0.614
2,23,0.604
2,23,1.474
2,23,0.173
2,23,0.662
2,23,0.737
2,23,1.002
2,23,0.397
2,23,0.694
2,23,0.72
2,23,0.952
2,23,0.054
2,23,0.57
2,23,0.76
2,23,0.138
2,23,0.184
2,23,0.016
2,23,0.998
2,23,0.07
2,23,1.041
2,23,0.427
2,23,1.069
2,23,0.053
2,23,0.955
2,23,1.345
2,23,0.37
2,23,0.937
2,23,1.086
2,23,0.572
2,23,1.353
2,23,0.159
2,23,0.338
2,23,0.686
2,23,0.06
2,23,0.936
2,23,0.115
2,23,1.247
2,23,0.665
2,23,1.16
2,23,1.013
2,23,0.687
2,23,0.803
2,23,0.843
2,23,0.642
2,23,1.016
2,23,1.022
2,23,0.58
2,23,0.928
2,23,1.541
2,23,2.127
2,24,0.423
2,24,0.885
2,24,0.065
2,24,0.936
2,24,1.176
2,24,1.268
2,24,0.281
2,24,0.803
2,24,1.745
2,24,0.183
2,24,1.123
2,24,0.565
2,24,0.98
2,24,0.044
2,24,0.531
2,24,0.723
2,24,0.037
2,24,1.65
2,24,2.317
2,24,2.065
2,24,0.545
2,24,1.059
2,24,0.518
2,24,0.231
2,24,1.065
2,24,0.637
2,24,0.08
2,24,0.33
2,24,1.133
2,24,1.164
2,24,0.707
2,24,0.957
2,24,0.895
2,24,0.436
2,24,0.427
2,24,0.911
2,24,2.264
2,24,0.964
2,24,0.831
2,24,1.193
2,24,0.206
2,24,0.859
2,24,0.278
2,24,0.097
2,24,1.527
2,25,0.727
2,25,0.859
2,25,0.541
2,25,1.027
2,25,0.481
2,25,0.522
2,25,1.449
2,25,1.882
2,25,0.343
2,25,0.628
2,25,1.273
2,25,1.126
2,25,0.393
2,25,0.542
2,25,0.557
2,25,0.23
2,25,0.489
2,25,0.834
2,25,1.184
2,25,0.353
2,25,0.855
2,25,1.834
2,25,1.195
2,25,0.717
2,25,0.172
2,25,0.36
2,25,0.702
2,25,1.179
2,25,0.877
2,25,1.574
2,25,0.052
2,25,1.788
2,25,0.132
2,25,1.869
2,25,0.692
2,25,0.31
2,26,0.681
2,26,0.295
2,26,1.395
2,26,0.934
2,26,0.872
2,26,1.929
2,26,0.728
2,26,1.117
2,26,0.551
2,26,0.512
2,26,1.988
2,26,0.796
2,26,0.99
2,26,1.194
2,26,0.764
2,26,0.463
2,26,0.899
2,26,0.661
2,26,0.236
2,26,0.1
2,26,0.583
2,26,0.629
2,26,0.08
2,26,0.666
2,26,0.746
2,26,1.096
2,26,1.024
2,26,0.962
2,26,0.848
2,26,0.036
2,26,0.58
2,26,0.825
2,26,0.78
2,26,0.83
2,26,0.532
2,26,0.774
2,26,0.855
2,26,0.256
2,26,0.728
2,26,0.129
2,26,0.069
2,26,2.164
2,26,0.283
2,26,1.621
2,26,0.401
2,27,0.548
2,27,0.065
2,27,0.039
2,27,0.48
2,27,1.609
2,27,0.563
2,27,1.087
2,27,0.483
2,27,0.41
2,27,0.919
2,27,0.883
2,27,1.506
2,27,0.582
2,27,0.757
2,27,0.742
2,27,0.842
2,27,0.639
2,27,1.974
2,27,0.481
2,27,0.551
2,27,1.31
2,27,1.488
2,27,0.102
2,27,1.233
2,27,0.073
2,27,0.706
2,27,0.029
2,27,0.996
2,27,0.953
2,27,1.354
2,27,0.114
2,27,1.071
2,27,0.172
2,27,0.052
2,27,1.34
2,27,0.593
2,27,0.762
2,27,0.371
2,27,0.099
2,27,0.31
2,27,1.076
2,27,0.341
2,27,0.903
2,27,0.739
2,28,0.305
2,28,0.756
2,28,0.414
2,28,0.799
2,28,0.42
2,28,0.845
2,28,0.19
2,28,1.228
2,28,1.327
2,28,0.963
2,28,0.44
2,28,0.913
2,28,0.925
2,28,0.27
2,28,1.025
2,28,0.643
2,28,1.08
2,28,0.833
2,28,0.232
2,28,0.632
2,28,0.897
2,28,0.657
2,28,0.563
2,28,0.225
2,28,10.797
2,28,0.471
2,28,0.464
2,28,1.796
2,28,0.151
2,28,0.304
2,28,0.426
2,29,0.663
2,29,0.295
2,29,0.905
2,29,0.215
2,29,0.21
2,29,0.296
2,29,0.768
2,29,0.772
2,29,0.904
2,29,1.026
2,29,0.039
2,29,0.595
2,29,0.458
2,29,0.515
2,29,0.225
2,29,0.399
2,29,1.199
2,29,0.673
2,29,2.618
2,29,0.456
2,29,0.779
2,29,1.264
2,29,1.152
2,29,0.995
2,29,0.481
2,29,0.691
2,29,0.275
2,29,0.893
2,29,0.121
2,29,0.643
2,29,0.119
2,29,1.257
2,29,1.318
2,29,1.94
2,29,0.775
2,29,0.503
2,29,0.987
2,29,0.316
2,29,1.822
2,29,0.792
2,29,0.802
2,29,1.23
2,29,2.121
2,29,0.552
2,29,0.11
2,29,0.28
2,29,0.488
2,29,0.47
2,29,0.21
2,29,0.689
2,29,1.204
2,29,0.735
2,29,0.302
2,29,1.231
2,30,0.638
2,30,0.459
2,30,0.92
2,30,0.29
2,30,0.971
2,30,0.235
2,30,1.23
2,30,0.334
2,30,0.582
2,30,0.927
2,30,0.734
2,30,1.231
2,30,0.689
2,30,0.341
2,30,0.73
2,30,0.929
2,30,0.114
2,30,1.275
2,30,0.394
2,30,2.214
2,30,0.724
2,30,0.906
2,30,0.109
2,30,1.339
2,30,0.99
2,30,1.573
2,30,0.052
2,30,0.402
2,30,1.141
2,30,0.394
2,30,1.124
2,30,0.479
2,30,0.475
2,30,0.72
2,30,0.686
2,30,0.617
2,30,0.458
2,30,1.037
2,30,0.11
2,30,0.173
2,30,0.076
2,30,0.98
2,30,1.058
2,30,1.221
2,30,0.127
2,30,0.883
2,30,0.169
2,30,0.271
2,30,1.81
2,30,0.766
2,30,0.31
3,1,2.396
3,1,1.922
3,1,1.967
3,1,2.146
3,1,1.116
3,1,0.136
3,1,1.825
3,1,1.643
3,1,0.916
3,1,1.834
3,1,1.863
3,1,1.722
3,1,2.222
3,1,2.196
3,1,1.02
3,1,0.492
3,1,1.654
3,1,1.903
3,1,1.697
3,1,2.138
3,1,1.26
3,1,1.974
3,1,1.47
3,1,0.905
3,1,1.494
3,1,0.829
3,1,2.225
3,1,1.854
3,1,1.598
3,1,1.128
3,1,1.796
3,1,2.619
3,1,0.759
3,1,1.888
3,1,1.558
3,1,1.597
3,1,1.143
3,1,1.813
3,1,1.067
3,1,1.764
3,1,2.278
3,1,1.108
3,1,2.373
3,1,0.908
3,2,1.493
3,2,0.882
3,2,1.052
3,2,1.487
3,2,1.007
3,2,0.64
3,2,1.334
3,2,1.175
3,2,0.837
3,2,1.498
3,2,1.524
3,2,0.676
3,2,1.463
3,2,2.061
3,2,0.936
3,2,2.018
3,2,1.59
3,2,1.776
3,2,1.753
3,2,1.284
3,2,1.699
3,2,1.373
3,2,1.688
3,2,1.096
3,2,1.139
3,2,2.135
3,2,2.111
3,2,1.322
3,2,1.86
3,2,1.333
3,2,1.482
3,2,2.113
3,2,1.385
3,2,0.862
3,2,1.81
3,2,0.969
3,2,1.439
3,2,1.452
3,2,1.368
3,2,0.999
3,2,2.484
3,2,1.732
3,2,1.206
3,2,0.785
3,3,1.46
3,3,2.035
3,3,2.001
3,3,1.372
3,3,1.574
3,3,0.638
3,3,1.023
3,3,1.06
3,3,0.894
3,3,1.457
3,3,1.359
3,3,1.36
3,3,1.512
3,3,0.013
3,3,1.639
3,3,1.309
3,3,1.136
3,3,2.657
3,3,0.594
3,3,1.182
3,3,1.352
3,3,1.383
3,3,0.903
3,3,1.735
3,3,1.717
3,3,0.937
3,3,1.449
3,3,1.787
3,3,1.845
3,3,1.76
3,3,1.06
3,3,0.969
3,3,0.017
3,3,1.302
3,3,0.9
3,3,1.958
3,3,1.631
3,3,0.484
3,3,1.21
3,3,1.225
3,3,0.871
3,3,1.821
3,3,1.624
3,3,1.228
3,3,0.068
3,3,0.754
3,3,1.66
3,3,1.47
3,3,1.615
3,4,1.526
3,4,1.072
3,4,0.624
3,4,1.189
3,4,0.714
3,4,1.435
3,4,0.637
3,4,2.172
3,4,2.332
3,4,1.359
3,4,1.408
3,4,1.53
3,4,0.725
3,4,0.401
3,4,0.629
3,4,0.165
3,4,0.902
3,4,0.913
3,4,0.471
3,4,2.453
3,4,1.954
3,4,1.483
3,4,1.546
3,4,1.239
3,4,0.95
3,4,1.309
3,4,1.379
3,4,1.461
3,4,2.132
3,4,1.399
3,4,0.964
3,4,1.053
3,4,2.612
3,4,0.236
3,4,2.117
3,4,1.744
3,4,0.747
3,4,1.407
3,4,1.157
3,4,0.944
3,4,1.594
3,4,0.426
3,4,0.447
3,4,0.945
3,4,2.022
3,4,1.302
3,4,0.487
3,4,1.751
3,4,0.054
3,4,1.77
3,5,0.768
3,5,1.168
3,5,0.853
3,5,0.866
3,5,1.835
3,5,1.302
3,5,1.094
3,5,2.02
3,5,1.125
3,5,0.902
3,5,1.056
3,5,1.144
3,5,0.902
3,5,1.313
3,5,1.809
3,5,0.851
3,5,0.641
3,5,1.553
3,5,1.65
3,5,1.447
3,5,0.633
3,5,0.641
3,5,1.338
3,5,0.782
3,5,1.771
3,5,0.798
3,5,1.518
3,5,1.451
3,5,1.757
3,5,1.614
3,5,1.703
3,5,0.985
3,5,1.584
3,5,1.62
3,5,1.308
3,5,1.042
3,5,0.37
3,5,1.999
3,5,0.353
3,5,0.945
3,5,2.087
3,5,1.013
3,5,0.345
3,5,0.797
3,5,1.127
3,5,0.035
3,5,0.881
3,6,0.612
3,6,1.05
3,6,2.073
3,6,1.357
3,6,0.851
3,6,1.216
3,6,0.104
3,6,0.752
3,6,1.493
3,6,0.797
3,6,1.195
3,6,0.931
3,6,1.517
3,6,0.879
3,6,1.267
3,6,1.247
3,6,2.044
3,6,1.323
3,6,1.657
3,6,0.585
3,6,0.302
3,6,1.727
3,6,0.923
3,6,1.581
3,6,2.243
3,6,0.982
3,6,1.222
3,6,1.409
3,6,0.84
3,6,1.634
3,6,1.319
3,6,0.844
3,6,1.352
3,6,0.53
3,6,1.841
3,6,0.481
3,6,1.272
3,6,2.706
3,6,0.646
3,6,0.115
3,7,1.074
3,7,0.104
3,7,0.859
3,7,1.14
3,7,1.263
3,7,1.883
3,7,0.495
3,7,0.796
3,7,1.352
3,7,0.472
3,7,0.404
3,7,2.662
3,7,0.874
3,7,0.866
3,7,1.634
3,7,1.04
3,7,1.614
3,7,1.462
3,7,0.931
3,7,0.929
3,7,0.978
3,7,1.218
3,7,0.229
3,7,1.848
3,7,1.212
3,7,1.074
3,7,0.898
3,7,0.526
3,7,0.092
3,7,1.964
3,7,0.822
3,7,1.038
3,7,0.884
3,7,0.064
3,7,2.142
3,7,1.458
3,7,0.862
3,7,1.357
3,7,0.902
3,7,0.039
3,7,1.74
3,7,0.672
3,7,0.906
3,7,1.286
3,7,1.051
3,7,0.839
3,7,0.767
3,7,1.565
3,7,1.596
3,8,1.138
3,8,0.064
3,8,0.978
3,8,1.79
3,8,0.108
3,8,0.099
3,8,1.352
3,8,0.008
3,8,1.451
3,8,0.515
3,8,0.964
3,8,0.663
3,8,0.996
3,8,0.634
3,8,0.484
3,8,1.377
3,8,0.124
3,8,0.633
3,8,0.591
3,8,0.327
3,8,0.713
3,8,0.731
3,8,0.842
3,8,0.993
3,8,0.462
3,8,0.488
3,8,1.219
3,8,0.511
3,8,0.808
3,8,0.362
3,8,0.784
3,8,0.887
3,8,0.666
3,8,1.211
3,8,1.23
3,8,0.307
3,8,0.874
3,9,0.13
3,9,0.112
3,9,1.294
3,9,0.219
3,9,0.937
3,9,1.121
3,9,0.06
3,9,0.782
3,9,0.732
3,9,0.771
3,9,0.083
3,9,1.097
3,9,0.788
3,9,0.902
3,9,1.303
3,9,0.436
3,9,1.167
3,9,1.21
3,9,0.211
3,9,2.085
3,9,1.345
3,9,1.072
3,9,0.992
3,9,1.598
3,9,1.636
3,9,0.986
3,9,0.535
3,9,1.48
3,9,1.6
3,9,1.75
3,9,0.598
3,9,2.072
3,9,1.254
3,9,0.142
3,9,0.081
3,9,1.209
3,9,0.877
3,9,2.042
3,9,1.388
3,9,0.059
3,9,1.254
3,9,0.433
3,9,0.7
3,9,0.28
3,9,1.394
3,10,0.062
3,10,1.791
3,10,1.356
3,10,0.96
3,10,0.863
3,10,0.861
3,10,0.209
3,10,1.995
3,10,1.115
3,10,0.807
3,10,1.312
3,10,0.184
3,10,1.451
3,10,2.731
3,10,1.064
3,10,1.456
3,10,0.941
3,10,0.728
3,10,1.762
3,10,1.041
3,10,0.477
3,10,0.011
3,10,1.217
3,10,1.023
3,10,1.578
3,10,0.959
3,10,0.558
3,10,0.8
3,10,0.737
3,10,0.021
3,10,1.894
3,10,0.531
3,10,1.633
3,10,1.269
3,10,0.879
3,10,2.425
3,10,0.734
3,10,0.008
3,10,2.12
3,10,0.552
3,10,1.296
3,10,0.202
3,10,1.495
3,10,1.643
3,10,0.84
3,10,0.134
3,10,1.38
3,10,0.622
3,11,1.725
3,11,0.697
3,11,0.734
3,11,0.486
3,11,1.678
3,11,1.344
3,11,1.273
3,11,0.129
3,11,2.1
3,11,1.029
3,11,1.714
3,11,0.393
3,11,1.719
3,11,0.214
3,11,0.594
3,11,0.145
3,11,1.185
3,11,0.9
3,11,0.009
3,11,0.553
3,11,0.511
3,11,2.211
3,11,1.24
3,11,1.416
3,11,2.647
3,11,0.008
3,11,1.196
3,11,1.295
3,11,0.093
3,11,0.433
3,11,1.414
3,11,1.726
3,11,0.115
3,11,1.259
3,11,1.227
3,11,0.792
3,11,1.709
3,11,1.42
3,11,0.102
3,11,1.023
3,11,0.662
3,11,0.542
3,11,2.084
3,11,0.964
3,11,0.117
3,11,0.388
3,11,0.759
3,12,0.822
3,12,1.226
3,12,1.693
3,12,0.625
3,12,1.153
3,12,0.111
3,12,0.013
3,12,0.237
3,12,1.782
3,12,1.188
3,12,1.25
3,12,1.554
3,12,0.945
3,12,0.794
3,12,1.188
3,12,2.339
3,12,0.233
3,12,0.771
3,12,0.917
3,12,0.405
3,12,0.527
3,12,1.681
3,12,0.194
3,12,1.064
3,12,1.303
3,12,1.023
3,12,0.145
3,12,1.474
3,12,0.029
3,12,0.907
3,12,0.784
3,12,1.77
3,12,0.008
3,12,0.088
3,12,0.696
3,12,1.433
3,12,1.814
3,12,0.04
3,12,0.171
3,12,0.619
3,13,1.701
3,13,0.1
3,13,2.004
3,13,0.714
3,13,0.045
3,13,2.282
3,13,0.238
3,13,0.759
3,13,1.343
3,13,0.848
3,13,1.159
3,13,1.154
3,13,0.516
3,13,1.848
3,13,1.275
3,13,0.37
3,13,0.227
3,13,0.531
3,13,0.7
3,13,0.913
3,13,0.923
3,13,0.171
3,13,1.12
3,13,1.86
3,13,1.661
3,13,1.077
3,13,0.097
3,13,0.188
3,13,1.507
3,13,0.391
3,13,0.463
3,13,3.01
3,13,1.116
3,13,0.009
3,13,0.748
3,13,0.62
3,13,0.065
3,14,1.528
3,14,0.808
3,14,0.117
3,14,0.065
3,14,0.578
3,14,0.068
3,14,0.697
3,14,0.149
3,14,0.145
3,14,1.266
3,14,0.02
3,14,1.865
3,14,1.197
3,14,2.79
3,14,0.376
3,14,0.99
3,14,0.711
3,14,0.917
3,14,0.671
3,14,1.515
3,14,0.839
3,14,1.547
3,14,1.641
3,14,0.144
3,14,1.106
3,14,0.077
3,14,1.47
3,14,0.868
3,14,0.192
3,14,0.009
3,14,1.014
3,14,0.59
3,14,0.599
3,14,1.177
3,14,1.129
3,14,0.086
3,14,1.329
3,14,0.826
3,14,0.11
3,14,0.824
3,14,1.142
3,14,0.791
3,14,0.808
3,14,1.566
3,15,2.003
3,15,0.367
3,15,0.917
3,15,2.502
3,15,1.438
3,15,0.072
3,15,0.684
3,15,1.497
3,15,0.728
3,15,1.959
3,15,0.209
3,15,0.775
3,15,2.966
3,15,0.122
3,15,1.141
3,15,0.139
3,15,0.273
3,15,0.831
3,15,0.149
3,15,1.397
3,15,1.913
3,15,1.083
3,15,0.8
3,15,0.174
3,15,1.102
3,15,0.165
3,15,1.076
3,15,1.336
3,15,1.28
3,15,0.651
3,15,1.821
3,15,0.198
3,15,1.378
3,15,0.961
3,15,1.415
3,16,1.053
3,16,0.437
3,16,1.698
3,16,1.484
3,16,1.467
3,16,1.722
3,16,0.969
3,16,1.165
3,16,0.05
3,16,0.009
3,16,1.487
3,16,0.749
3,16,0.098
3,16,1.469
3,16,0.122
3,16,0.491
3,16,0.7
3,16,2.113
3,16,1.965
3,16,0.057
3,16,2.021
3,16,0.049
3,16,0.565
3,16,0.517
3,16,1.003
3,16,0.62
3,16,0.112
3,16,2.359
3,16,0.991
3,17,1.796
3,17,2.18
3,17,1.636
3,17,1.869
3,17,0.151
3,17,0.464
3,17,1.703
3,17,0.239
3,17,2.099
3,17,2.03
3,17,0.094
3,17,0.156
3,17,2.183
3,17,0.966
3,17,0.404
3,17,1.043
3,17,0.076
3,17,0.723
3,17,0.085
3,17,1.377
3,17,1.891
3,17,1.274
3,17,0.738
3,17,0.013
3,17,3.1
3,18,1.439
3,18,1.977
3,18,0.79
3,18,1.731
3,18,1.643
3,18,0.71
3,18,0.337
3,18,0.117
3,18,0.022
3,18,1.372
3,18,1.044
3,18,1.257
3,18,1.11
3,18,0.16
3,18,2.836
3,18,0.022
3,18,1.167
3,18,1.364
3,18,0.475
3,19,0.023
3,19,1.616
3,19,1.83
3,19,0.733
3,19,0.803
3,19,0.743
3,19,0.203
3,19,1.395
3,19,0.075
3,19,0.861
3,19,2.183
3,19,1.903
3,19,0.232
3,19,0.048
3,19,0.105
3,19,0.128
3,19,0.028
3,19,0.008
3,19,0.739
3,19,1.399
3,19,0.088
3,19,1.234
3,20,2.076
3,20,0.175
3,20,0.771
3,20,2.06
3,20,2.374
3,20,1.338
3,20,0.283
3,20,0.568
3,20,0.096
3,20,0.087
3,20,0.664
3,20,0.184
3,20,0.354
3,20,0.221
3,20,1.905
3,20,0.034
3,20,0.952
3,20,0.247
3,20,0.11
3,20,0.682
3,20,1.119
3,20,0.105
3,20,1.653
3,20,0.994
3,20,0.856
3,21,1.195
3,21,1.039
3,21,0.009
3,21,3.592
3,21,0.335
3,21,0.303
3,21,1.764
3,21,2.921
3,21,1.804
3,21,0.293
3,21,1.917
3,21,0.26
3,21,1.217
3,21,0.053
3,21,0.087
3,21,0.124
3,21,0.909
3,21,0.15
3,21,0.124
3,21,0.785
3,21,0.503
3,22,0.122
3,22,0.796
3,22,0.096
3,22,0.198
3,22,2.435
3,22,0.02
3,22,1.288
3,22,0.015
3,22,1.222
3,22,1.804
3,22,1.161
3,22,0.047
3,22,0.229
3,22,0.35
3,22,2.211
3,22,1.013
3,22,0.673
3,22,0.105
3,22,0.961
3,22,0.946
3,22,1.862
3,23,0.068
3,23,1.508
3,23,0.808
3,23,0.912
3,23,1.475
3,23,0.119
3,23,1.568
3,23,0.377
3,23,0.024
3,23,1.788
3,23,1.359
3,23,0.518
3,23,0.129
3,23,0.059
3,23,0.027
3,23,1.149
3,23,0.099
3,23,0.715
3,23,0.021
3,23,0.986
3,23,0.072
3,23,0.049
3,23,0.314
3,23,0.848
3,24,0.025
3,24,0.15
3,24,1.651
3,24,1.734
3,24,0.613
3,24,2.18
3,24,0.048
3,24,0.034
3,24,0.865
3,24,0.313
3,24,0.082
3,24,0.106
3,24,0.147
3,24,0.635
3,24,0.128
3,24,0.888
3,24,1.029
3,24,0.102
3,24,0.093
3,24,0.059
3,24,0.074
3,25,0.097
3,25,0.125
3,25,0.379
3,25,0.031
3,25,1.386
3,25,0.09
3,25,2.26
3,25,1.345
3,25,0.065
3,25,0.35
3,25,0.527
3,25,0.799
3,25,0.066
3,25,0.658
3,25,1.894
3,25,0.908
3,25,0.113
3,25,1.643
3,25,0.017
3,25,0.204
3,25,0.974
3,25,0.599
3,25,2.944
3,25,0.066
3,25,0.099
3,26,0.18
3,26,2.146
3,26,0.231
3,26,0.599
3,26,0.206
3,26,2.078
3,26,0.11
3,26,1.106
3,26,0.307
3,26,1.173
3,26,0.065
3,26,1.699
3,26,0.385
3,26,1.21
3,26,1.653
3,26,0.132
3,26,0.053
3,26,0.613
3,26,0.054
3,26,0.084
3,26,0.136
3,27,1.644
3,27,1.878
3,27,0.091
3,27,1.198
3,27,0.943
3,27,1.093
3,27,0.066
3,27,1.54
3,27,1.549
3,27,0.025
3,27,0.556
3,27,0.048
3,27,0.048
3,27,1.333
3,27,1.713
3,27,0.165
3,28,1.976
3,28,1.132
3,28,0.007
3,28,1.88
3,28,0.782
3,28,0.805
3,28,0.526
3,28,0.079
3,28,0.326
3,28,0.361
3,28,0.041
3,28,1.386
3,28,0.128
3,28,1.279
3,28,2.227
3,28,1.332
3,28,0.074
3,28,0.665
3,28,2.442
3,28,0.131
3,28,0.036
3,28,1.221
3,28,1.511
3,28,0.669
3,29,0.105
3,29,1.42
3,29,1.177
3,29,2.214
3,29,0.069
3,29,0.124
3,29,1.219
3,29,1.991
3,29,0.692
3,29,0.048
3,29,0.092
3,29,0.249
3,29,0.129
3,29,0.14
3,29,1.505
3,29,0.2
3,29,1.669
3,29,1.378
3,29,0.868
3,29,0.132
3,29,0.507
3,30,0.137
3,30,0.015
3,30,0.103
3,30,0.077
3,30,0.395
3,30,1.303
3,30,1.847
3,30,0.063
3,30,0.232
3,30,1.288
3,30,0.124
3,30,0.894
3,30,0.128
3,30,0.1
3,30,2.03
3,30,0.156
3,30,1.843
3,30,0.716
4,1,2.91
4,1,1.673
4,1,0.467
4,1,1.66
4,1,0.984
4,1,0.488
4,1,0.824
4,1,1.255
4,1,0.776
4,1,1.7
4,1,0.991
4,1,1.268
4,1,1.634
4,1,0.99
4,1,1.3
4,1,1.618
4,1,1.001
4,1,1.847
4,1,1.303
4,1,1.38
4,1,0.6
4,1,0.278
4,1,2.05
4,1,1.09
4,1,1.818
4,1,1.336
4,1,1.295
4,1,1.929
4,1,2.031
4,1,0.794
4,1,0.618
4,1,1.739
4,1,1.525
4,1,1.184
4,1,0.953
4,1,1.823
4,1,1.818
4,1,0.758
4,1,0.694
4,1,0.477
4,1,2.178
4,1,1.351
4,1,1.731
4,1,1.662
4,1,1.779
4,1,1.765
4,1,1.671
4,1,1.489
4,1,0.961
4,1,2.893
4,1,1.548
4,1,3.085
4,1,0.379
4,1,1.101
4,1,2.04
4,1,0.662
4,1,0.775
4,1,1.091
4,1,1.42
4,1,1.387
4,1,1.946
4,1,1.398
4,1,2.949
4,1,1.435
4,1,1.959
4,1,0.329
4,1,1.44
4,1,0.947
4,1,1.429
4,1,1.662
4,1,1.625
4,1,1.385
4,1,1.001
4,1,2.559
4,1,1.133
4,1,0.914
4,1,1.898
4,1,0.614
4,1,0.333
4,1,0.574
4,1,2.146
4,1,1.373
4,1,0.791
4,1,1.336
4,1,2.44
4,1,1.675
4,1,1.876
4,1,1.771
4,1,1.929
4,1,1.584
4,1,1.693
4,1,0.575
4,1,1.502
4,1,2.073
4,1,1.511
4,1,1.091
4,1,1.827
4,1,1.464
4,1,2.237
4,1,1.176
4,1,1.381
4,1,0.416
4,1,1.182
4,1,1.084
4,1,2.48
4,1,3.321
4,2,1.519
4,2,0.771
4,2,1.344
4,2,0.591
4,2,0.954
4,2,0.501
4,2,1.346
4,2,0.806
4,2,1.12
4,2,1.012
4,2,0.139
4,2,0.996
4,2,0.296
4,2,0.833
4,2,1.644
4,2,1.006
4,2,0.303
4,2,0.372
4,2,0.921
4,2,0.886
4,2,1.277
4,2,1.576
4,2,1.194
4,2,0.782
4,2,1.926
4,2,0.666
4,2,0.7
4,2,1.493
4,2,0.134
4,2,0.17
4,2,1.527
4,2,0.996
4,2,0.576
4,2,0.943
4,2,1.677
4,2,0.757
4,2,0.622
4,2,1.529
4,2,1.577
4,2,1.054
4,2,2.319
4,2,0.915
4,2,1.176
4,2,1.495
4,2,1.883
4,2,0.212
4,2,1.169
4,2,0.675
4,2,1.144
4,2,1.563
4,2,2.434
4,2,1.219
4,2,1.788
4,2,1.201
4,2,1.991
4,2,1.856
4,2,0.427
4,2,0.908
4,2,1.137
4,2,1.602
4,2,1.566
4,2,0.999
4,2,1.839
4,2,1.349
4,2,0.937
4,2,1.501
4,2,1.007
4,2,1.252
4,2,2.2
4,2,0.61
4,2,2.261
4,2,0.352
4,2,0.793
4,2,1.07
4,2,1.309
4,2,2.391
4,2,1.118
4,2,1.373
4,2,1.225
4,2,0.868
4,2,1.505
4,2,1.893
4,2,0.912
4,2,1.594
4,2,1.324
4,3,1.216
4,3,0.262
4,3,0.666
4,3,0.043
4,3,0.399
4,3,1.834
4,3,1.245
4,3,1.23
4,3,0.798
4,3,1.371
4,3,1.569
4,3,1.172
4,3,0.255
4,3,1.35
4,3,0.67
4,3,1.817
4,3,0.297
4,3,0.804
4,3,0.724
4,3,2.007
4,3,1.074
4,3,1.368
4,3,1.472
4,3,0.662
4,3,0.807
4,3,0.996
4,3,1.277
4,3,1.415
4,3,0.842
4,3,1.378
4,3,1.71
4,3,0.219
4,3,0.661
4,3,1.291
4,3,1.055
4,3,1.212
4,3,0.369
4,3,1.213
4,3,0.19
4,3,1.224
4,3,0.848
4,3,0.833
4,3,0.935
4,3,0.999
4,3,1.162
4,3,0.771
4,3,0.61
4,3,1.318
4,3,0.948
4,3,1.879
4,3,1.406
4,3,0.997
4,3,1.308
4,3,0.997
4,3,1.555
4,3,0.713
4,3,0.726
4,3,1.086
4,3,0.912
4,3,0.541
4,3,0.462
4,3,0.816
4,3,1.122
4,3,1.256
4,3,0.449
4,3,1.08
4,3,1.534
4,3,1.35
4,3,0.114
4,3,1.788
4,3,1.06
4,3,0.543
4,3,1.013
4,3,0.685
4,3,1.538
4,3,0.777
4,3,0.326
4,3,0.109
4,3,1.157
4,3,0.43
4,3,2.052
4,3,1.422
4,3,1.015
4,3,1.479
4,3,0.515
4,3,0.961
4,3,0.763
4,3,1.083
4,3,0.402
4,3,1.181
4,4,0.79
4,4,0.56
4,4,0.539
4,4,0.646
4,4,1.102
4,4,1.011
4,4,1.473
4,4,0.515
4,4,0.411
4,4,0.222
4,4,1.2
4,4,1.271
4,4,0.944
4,4,0.82
4,4,1.16
4,4,1.302
4,4,1.183
4,4,0.266
4,4,0.373
4,4,0.247
4,4,0.61
4,4,0.544
4,4,1.015
4,4,0.823
4,4,0.675
4,4,0.627
4,4,0.86
4,4,0.761
4,4,1.512
4,4,1.662
4,4,0.278
4,4,0.642
4,4,1.829
4,4,1.666
4,4,1.403
4,4,2.272
4,4,0.597
4,4,1.187
4,4,0.878
4,4,1.063
4,4,0.734
4,4,1.41
4,4,0.912
4,4,0.832
4,4,0.745
4,4,1.064
4,4,1.051
4,4,0.897
4,4,1.465
4,4,0.589
4,4,0.866
4,4,2.075
4,4,1.466
4,4,0.806
4,4,1.351
4,4,1.136
4,4,1.151
4,4,1.588
4,4,1.216
4,4,1.099
4,4,1.034
4,4,0.377
4,4,1.47
4,4,1.663
4,4,0.844
4,4,0.973
4,4,0.751
4,4,0.939
4,4,0.263
4,4,0.968
4,4,0.982
4,4,2.112
4,4,0.936
4,4,0.407
4,4,0.991
4,4,0.888
4,4,0.489
4,4,0.916
4,4,0.939
4,4,1.17
4,4,1.362
4,4,1.094
4,4,1.371
4,4,0.902
4,5,1.097
4,5,0.603
4,5,1.02
4,5,0.863
4,5,1.29
4,5,0.724
4,5,0.608
4,5,0.178
4,5,1.564
4,5,1.121
4,5,0.088
4,5,1.093
4,5,0.683
4,5,0.773
4,5,0.411
4,5,0.556
4,5,0.561
4,5,1.255
4,5,0.968
4,5,1.449
4,5,0.639
4,5,1.427
4,5,1.556
4,5,1.15
4,5,0.923
4,5,1.183
4,5,0.794
4,5,1.029
4,5,0.745
4,5,0.173
4,5,0.919
4,5,0.997
4,5,0.766
4,5,0.757
4,5,0.965
4,5,0.937
4,5,0.56
4,5,1.086
4,5,1.277
4,5,1.428
4,5,0.845
4,5,1.724
4,5,1.466
4,5,0.278
4,5,0.929
4,5,1.082
4,5,0.291
4,5,1.535
4,5,0.838
4,5,1.427
4,5,0.053
4,5,0.901
4,5,1.594
4,5,1.735
4,5,1.375
4,5,0.713
4,5,1.744
4,5,1.006
4,5,1.587
4,5,1.549
4,5,1.16
4,5,0.598
4,5,2.625
4,5,2.489
4,5,1.153
4,5,0.266
4,5,0.942
4,5,1.517
4,5,0.68
4,5,0.871
4,5,0.987
4,5,0.976
4,6,0.568
4,6,0.799
4,6,1.149
4,6,0.592
4,6,0.531
4,6,1.173
4,6,0.566
4,6,1.291
4,6,0.696
4,6,0.859
4,6,0.641
4,6,0.781
4,6,0.505
4,6,1.119
4,6,1.494
4,6,0.298
4,6,0.994
4,6,1.198
4,6,0.882
4,6,1.003
4,6,0.579
4,6,1.387
4,6,0.691
4,6,0.805
4,6,0.271
4,6,0.75
4,6,0.96
4,6,0.667
4,6,1.166
4,6,1.104
4,6,0.457
4,6,0.483
4,6,0.921
4,6,0.705
4,6,1.469
4,6,0.583
4,6,1.356
4,6,1.397
4,6,1.333
4,6,0.834
4,6,1.235
4,6,1.137
4,6,0.956
4,6,0.791
4,6,0.023
4,6,0.649
4,6,0.589
4,6,1.041
4,6,0.867
4,6,1.052
4,6,0.149
4,6,0.96
4,6,1.536
4,6,0.519
4,6,0.577
4,6,1.736
4,6,1.714
4,6,0.837
4,6,0.722
4,6,0.931
4,6,1.115
4,6,1.559
4,6,1.18
4,6,0.425
4,6,0.416
4,6,1.191
4,6,0.245
4,6,0.691
4,6,0.805
4,6,0.489
4,6,1.313
4,7,0.114
4,7,0.115
4,7,0.885
4,7,0.514
4,7,0.746
4,7,0.486
4,7,0.247
4,7,0.528
4,7,0.931
4,7,3.572
4,7,1.217
4,7,1.334
4,7,0.176
4,7,0.852
4,7,1.118
4,7,0.497
4,7,0.571
4,7,0.751
4,7,0.639
4,7,0.177
4,7,0.796
4,7,0.297
4,7,0.796
4,7,1.107
4,7,0.101
4,7,0.824
4,7,0.673
4,7,1.167
4,7,0.96
4,7,0.204
4,7,0.337
4,7,0.922
4,7,1.665
4,7,0.889
4,7,1.846
4,7,0.538
4,7,1.002
4,7,0.479
4,7,1.398
4,7,0.871
4,7,1.56
4,7,1.671
4,7,1.331
4,7,0.999
4,7,0.926
4,7,0.835
4,7,0.151
4,7,1.204
4,7,0.817
4,7,0.862
4,7,0.661
4,7,1.225
4,7,0.68
4,7,1.477
4,7,0.984
4,7,0.135
4,7,0.551
4,7,0.882
4,7,2.184
4,7,1.138
4,7,0.179
4,7,0.856
4,7,0.938
4,7,0.426
4,7,0.956
4,7,0.128
4,7,0.95
4,7,1.354
4,7,1.893
4,7,0.992
4,7,1.169
4,7,1.434
4,7,0.931
4,7,0.486
4,7,1.167
4,7,0.624
4,7,0.964
4,7,0.927
4,7,0.707
4,7,1.229
4,7,1.338
4,7,1.06
4,7,0.26
4,7,0.66
4,7,2.138
4,7,1.034
4,7,1.164
4,7,0.642
4,7,1.818
4,8,0.935
4,8,0.991
4,8,1.092
4,8,0.935
4,8,0.945
4,8,0.573
4,8,0.509
4,8,0.881
4,8,0.074
4,8,0.043
4,8,0.942
4,8,0.805
4,8,0.228
4,8,1.025
4,8,0.799
4,8,0.42
4,8,1.023
4,8,1.487
4,8,0.419
4,8,1.21
4,8,0.963
4,8,0.957
4,8,0.879
4,8,0.576
4,8,0.814
4,8,0.292
4,8,0.875
4,8,0.744
4,8,0.858
4,8,0.386
4,8,0.819
4,8,1.11
4,8,1.089
4,8,1.167
4,8,0.867
4,8,1.293
4,8,1.281
4,8,0.922
4,8,0.875
4,8,1.088
4,8,1.125
4,8,1.06
4,8,0.499
4,8,0.541
4,8,0.768
4,8,1.508
4,8,0.208
4,8,0.736
4,8,0.957
4,8,1.401
4,8,1.62
4,8,1.576
4,8,1.165
4,8,0.356
4,8,0.93
4,8,0.771
4,8,1.906
4,8,0.064
4,8,1.608
4,8,0.679
4,8,1.097
4,8,1.044
4,8,0.651
4,8,1.156
4,8,1.162
4,8,0.655
4,8,1.581
4,8,0.786
4,8,1.128
4,8,1.306
4,8,0.961
4,8,0.318
4,8,1.173
4,8,1.108
4,8,1.129
4,8,0.08
4,8,0.969
4,8,1.372
4,8,0.225
4,8,0.666
4,8,1.174
4,8,1.338
4,8,0.995
4,8,0.639
4,8,0.929
4,8,1.309
4,8,0.71
4,9,0.905
4,9,0.905
4,9,0.061
4,9,0.895
4,9,0.807
4,9,0.625
4,9,1.748
4,9,0.764
4,9,0.734
4,9,1.86
4,9,0.064
4,9,0.061
4,9,0.982
4,9,1.252
4,9,0.889
4,9,0.683
4,9,1.217
4,9,0.535
4,9,0.784
4,9,0.243
4,9,1.031
4,9,0.979
4,9,1.146
4,9,0.673
4,9,1.715
4,9,0.971
4,9,0.785
4,9,0.63
4,9,0.239
4,9,0.499
4,9,0.442
4,9,1.589
4,9,1.015
4,9,0.976
4,9,0.691
4,9,0.492
4,9,0.078
4,9,0.708
4,9,0.639
4,9,0.887
4,9,0.298
4,9,0.148
4,9,1.074
4,9,0.79
4,9,1.14
4,9,0.138
4,9,1.412
4,9,1.006
4,9,1.001
4,9,1.206
4,9,0.829
4,9,0.424
4,9,0.706
4,9,1.437
4,9,0.903
4,9,0.899
4,9,0.546
4,9,0.619
4,9,0.323
4,9,0.553
4,9,0.992
4,9,0.605
4,9,0.757
4,9,0.883
4,9,0.737
4,9,0.469
4,9,1.243
4,9,0.88
4,9,0.96
4,9,1.13
4,9,1.185
4,10,0.691
4,10,0.896
4,10,0.816
4,10,0.457
4,10,0.567
4,10,0.21
4,10,1.513
4,10,0.831
4,10,0.42
4,10,1.194
4,10,0.309
4,10,0.871
4,10,0.732
4,10,1.002
4,10,0.781
4,10,1.224
4,10,0.531
4,10,0.382
4,10,1.225
4,10,0.462
4,10,0.574
4,10,1.637
4,10,0.508
4,10,1.273
4,10,1.115
4,10,0.196
4,10,0.502
4,10,0.56
4,10,0.642
4,10,0.698
4,10,0.977
4,10,1.342
4,10,0.563
4,10,0.459
4,10,1.209
4,10,0.745
4,10,0.182
4,10,1.511
4,10,0.665
4,10,0.914
4,10,0.977
4,10,1.66
4,10,0.343
4,10,0.456
4,10,0.483
4,10,1.17
4,10,0.259
4,10,1.715
4,10,0.969
4,10,0.627
4,10,0.934
4,10,0.836
4,10,0.496
4,10,0.548
4,10,1.614
4,10,1.074
4,10,1.003
4,10,0.761
4,10,1.118
4,10,0.762
4,10,1.489
4,10,1.367
4,10,0.802
4,10,0.217
4,10,0.79
4,10,0.878
4,10,0.648
4,10,0.102
4,10,0.987
4,10,0.138
4,10,0.615
4,10,1.216
4,10,0.339
4,10,1.238
4,10,0.84
4,10,0.434
4,10,0.056
4,10,0.691
4,10,0.772
4,10,0.085
4,10,1.647
4,10,1.425
4,10,0.852
4,10,0.981
4,10,1.503
4,11,0.521
4,11,0.852
4,11,0.333
4,11,0.421
4,11,0.27
4,11,0.759
4,11,0.061
4,11,0.838
4,11,0.235
4,11,1.097
4,11,0.957
4,11,0.063
4,11,0.734
4,11,1.087
4,11,0.649
4,11,0.569
4,11,0.317
4,11,1.006
4,11,0.869
4,11,0.514
4,11,0.456
4,11,0.659
4,11,0.188
4,11,1.245
4,11,1.432
4,11,1.32
4,11,1.643
4,11,0.514
4,11,0.96
4,11,1.271
4,11,0.972
4,11,0.718
4,11,1.565
4,11,0.556
4,11,0.924
4,11,1.053
4,11,1.53
4,11,0.489
4,11,0.092
4,11,0.879
4,11,1.234
4,11,0.768
4,11,1.32
4,11,0.649
4,11,0.419
4,11,0.937
4,11,0.643
4,11,0.065
4,11,0.639
4,11,1.086
4,11,1.437
4,11,0.645
4,11,0.498
4,11,0.982
4,11,0.476
4,11,0.536
4,11,0.941
4,11,1.438
4,11,0.657
4,11,0.775
4,11,0.669
4,11,1.248
4,11,1.021
4,11,1.075
4,11,0.231
4,11,0.563
4,11,0.417
4,11,0.782
4,11,0.928
4,11,0.69
4,12,0.867
4,12,0.617
4,12,0.504
4,12,0.561
4,12,0.669
4,12,0.636
4,12,1.037
4,12,0.443
4,12,0.733
4,12,1.04
4,12,2.357
4,12,0.723
4,12,0.826
4,12,1.725
4,12,0.966
4,12,0.896
4,12,0.606
4,12,0.692
4,12,0.549
4,12,0.516
4,12,0.618
4,12,0.729
4,12,1.423
4,12,0.643
4,12,0.839
4,12,1.125
4,12,0.416
4,12,0.615
4,12,0.507
4,12,0.605
4,12,1.564
4,12,0.95
4,12,0.899
4,12,0.397
4,12,0.73
4,12,1.358
4,12,0.648
4,12,0.78
4,12,0.772
4,12,2.852
4,12,0.514
4,12,0.664
4,12,1.172
4,12,0.651
4,12,0.198
4,12,1.145
4,12,0.749
4,12,0.368
4,12,1.224
4,12,1.093
4,12,0.563
4,12,0.952
4,12,1.179
4,12,1.298
4,12,0.86
4,12,0.676
4,12,0.923
4,12,1.049
4,12,0.767
4,12,1.423
4,12,1.92
4,12,0.569
4,12,1.37
4,12,1.75
4,12,0.068
4,12,0.786
4,12,0.645
4,12,1.049
4,12,0.396
4,12,1.617
4,12,0.098
4,12,0.157
4,12,1.307
4,12,1.613
4,12,1.153
4,12,1.175
4,12,1.515
4,12,0.493
4,12,0.925
4,12,0.073
4,12,0.177
4,12,0.758
4,13,0.057
4,13,0.445
4,13,0.855
4,13,1.066
4,13,0.604
4,13,0.583
4,13,0.632
4,13,1.165
4,13,0.693
4,13,0.487
4,13,0.327
4,13,1.412
4,13,0.902
4,13,1.476
4,13,0.704
4,13,0.106
4,13,1.019
4,13,1.023
4,13,0.444
4,13,0.875
4,13,0.355
4,13,0.996
4,13,1.146
4,13,0.672
4,13,1.362
4,13,0.87
4,13,1.697
4,13,1.194
4,13,0.053
4,13,1.196
4,13,3.263
4,13,0.985
4,13,0.439
4,13,0.569
4,13,0.495
4,13,1.061
4,13,0.342
4,13,0.067
4,13,0.673
4,13,0.951
4,13,0.697
4,13,1.165
4,13,0.688
4,13,0.445
4,13,0.925
4,13,0.664
4,13,0.166
4,13,0.043
4,13,1.331
4,13,1.06
4,13,0.162
4,13,1.416
4,13,0.068
4,13,1.234
4,13,1.164
4,13,0.527
4,13,0.1
4,13,0.641
4,13,0.927
4,13,0.825
4,13,0.687
4,13,1.005
4,13,0.338
4,13,1.162
4,13,1.259
4,13,0.876
4,13,0.964
4,13,0.546
4,13,0.958
4,13,0.146
4,13,1.274
4,13,0.273
4,13,1.423
4,13,1.081
4,13,1.146
4,13,1.409
4,13,0.793
4,13,1.017
4,13,1.31
4,13,0.725
4,13,0.695
4,13,1.056
4,13,0.927
4,13,0.743
4,13,0.574
4,13,0.714
4,13,1.041
4,13,0.787
4,13,0.463
4,13,1.068
4,13,0.708
4,13,1.05
4,14,0.918
4,14,0.504
4,14,0.034
4,14,0.76
4,14,0.398
4,14,0.818
4,14,1.067
4,14,0.172
4,14,0.161
4,14,0.793
4,14,0.506
4,14,1.05
4,14,0.738
4,14,0.188
4,14,0.516
4,14,1.452
4,14,1.111
4,14,0.496
4,14,0.68
4,14,0.467
4,14,0.612
4,14,0.51
4,14,0.721
4,14,1.604
4,14,0.562
4,14,1.442
4,14,0.692
4,14,0.487
4,14,0.829
4,14,0.707
4,14,0.462
4,14,0.882
4,14,0.879
4,14,0.536
4,14,0.758
4,14,0.784
4,14,0.768
4,14,1.114
4,14,0.62
4,14,0.108
4,14,0.295
4,14,0.706
4,14,0.69
4,14,0.663
4,14,0.559
4,14,0.886
4,14,0.902
4,14,0.404
4,14,0.661
4,14,0.683
4,14,0.746
4,14,0.386
4,14,1.242
4,14,0.32
4,14,0.738
4,14,1.068
4,14,0.76
4,14,0.638
4,14,0.701
4,14,0.84
4,14,1.107
4,14,0.959
4,14,0.833
4,14,1.091
4,14,0.805
4,14,1.786
4,14,0.98
4,14,1.559
4,14,0.157
4,14,1.027
4,14,0.562
4,14,0.952
4,14,1.713
4,14,0.021
4,14,0.791
4,14,1.827
4,14,1.008
4,14,0.641
4,14,0.426
4,14,0.801
4,14,0.153
4,14,0.482
4,14,2.224
4,14,1.531
4,14,0.187
4,14,1.561
4,14,0.788
4,14,0.533
4,14,0.95
4,14,0.168
4,14,1.656
4,14,0.752
4,15,0.838
4,15,1.133
4,15,0.79
4,15,0.488
4,15,0.031
4,15,0.279
4,15,0.873
4,15,0.834
4,15,0.594
4,15,0.477
4,15,0.26
4,15,0.671
4,15,0.439
4,15,1.036
4,15,0.586
4,15,0.515
4,15,0.378
4,15,0.424
4,15,1.327
4,15,0.653
4,15,0.705
4,15,0.049
4,15,0.386
4,15,0.127
4,15,0.457
4,15,0.13
4,15,0.758
4,15,1.298
4,15,0.489
4,15,2.398
4,15,1.013
4,15,1.331
4,15,1.835
4,15,2.112
4,15,0.412
4,15,0.767
4,15,0.706
4,15,0.996
4,15,1.631
4,15,0.576
4,15,0.194
4,15,1.495
4,15,0.446
4,15,0.191
4,15,0.569
4,15,0.804
4,15,1.684
4,15,1.469
4,15,0.198
4,15,0.614
4,15,0.283
4,15,0.078
4,15,0.252
4,15,0.322
4,15,2.169
4,15,0.74
4,15,0.532
4,15,0.795
4,15,0.882
4,15,0.08
4,15,0.315
4,15,0.785
4,15,0.208
4,15,0.715
4,15,0.769
4,15,0.873
4,15,0.796
4,15,0.381
4,15,1.239
4,15,0.823
4,15,0.381
4,15,0.692
4,15,0.849
4,15,0.791
4,15,0.175
4,15,1.132
4,15,0.833
4,15,1.592
4,15,0.609
4,15,0.575
4,15,0.095
4,15,0.735
4,15,0.698
4,15,2.609
4,15,1.055
4,15,0.271
4,15,0.753
4,15,1.356
4,15,0.623
4,15,1.302
4,15,1.859
4,16,0.781
4,16,0.699
4,16,0.688
4,16,0.451
4,16,0.495
4,16,0.455
4,16,0.769
4,16,0.55
4,16,0.603
4,16,0.414
4,16,0.997
4,16,0.112
4,16,0.411
4,16,0.451
4,16,0.162
4,16,1.143
4,16,1.063
4,16,0.781
4,16,0.197
4,16,0.648
4,16,0.934
4,16,1.561
4,16,1.666
4,16,0.405
4,16,0.783
4,16,0.245
4,16,1.009
4,16,0.825
4,16,0.732
4,16,0.365
4,16,0.235
4,16,0.711
4,16,0.2
4,16,0.743
4,16,0.349
4,16,0.515
4,16,0.569
4,16,0.648
4,16,0.33
4,16,0.872
4,16,0.24
4,16,0.277
4,16,0.525
4,16,0.08
4,16,0.376
4,16,0.895
4,16,1.076
4,16,0.372
4,16,0.676
4,16,0.178
4,16,1.041
4,16,1.394
4,16,1.249
4,16,0.055
4,16,0.609
4,16,0.57
4,16,0.277
4,16,1.299
4,16,1.119
4,16,1.194
4,16,0.653
4,16,1.163
4,16,1.277
4,16,0.838
4,16,0.587
4,16,0.828
4,16,0.072
4,16,0.778
4,16,0.803
4,16,0.269
4,16,1.059
4,16,1.996
4,16,0.883
4,16,0.147
4,16,0.746
4,16,0.052
4,16,0.907
4,16,1.118
4,16,0.364
4,16,0.845
4,17,0.108
4,17,0.879
4,17,0.057
4,17,0.488
4,17,0.34
4,17,0.953
4,17,1.022
4,17,0.629
4,17,0.545
4,17,0.65
4,17,0.672
4,17,0.352
4,17,0.325
4,17,0.835
4,17,0.997
4,17,1.243
4,17,0.369
4,17,0.355
4,17,0.244
4,17,0.669
4,17,1.603
4,17,0.845
4,17,1.413
4,17,0.88
4,17,0.541
4,17,0.761
4,17,0.421
4,17,0.699
4,17,1.99
4,17,2.033
4,17,0.336
4,17,0.874
4,17,1.501
4,17,2.008
4,17,1.55
4,17,0.712
4,17,0.758
4,17,0.602
4,17,0.675
4,17,1.61
4,17,0.501
4,17,1.316
4,17,0.967
4,17,0.063
4,17,0.777
4,17,0.776
4,17,1.153
4,17,0.913
4,17,0.311
4,17,0.294
4,17,1.192
4,17,0.811
4,17,1.04
4,17,0.386
4,17,0.519
4,17,0.127
4,17,2.043
4,17,1.626
4,17,1.469
4,17,0.48
4,17,0.456
4,17,1.131
4,17,0.806
4,17,0.254
4,17,0.24
4,17,0.344
4,17,1.077
4,17,0.744
4,17,0.187
4,17,0.791
4,17,0.967
4,18,0.729
4,18,1.218
4,18,0.133
4,18,0.476
4,18,1.194
4,18,0.917
4,18,1.104
4,18,1.623
4,18,0.091
4,18,1.238
4,18,0.476
4,18,0.36
4,18,0.499
4,18,0.08
4,18,0.987
4,18,0.43
4,18,0.843
4,18,0.056
4,18,1.689
4,18,0.134
4,18,1.327
4,18,0.432
4,18,1.698
4,18,1.437
4,18,0.211
4,18,0.656
4,18,1.103
4,18,0.822
4,18,0.773
4,18,1.561
4,18,0.317
4,18,0.303
4,18,0.072
4,18,1.147
4,18,0.578
4,18,0.94
4,18,0.119
4,18,1.058
4,18,0.741
4,18,0.813
4,18,0.649
4,18,0.835
4,18,1.407
4,18,0.088
4,18,1.054
4,18,1.176
4,18,0.038
4,18,0.524
4,18,1.104
4,18,1.103
4,18,0.862
4,18,0.612
4,18,0.575
4,18,0.869
4,18,0.94
4,18,0.213
4,18,1.058
4,18,0.894
4,18,1.221
4,18,0.187
4,18,2.036
4,18,0.758
4,18,0.912
4,18,0.188
4,18,0.853
4,18,0.489
4,18,0.875
4,18,0.116
4,18,0.705
4,18,1.384
4,18,0.633
4,18,0.75
4,18,0.897
4,18,0.847
4,18,0.789
4,18,0.853
4,18,1.408
4,18,0.597
4,18,1.902
4,19,0.067
4,19,0.323
4,19,1.28
4,19,0.42
4,19,0.863
4,19,0.819
4,19,2.997
4,19,0.785
4,19,0.104
4,19,2.031
4,19,0.462
4,19,0.795
4,19,1.254
4,19,0.674
4,19,1.064
4,19,0.827
4,19,0.797
4,19,0.265
4,19,0.093
4,19,0.238
4,19,0.219
4,19,1.16
4,19,0.035
4,19,1.139
4,19,1.327
4,19,0.97
4,19,0.732
4,19,0.244
4,19,0.055
4,19,0.904
4,19,0.687
4,19,0.161
4,19,0.976
4,19,0.215
4,19,0.845
4,19,0.799
4,19,0.033
4,19,0.654
4,19,0.089
4,19,0.212
4,19,0.072
4,19,0.622
4,19,0.823
4,19,0.214
4,19,0.534
4,19,0.93
4,19,0.625
4,19,0.571
4,19,0.355
4,19,0.706
4,19,1.195
4,19,0.196
4,19,0.882
4,19,0.046
4,19,0.623
4,19,1.127
4,19,1.647
4,19,1.041
4,19,0.056
4,19,0.629
4,19,0.914
4,19,0.078
4,19,0.984
4,19,0.893
4,19,0.692
4,19,0.086
4,19,0.741
4,19,0.667
4,19,0.814
4,19,1.148
4,19,0.578
4,19,0.192
4,19,0.272
4,19,1.331
4,19,0.28
4,19,0.56
4,19,0.712
4,19,0.637
4,20,0.206
4,20,0.32
4,20,1.394
4,20,0.448
4,20,0.046
4,20,0.594
4,20,0.922
4,20,0.633
4,20,0.044
4,20,0.915
4,20,1.307
4,20,0.092
4,20,0.12
4,20,0.534
4,20,0.941
4,20,1.122
4,20,0.286
4,20,0.378
4,20,1.169
4,20,1.204
4,20,0.454
4,20,0.014
4,20,0.847
4,20,0.704
4,20,1.268
4,20,1.227
4,20,0.6
4,20,0.308
4,20,0.861
4,20,0.609
4,20,0.014
4,20,0.092
4,20,0.078
4,20,1.229
4,20,1.678
4,20,0.083
4,20,0.42
4,20,1.069
4,20,1.322
4,20,0.924
4,20,0.525
4,20,0.642
4,20,1.101
4,20,0.927
4,20,0.893
4,20,0.129
4,20,1.755
4,20,0.091
4,20,1.214
4,20,1.862
4,20,0.116
4,20,0.033
4,20,0.165
4,20,0.55
4,20,0.235
4,20,0.662
4,20,0.709
4,20,0.061
4,20,0.082
4,20,0.401
4,20,0.117
4,20,0.187
4,20,0.03
4,20,0.556
4,20,0.087
4,20,0.157
4,20,0.13
4,21,0.58
4,21,0.099
4,21,0.43
4,21,0.08
4,21,0.497
4,21,0.493
4,21,0.646
4,21,0.083
4,21,0.195
4,21,0.368
4,21,0.719
4,21,1.241
4,21,0.734
4,21,1.238
4,21,1.171
4,21,0.618
4,21,0.814
4,21,0.095
4,21,0.214
4,21,0.897
4,21,0.593
4,21,0.891
4,21,1.133
4,21,0.81
4,21,0.178
4,21,0.419
4,21,1.788
4,21,1.141
4,21,1.737
4,21,0.637
4,21,0.136
4,21,0.976
4,21,0.931
4,21,1.011
4,21,0.527
4,21,0.061
4,21,0.381
4,21,0.09
4,21,0.542
4,21,0.069
4,21,0.853
4,21,0.788
4,21,0.178
4,21,0.058
4,21,0.091
4,21,1.164
4,21,0.524
4,21,0.522
4,21,0.766
4,21,2.435
4,21,0.729
4,21,0.538
4,21,0.764
4,21,0.135
4,21,1.302
4,21,0.098
4,21,0.765
4,21,0.727
4,21,0.339
4,21,0.727
4,21,0.695
4,21,0.135
4,21,0.943
4,21,0.593
4,21,0.453
4,21,0.603
4,21,1.144
4,21,1.061
4,21,0.317
4,21,0.737
4,21,0.15
4,21,0.836
4,21,0.048
4,21,0.622
4,21,1.071
4,21,0.664
4,21,0.438
4,21,0.055
4,21,0.608
4,21,1.121
4,21,1.392
4,21,1.449
4,21,0.136
4,21,0.325
4,21,0.674
4,22,0.267
4,22,1.097
4,22,0.089
4,22,0.391
4,22,0.39
4,22,0.34
4,22,0.121
4,22,0.155
4,22,0.57
4,22,0.405
4,22,0.089
4,22,0.025
4,22,0.751
4,22,0.963
4,22,0.07
4,22,0.61
4,22,1.222
4,22,0.956
4,22,0.884
4,22,0.188
4,22,0.367
4,22,1.304
4,22,0.744
4,22,0.485
4,22,0.6
4,22,0.601
4,22,0.538
4,22,0.743
4,22,0.993
4,22,0.624
4,22,0.833
4,22,0.924
4,22,1.122
4,22,1.023
4,22,1.981
4,22,0.036
4,22,0.706
4,22,0.141
4,22,0.061
4,22,0.672
4,22,0.923
4,22,1.692
4,22,0.487
4,22,1.442
4,22,0.743
4,22,0.623
4,22,0.421
4,22,0.114
4,22,0.684
4,22,0.48
4,22,1.408
4,22,0.153
4,22,1.251
4,22,0.158
4,22,0.066
4,22,1.332
4,22,2.163
4,22,0.229
4,22,0.683
4,22,1.17
4,22,1.253
4,22,0.088
4,22,0.228
4,22,1.618
4,22,0.912
4,22,0.129
4,23,0.819
4,23,0.47
4,23,0.406
4,23,1.146
4,23,0.033
4,23,0.178
4,23,0.67
4,23,1.408
4,23,0.076
4,23,0.422
4,23,1.119
4,23,0.974
4,23,0.199
4,23,0.16
4,23,0.524
4,23,0.629
4,23,0.28
4,23,0.682
4,23,0.165
4,23,1.438
4,23,0.589
4,23,0.107
4,23,0.271
4,23,0.241
4,23,0.942
4,23,0.68
4,23,0.461
4,23,0.102
4,23,0.859
4,23,0.227
4,23,0.586
4,23,0.319
4,23,0.778
4,23,0.127
4,23,1.397
4,23,0.477
4,23,0.563
4,23,0.101
4,23,0.747
4,23,1.657
4,23,0.596
4,23,0.731
4,23,0.969
4,23,1.183
4,23,0.079
4,23,0.137
4,23,0.671
4,23,2.74
4,23,0.267
4,23,0.722
4,23,1.031
4,23,0.309
4,23,2.128
4,23,0.596
4,23,0.668
4,23,0.767
4,23,0.747
4,23,0.163
4,23,0.75
4,23,0.162
4,23,0.53
4,23,0.579
4,23,1.332
4,24,0.408
4,24,0.103
4,24,0.958
4,24,0.451
4,24,0.307
4,24,0.55
4,24,0.685
4,24,0.518
4,24,0.756
4,24,0.689
4,24,0.216
4,24,0.376
4,24,0.725
4,24,1.094
4,24,0.753
4,24,0.608
4,24,0.933
4,24,0.695
4,24,0.982
4,24,0.453
4,24,0.953
4,24,1.529
4,24,0.712
4,24,0.679
4,24,0.147
4,24,0.856
4,24,0.63
4,24,1.848
4,24,0.197
4,24,1.57
4,24,1.026
4,24,0.363
4,24,0.22
4,24,0.146
4,24,1.702
4,24,0.089
4,24,0.865
4,24,0.197
4,24,0.891
4,24,1.231
4,24,1.04
4,24,2.227
4,24,0.051
4,24,0.695
4,24,0.216
4,24,0.612
4,24,0.147
4,24,0.347
4,24,0.358
4,24,1.31
4,24,0.341
4,24,0.152
4,24,0.076
4,24,0.076
4,24,0.772
4,24,0.178
4,24,0.557
4,24,1.889
4,24,0.263
4,24,0.634
4,24,0.245
4,24,1.219
4,24,0.679
4,24,1.425
4,24,0.737
4,24,0.561
4,24,0.156
4,24,0.071
4,24,0.812
4,24,0.079
4,24,0.724
4,24,0.559
4,25,0.639
4,25,0.974
4,25,0.297
4,25,1.33
4,25,0.198
4,25,0.958
4,25,0.02
4,25,0.064
4,25,0.753
4,25,0.966
4,25,0.395
4,25,0.039
4,25,1.321
4,25,0.772
4,25,0.141
4,25,0.062
4,25,0.771
4,25,0.214
4,25,0.271
4,25,0.218
4,25,1.502
4,25,0.832
4,25,0.544
4,25,0.198
4,25,0.245
4,25,0.606
4,25,0.144
4,25,0.442
4,25,1.416
4,25,0.499
4,25,0.088
4,25,0.582
4,25,0.482
4,25,2.04
4,25,0.23
4,25,1.518
4,25,0.129
4,25,0.394
4,25,0.755
4,25,0.904
4,25,0.176
4,25,0.869
4,25,0.885
4,25,0.766
4,25,0.29
4,25,0.34
4,25,0.082
4,25,0.916
4,25,1.115
4,25,0.862
4,25,0.385
4,25,0.079
4,26,0.856
4,26,0.095
4,26,0.236
4,26,0.834
4,26,1.25
4,26,0.495
4,26,0.231
4,26,0.574
4,26,0.669
4,26,0.458
4,26,0.186
4,26,0.425
4,26,0.477
4,26,0.709
4,26,0.832
4,26,0.412
4,26,0.8
4,26,0.875
4,26,0.055
4,26,0.842
4,26,0.166
4,26,0.98
4,26,0.412
4,26,0.087
4,26,0.101
4,26,0.822
4,26,0.364
4,26,0.62
4,26,0.509
4,26,1.117
4,26,0.245
4,26,1.113
4,26,0.422
4,26,0.167
4,26,0.49
4,26,0.421
4,26,0.166
4,26,0.995
4,26,0.54
4,26,0.067
4,26,1.35
4,26,1.722
4,26,1.069
4,26,1.212
4,26,1.378
4,26,0.038
4,26,0.049
4,26,0.603
4,26,0.132
4,26,0.045
4,26,0.731
4,26,2.027
4,26,1.163
4,26,1.117
4,26,0.625
4,26,0.409
4,26,1.201
4,26,0.474
4,26,0.241
4,26,0.083
4,26,0.19
4,26,0.056
4,26,0.082
4,26,1.019
4,26,0.222
4,26,0.26
4,27,0.621
4,27,0.048
4,27,0.572
4,27,1.671
4,27,0.447
4,27,0.621
4,27,0.683
4,27,0.077
4,27,0.709
4,27,0.525
4,27,0.301
4,27,0.704
4,27,1.036
4,27,0.171
4,27,0.454
4,27,0.618
4,27,0.332
4,27,0.054
4,27,1.153
4,27,1.143
4,27,1.492
4,27,0.394
4,27,0.28
4,27,0.086
4,27,0.7
4,27,0.596
4,27,0.873
4,27,0.488
4,27,0.793
4,27,0.083
4,27,0.483
4,27,0.424
4,27,0.447
4,27,1.027
4,27,0.153
4,27,0.213
4,27,0.24
4,27,1.664
4,27,0.528
4,27,0.081
4,27,0.728
4,27,0.423
4,27,0.765
4,27,0.092
4,27,0.51
4,27,0.113
4,27,0.142
4,27,0.465
4,27,0.194
4,27,0.123
4,27,0.942
4,27,0.061
4,27,0.534
4,27,0.58
4,27,0.07
4,28,0.872
4,28,0.112
4,28,0.316
4,28,0.321
4,28,0.671
4,28,1.542
4,28,0.566
4,28,0.892
4,28,0.751
4,28,0.441
4,28,0.821
4,28,0.668
4,28,1.107
4,28,1.102
4,28,0.636
4,28,1.608
4,28,0.42
4,28,0.522
4,28,0.473
4,28,1.12
4,28,0.908
4,28,0.455
4,28,1.478
4,28,0.737
4,28,0.812
4,28,0.076
4,28,2.676
4,28,0.519
4,28,0.096
4,28,0.876
4,28,0.655
4,28,0.309
4,28,0.836
4,28,0.772
4,28,0.196
4,28,0.949
4,28,0.536
4,28,0.215
4,28,1.21
4,28,0.5
4,28,0.533
4,28,1.21
4,28,0.029
4,28,0.706
4,28,0.812
4,28,1.136
4,28,0.973
4,28,0.658
4,28,0.421
4,29,0.9
4,29,0.134
4,29,1.068
4,29,0.084
4,29,0.355
4,29,1.009
4,29,0.934
4,29,0.378
4,29,1.135
4,29,0.76
4,29,0.746
4,29,0.389
4,29,0.376
4,29,0.155
4,29,0.037
4,29,0.681
4,29,0.93
4,29,0.114
4,29,0.14
4,29,0.479
4,29,0.942
4,29,0.311
4,29,0.238
4,29,0.381
4,29,0.176
4,29,0.525
4,29,0.877
4,29,0.581
4,29,0.751
4,29,0.066
4,29,0.176
4,29,0.702
4,29,0.383
4,29,0.199
4,29,0.257
4,29,1.068
4,29,0.087
4,29,0.026
4,29,0.939
4,29,0.983
4,29,0.024
4,29,1.33
4,29,0.919
4,29,0.596
4,29,0.212
4,29,0.647
4,29,0.052
4,29,0.559
4,29,0.748
4,29,1.018
4,29,0.328
4,30,0.831
4,30,0.071
4,30,0.322
4,30,0.662
4,30,0.563
4,30,0.765
4,30,0.966
4,30,0.507
4,30,0.219
4,30,1.923
4,30,0.656
4,30,0.486
4,30,0.287
4,30,0.127
4,30,1.253
4,30,0.78
4,30,0.389
4,30,0.695
4,30,0.472
4,30,0.666
4,30,0.921
4,30,0.12
4,30,0.783
4,30,0.767
4,30,0.06
4,30,0.944
4,30,1.784
4,30,0.166
4,30,0.768
4,30,0.529
4,30,1.131
4,30,0.615
4,30,0.599
4,30,0.776
4,30,0.11
4,30,0.677
4,30,0.77
4,30,1.021
4,30,0.619
4,30,0.578
4,30,0.673
4,30,2.314
4,30,0.139
4,30,0.135
4,30,0.97
4,30,0.066
4,30,0.162
4,30,0.526
4,30,1.023
4,30,0.184
