1,1,0.148
1,1,0.669
1,1,0.429
1,1,1.486
1,1,1.376
1,1,1.43
1,1,0.536
1,1,0.998
1,1,0.724
1,1,1.062
1,1,1.133
1,1,0.484
1,1,0.902
1,1,1.334
1,1,0.732
1,1,0.611
1,1,0.432
1,1,2.005
1,1,1.175
1,1,1.096
1,1,1.375
1,1,0.931
1,1,0.851
1,1,1.011
1,1,0.736
1,1,0.481
1,1,0.769
1,1,0.823
1,1,1.073
1,1,0.904
1,1,0.429
1,1,0.999
1,1,1.08
1,1,0.471
1,1,2.255
1,1,0.846
1,1,1.189
1,1,0.723
1,1,1.777
1,1,0.91
1,1,1.131
1,2,0.543
1,2,0.823
1,2,0.471
1,2,0.517
1,2,1.023
1,2,0.674
1,2,1.145
1,2,1.36
1,2,0.657
1,2,0.646
1,2,0.51
1,2,1.341
1,2,0.677
1,2,0.204
1,2,0.898
1,2,1.104
1,2,0.771
1,2,0.525
1,2,1.043
1,2,0.816
1,2,0.835
1,2,0.548
1,2,1.14
1,2,1.621
1,2,0.617
1,2,0.414
1,2,0.866
1,2,0.42
1,2,0.65
1,2,0.999
1,2,0.809
1,2,1.797
1,2,0.718
1,2,1.136
1,2,0.331
1,2,1.278
1,2,0.833
1,2,1.1
1,2,1.061
1,2,0.855
1,2,0.781
1,2,0.476
1,2,0.768
1,2,0.989
1,2,1.081
1,2,0.634
1,2,0.955
1,2,0.271
1,2,0.954
1,2,0.969
1,2,0.27
1,2,1.082
1,2,0.501
1,2,0.716
1,2,0.013
1,2,0.349
1,2,0.632
1,2,0.798
1,2,1.506
1,2,0.78
1,2,0.302
1,2,0.916
1,2,1.334
1,2,0.919
1,3,0.65
1,3,0.853
1,3,1.271
1,3,1.476
1,3,0.454
1,3,0.72
1,3,0.735
1,3,0.634
1,3,0.795
1,3,0.382
1,3,0.502
1,3,0.432
1,3,0.716
1,3,1.032
1,3,0.945
1,3,1.156
1,3,1.482
1,3,0.598
1,3,0.987
1,3,0.704
1,3,0.86
1,3,1.14
1,3,1.335
1,3,1.091
1,3,0.298
1,3,0.898
1,3,0.81
1,3,0.908
1,3,1.263
1,3,1.083
1,3,0.726
1,3,1.134
1,3,0.026
1,3,0.156
1,3,0.471
1,3,0.579
1,3,1.164
1,3,0.636
1,3,1.015
1,3,0.674
1,3,0.021
1,3,0.797
1,3,0.636
1,3,0.037
1,3,0.64
1,3,1.016
1,3,0.473
1,3,0.659
1,3,0.438
1,3,0.046
1,4,0.599
1,4,0.987
1,4,1.327
1,4,0.94
1,4,0.398
1,4,0.342
1,4,0.331
1,4,0.803
1,4,1.115
1,4,0.808
1,4,0.275
1,4,1.177
1,4,0.557
1,4,0.605
1,4,1.296
1,4,0.717
1,4,0.678
1,4,0.949
1,4,0.454
1,4,0.592
1,4,0.162
1,4,1.1
1,4,0.479
1,4,1.074
1,4,0.595
1,4,0.86
1,4,0.929
1,4,0.485
1,4,0.971
1,4,1.06
1,4,0.37
1,4,0.432
1,4,1.154
1,4,0.705
1,4,1.675
1,4,1.509
1,4,0.61
1,4,1.301
1,4,1.095
1,4,0.423
1,4,1.004
1,4,1.546
1,4,0.891
1,4,0.638
1,4,0.647
1,4,0.898
1,4,0.729
1,4,0.27
1,4,0.669
1,4,0.445
1,4,0.497
1,4,0.035
1,4,0.036
1,4,1.557
1,4,1.588
1,4,1.336
1,4,0.585
1,4,1.286
1,4,1.942
1,5,0.681
1,5,0.673
1,5,0.486
1,5,0.627
1,5,0.997
1,5,0.426
1,5,0.884
1,5,0.918
1,5,0.635
1,5,0.946
1,5,1.334
1,5,0.561
1,5,1.392
1,5,1.64
1,5,1.589
1,5,1.437
1,5,0.675
1,5,0.827
1,5,1.518
1,5,0.332
1,5,0.39
1,5,0.55
1,5,0.834
1,5,0.83
1,5,0.643
1,5,1.043
1,5,0.587
1,5,0.446
1,5,0.626
1,5,0.29
1,5,0.241
1,5,1.294
1,5,0.659
1,5,1.297
1,5,0.779
1,5,0.315
1,5,0.134
1,5,1.098
1,5,0.798
1,5,0.626
1,5,0.808
1,5,0.27
1,5,0.85
1,5,1.037
1,5,0.298
1,5,0.785
1,5,0.723
1,5,0.471
1,5,0.896
1,5,0.712
1,5,0.438
1,5,0.555
1,5,0.312
1,5,2.328
1,5,0.018
1,6,0.622
1,6,0.514
1,6,1.229
1,6,1.051
1,6,0.865
1,6,1.041
1,6,0.904
1,6,0.732
1,6,0.393
1,6,0.462
1,6,0.369
1,6,0.519
1,6,0.639
1,6,0.784
1,6,0.46
1,6,0.929
1,6,0.605
1,6,0.875
1,6,0.373
1,6,0.669
1,6,0.434
1,6,0.527
1,6,1.047
1,6,0.776
1,6,0.652
1,6,1.248
1,6,0.969
1,6,0.349
1,6,0.231
1,6,0.606
1,6,1.048
1,6,0.242
1,6,0.073
1,6,1.104
1,6,0.334
1,6,0.56
1,6,0.615
1,6,0.859
1,6,0.7
1,6,0.325
1,6,0.568
1,6,0.565
1,6,0.505
1,6,1.276
1,6,1.111
1,6,1.021
1,6,0.705
1,7,0.178
1,7,0.407
1,7,1.013
1,7,0.913
1,7,0.7
1,7,0.684
1,7,0.322
1,7,0.489
1,7,0.854
1,7,0.624
1,7,0.371
1,7,0.896
1,7,1.106
1,7,0.605
1,7,0.314
1,7,1.023
1,7,0.739
1,7,0.499
1,7,0.419
1,7,0.339
1,7,0.53
1,7,0.809
1,7,0.902
1,7,0.418
1,7,0.625
1,7,0.963
1,7,0.73
1,7,0.802
1,7,1.174
1,7,1.171
1,7,0.363
1,7,0.058
1,7,0.704
1,7,0.637
1,7,0.524
1,7,0.652
1,7,1.072
1,7,0.057
1,7,0.459
1,7,0.582
1,7,0.049
1,7,0.918
1,7,1.464
1,7,0.323
1,7,0.051
1,7,0.728
1,7,0.453
1,7,0.351
1,7,0.295
1,8,0.746
1,8,0.527
1,8,0.487
1,8,0.596
1,8,0.872
1,8,0.817
1,8,0.503
1,8,0.91
1,8,0.818
1,8,0.685
1,8,1.074
1,8,0.464
1,8,1.031
1,8,0.292
1,8,1.166
1,8,0.592
1,8,0.58
1,8,0.61
1,8,0.295
1,8,0.614
1,8,0.866
1,8,0.413
1,8,0.342
1,8,1.239
1,8,0.296
1,8,1.248
1,8,0.572
1,8,0.787
1,8,0.219
1,8,1.456
1,8,0.401
1,8,0.375
1,8,0.634
1,8,0.465
1,8,0.611
1,8,0.16
1,8,0.746
1,8,0.096
1,8,0.915
1,8,0.355
1,8,0.586
1,8,0.411
1,8,1.491
1,8,0.305
1,8,0.959
1,8,0.108
1,8,0.136
1,9,0.677
1,9,0.495
1,9,0.318
1,9,0.641
1,9,0.372
1,9,0.387
1,9,0.657
1,9,0.638
1,9,0.874
1,9,0.849
1,9,0.352
1,9,0.68
1,9,0.674
1,9,0.098
1,9,1.111
1,9,0.525
1,9,0.37
1,9,0.618
1,9,0.774
1,9,0.56
1,9,0.523
1,9,0.517
1,9,1.256
1,9,0.607
1,9,0.924
1,9,0.413
1,9,0.716
1,9,0.425
1,9,0.574
1,9,0.216
1,9,0.615
1,9,1.33
1,9,0.458
1,9,1.47
1,9,0.406
1,9,1.056
1,9,0.414
1,9,0.445
1,9,0.579
1,9,0.171
1,9,0.688
1,10,0.522
1,10,0.338
1,10,0.345
1,10,0.764
1,10,0.449
1,10,0.065
1,10,0.544
1,10,0.686
1,10,0.888
1,10,0.516
1,10,0.857
1,10,0.325
1,10,0.899
1,10,0.843
1,10,0.439
1,10,0.995
1,10,0.919
1,10,1.094
1,10,0.744
1,10,0.69
1,10,0.904
1,10,0.779
1,10,0.215
1,10,0.398
1,10,0.239
1,10,0.068
1,10,1.075
1,10,0.558
1,10,0.253
1,10,0.521
1,10,0.734
1,10,0.585
1,10,0.281
1,10,0.141
1,10,0.653
1,10,0.169
1,10,0.62
1,10,1.043
1,10,0.664
1,11,0.498
1,11,0.673
1,11,0.034
1,11,0.052
1,11,0.558
1,11,0.754
1,11,1.179
1,11,0.366
1,11,0.267
1,11,0.38
1,11,0.731
1,11,0.658
1,11,0.589
1,11,0.581
1,11,0.778
1,11,0.554
1,11,0.409
1,11,0.035
1,11,0.649
1,11,0.134
1,11,0.717
1,11,1.174
1,11,0.438
1,11,0.578
1,11,0.415
1,11,0.294
1,11,0.889
1,11,0.444
1,11,1.02
1,11,0.264
1,11,0.197
1,11,0.701
1,11,0.165
1,11,0.367
1,11,0.548
1,11,0.064
1,11,0.692
1,11,1.043
1,11,0.119
1,11,0.038
1,11,0.025
1,11,0.14
1,11,0.681
1,11,0.113
1,11,0.416
1,11,0.345
1,11,0.122
1,12,0.274
1,12,0.46
1,12,1.099
1,12,0.405
1,12,0.39
1,12,0.503
1,12,0.961
1,12,0.441
1,12,0.624
1,12,0.766
1,12,0.308
1,12,1.347
1,12,0.137
1,12,0.364
1,12,0.73
1,12,0.254
1,12,0.913
1,12,0.528
1,12,1.364
1,12,0.511
1,12,0.311
1,12,0.385
1,12,0.114
1,12,0.651
1,12,0.621
1,12,0.555
1,12,0.468
1,12,0.371
1,12,0.582
1,12,0.801
1,12,1.013
1,12,0.646
1,12,0.543
1,12,0.61
1,12,0.623
1,12,0.31
1,12,0.527
1,12,0.255
1,12,0.709
1,12,0.383
1,12,0.813
1,12,0.387
1,12,0.361
1,13,0.519
1,13,0.742
1,13,0.792
1,13,0.354
1,13,1.23
1,13,0.736
1,13,0.783
1,13,0.451
1,13,0.774
1,13,0.253
1,13,1.28
1,13,0.192
1,13,0.186
1,13,0.776
1,13,0.933
1,13,0.084
1,13,0.647
1,13,0.112
1,13,0.411
1,13,0.388
1,13,0.423
1,13,0.893
1,13,0.814
1,13,0.447
1,13,0.225
1,13,0.462
1,13,0.839
1,13,0.38
1,13,0.561
1,13,0.5
1,13,0.46
1,13,0.58
1,14,0.552
1,14,1.078
1,14,0.464
1,14,0.079
1,14,0.762
1,14,0.23
1,14,1.228
1,14,0.516
1,14,1.115
1,14,0.357
1,14,0.432
1,14,0.47
1,14,1.017
1,14,0.358
1,14,0.784
1,14,0.093
1,14,0.271
1,14,0.209
1,14,0.68
1,14,0.364
1,14,0.046
1,14,0.393
1,14,0.325
1,14,0.493
1,14,0.373
1,14,0.726
1,14,0.988
1,14,0.061
1,14,0.664
1,14,0.582
1,14,0.085
1,14,0.743
1,14,0.32
1,14,0.06
1,14,0.154
1,14,0.743
1,14,0.482
1,14,0.5
1,14,0.201
1,14,0.542
1,14,1.152
1,14,0.266
1,14,0.521
1,14,0.174
1,15,0.416
1,15,0.739
1,15,1.008
1,15,0.655
1,15,0.74
1,15,0.561
1,15,0.592
1,15,0.53
1,15,0.426
1,15,0.431
1,15,0.379
1,15,0.392
1,15,0.215
1,15,0.569
1,15,0.429
1,15,0.544
1,15,0.356
1,15,0.369
1,15,0.319
1,15,0.832
1,15,0.645
1,15,0.689
1,15,0.512
1,15,0.9
1,15,0.69
1,15,0.785
1,15,0.932
1,15,0.08
1,15,0.549
1,15,0.571
1,15,0.446
1,15,0.635
1,15,0.193
1,15,0.19
1,15,0.58
1,15,0.564
1,15,0.167
1,15,0.463
1,15,0.304
1,15,1.015
1,15,0.27
1,15,0.947
1,15,0.377
1,15,0.102
1,15,0.781
1,15,0.477
1,15,0.087
1,15,0.498
1,15,0.314
1,15,0.685
1,15,0.124
1,16,1.031
1,16,0.53
1,16,0.368
1,16,0.26
1,16,0.561
1,16,0.684
1,16,0.285
1,16,0.504
1,16,0.25
1,16,0.637
1,16,0.699
1,16,0.101
1,16,0.163
1,16,0.131
1,16,0.405
1,16,0.546
1,16,0.84
1,16,0.227
1,16,0.601
1,16,0.125
1,16,0.322
1,16,0.148
1,16,0.381
1,16,0.513
1,16,0.531
1,16,0.562
1,16,1.055
1,16,1.185
1,16,0.402
1,16,0.915
1,16,0.758
1,16,0.392
1,16,0.318
1,16,1.248
1,16,0.746
1,16,0.47
1,16,0.065
1,16,0.253
1,16,0.559
1,16,0.714
1,17,1.05
1,17,0.525
1,17,0.546
1,17,0.498
1,17,0.147
1,17,0.293
1,17,0.157
1,17,0.872
1,17,0.617
1,17,0.474
1,17,0.727
1,17,0.084
1,17,0.816
1,17,0.076
1,17,0.706
1,17,0.85
1,17,0.598
1,17,0.622
1,17,0.482
1,17,0.478
1,17,0.132
1,17,0.703
1,17,0.065
1,17,0.138
1,17,0.677
1,17,0.555
1,17,0.062
1,17,0.354
1,17,0.47
1,17,0.67
1,17,0.662
1,17,0.481
1,17,0.299
1,17,0.561
1,17,0.234
1,17,0.797
1,17,1.041
1,17,0.26
1,17,0.464
1,17,0.63
1,17,0.725
1,17,0.479
1,17,0.096
1,17,0.123
1,17,0.718
1,17,0.666
1,17,0.049
1,18,0.759
1,18,0.161
1,18,0.551
1,18,0.065
1,18,0.024
1,18,0.061
1,18,0.477
1,18,0.312
1,18,0.062
1,18,0.266
1,18,0.388
1,18,0.449
1,18,0.274
1,18,0.635
1,18,0.851
1,18,0.582
1,18,0.43
1,18,0.724
1,18,0.052
1,18,0.701
1,18,0.58
1,18,0.129
1,18,0.57
1,18,0.518
1,18,0.421
1,18,0.389
1,18,0.508
1,18,0.653
1,18,0.556
1,18,1.452
1,18,0.209
1,18,0.89
1,18,0.524
1,18,0.516
1,18,0.412
1,18,0.485
1,18,0.073
1,18,0.957
1,18,0.166
1,18,0.92
1,18,0.314
1,18,0.556
1,18,0.458
1,19,0.636
1,19,0.206
1,19,0.072
1,19,0.399
1,19,0.127
1,19,0.905
1,19,0.401
1,19,1.245
1,19,0.103
1,19,0.6
1,19,0.672
1,19,0.526
1,19,0.476
1,19,0.303
1,19,0.348
1,19,0.701
1,19,0.779
1,19,0.792
1,19,0.275
1,19,0.025
1,19,0.163
1,19,0.982
1,19,1.196
1,19,0.045
1,19,0.822
1,19,0.196
1,19,0.737
1,19,0.031
1,19,0.441
1,19,0.326
1,19,0.831
1,19,0.582
1,19,0.727
1,19,0.872
1,19,0.584
1,19,0.129
1,19,1.131
1,19,0.089
1,19,0.624
1,19,0.335
1,19,0.525
1,19,0.448
1,19,0.475
1,19,0.593
1,19,0.535
1,19,0.034
1,19,0.109
1,19,0.657
1,19,0.244
1,20,0.552
1,20,0.065
1,20,0.465
1,20,0.165
1,20,1.189
1,20,0.564
1,20,0.276
1,20,0.393
1,20,0.337
1,20,1.223
1,21,1.158
1,21,0.081
1,21,0.685
1,21,0.852
1,21,0.601
1,21,0.616
1,21,0.614
1,21,0.288
1,21,0.638
1,21,0.844
1,21,0.082
1,21,0.21
1,21,0.576
1,21,0.549
1,21,0.401
1,21,0.748
1,21,0.06
1,21,0.449
1,21,0.384
1,21,0.532
1,21,0.047
1,21,0.929
1,21,0.257
1,21,0.343
1,21,0.451
1,22,0.327
1,22,0.489
1,22,0.619
1,22,0.47
1,22,0.256
1,22,0.194
1,22,0.087
1,22,0.051
1,22,0.382
1,22,0.345
1,22,0.397
1,22,0.4
1,22,0.639
1,22,0.823
1,22,0.052
1,22,0.417
1,22,0.625
1,22,0.5
1,22,0.137
1,22,0.035
1,22,0.988
1,22,0.171
1,23,0.057
1,23,0.953
1,23,1.048
1,23,0.296
1,23,0.292
1,23,0.037
1,23,0.343
1,23,0.56
1,23,0.364
1,23,0.112
1,23,0.291
1,23,0.496
1,23,0.45
1,23,0.089
1,23,0.216
1,23,0.037
1,23,0.409
1,23,0.202
1,23,0.821
1,23,0.432
1,23,0.048
1,23,0.542
1,23,0.837
1,23,0.457
1,23,0.734
1,23,0.505
1,23,0.414
1,23,0.548
1,23,0.571
1,23,0.268
1,23,1.145
1,24,0.303
1,24,0.514
1,24,0.527
1,24,0.546
1,24,0.433
1,24,0.075
1,24,1.176
1,24,0.379
1,24,0.175
1,24,0.26
1,24,0.558
1,24,0.517
1,24,1.021
1,24,0.893
1,24,0.301
1,24,0.512
1,24,0.349
1,24,0.322
1,24,0.451
1,24,0.967
1,24,0.627
1,24,0.511
1,24,0.112
1,24,0.049
1,24,1.144
1,24,0.029
1,24,0.469
1,24,0.328
1,24,0.606
1,24,0.114
1,24,0.096
1,24,0.077
1,24,0.534
1,24,0.24
1,24,0.08
1,25,0.078
1,25,0.36
1,25,0.077
1,25,0.066
1,25,0.276
1,25,0.619
1,25,0.554
1,25,0.515
1,25,0.336
1,25,0.604
1,25,0.608
1,25,0.567
1,25,0.237
1,25,0.058
1,25,0.513
1,25,0.341
1,25,0.39
1,25,0.264
1,25,0.127
1,25,0.109
1,25,0.71
1,25,0.825
1,25,0.668
1,25,0.837
1,25,0.087
1,25,0.893
1,25,0.25
1,25,0.379
1,25,0.038
1,25,1.044
1,25,0.518
1,25,0.503
1,25,0.583
1,25,0.438
1,25,0.062
1,25,0.068
1,25,0.571
1,25,0.841
1,26,0.076
1,26,0.868
1,26,0.835
1,26,0.464
1,26,0.303
1,26,0.525
1,26,0.3
1,26,0.043
1,26,0.211
1,26,0.232
1,26,0.88
1,26,0.461
1,26,0.125
1,26,0.063
1,26,0.612
1,26,0.504
1,26,1.09
1,26,0.495
1,26,0.416
1,26,0.724
1,26,0.629
1,26,0.945
1,26,0.539
1,26,0.529
1,26,0.466
1,26,0.059
1,26,1.186
1,26,0.23
1,26,0.404
1,27,0.073
1,27,0.65
1,27,0.055
1,27,0.053
1,27,0.477
1,27,0.074
1,27,0.033
1,27,0.033
1,28,0.092
1,28,0.485
1,28,0.207
1,28,0.573
1,28,0.332
1,28,0.653
1,28,0.749
1,28,0.206
1,28,0.427
1,28,1.116
1,28,0.743
1,28,0.113
1,28,0.759
1,28,0.757
1,28,1.176
1,28,0.707
1,28,0.782
1,28,0.793
1,28,0.695
1,28,0.261
1,28,0.612
1,28,0.331
1,28,0.514
1,28,0.603
1,28,0.311
1,28,0.645
1,28,0.513
1,28,0.259
1,28,1.253
1,28,0.085
1,29,1.207
1,29,0.558
1,29,0.281
1,29,0.18
1,29,0.03
1,29,0.122
1,29,0.902
1,29,0.227
1,29,0.597
1,29,0.98
1,29,0.027
1,29,0.067
1,29,0.069
1,29,0.783
1,29,0.65
1,29,0.64
1,29,0.524
1,29,0.052
1,30,0.4
1,30,0.556
1,30,0.478
1,30,0.352
1,30,0.678
1,30,0.075
1,30,0.433
1,30,0.515
1,30,0.068
1,30,0.923
1,30,0.789
1,30,0.137
1,30,0.751
1,30,0.596
1,30,0.129
1,30,0.231
1,30,0.689
2,1,1.98
2,1,1.541
2,1,1.294
2,1,1.183
2,1,1.459
2,1,1.024
2,1,1.592
2,1,2.217
2,1,2.317
2,1,1.497
2,1,1.574
2,1,1.372
2,1,2.361
2,1,0.754
2,1,1.413
2,1,1.08
2,2,1.04
2,2,1.136
2,2,0.25
2,2,1.347
2,2,1.57
2,2,0.588
2,2,1.193
2,2,0.61
2,2,1.083
2,2,0.903
2,2,0.724
2,2,0.84
2,2,1.973
2,2,0.771
2,2,1.112
2,2,1.516
2,2,1.604
2,2,0.484
2,2,0.535
2,2,1.234
2,2,1.512
2,2,1.126
2,2,1.8
2,2,1.057
2,2,1.746
2,3,1.264
2,3,1.238
2,3,1.085
2,3,0.74
2,3,1.014
2,3,1.425
2,3,1.218
2,3,0.694
2,3,1.053
2,3,0.604
2,3,0.507
2,3,1.126
2,3,1.512
2,3,1.207
2,3,0.885
2,3,1.619
2,3,1.062
2,3,2.32
2,3,1.477
2,3,0.74
2,3,1.113
2,3,1.106
2,3,0.996
2,3,1.006
2,3,1.335
2,3,0.798
2,3,1.077
2,3,0.795
2,3,1.003
2,3,0.87
2,3,1.55
2,3,1.076
2,4,0.85
2,4,0.798
2,4,1.449
2,4,0.929
2,4,1.1
2,4,1.544
2,4,1.104
2,4,1.797
2,4,0.945
2,4,1.206
2,4,1.478
2,4,1.206
2,4,1.604
2,4,1.205
2,4,0.927
2,4,0.498
2,4,1.278
2,4,0.94
2,4,1.559
2,4,1.271
2,4,2.031
2,4,0.021
2,4,0.103
2,4,1.683
2,4,1.431
2,5,1.223
2,5,0.34
2,5,1.236
2,5,0.998
2,5,1.406
2,5,0.881
2,5,0.948
2,5,1.662
2,5,0.885
2,5,1.039
2,5,0.614
2,5,1.103
2,5,0.986
2,5,0.436
2,5,1.32
2,5,1.763
2,5,0.254
2,5,1.337
2,5,1.119
2,5,1.165
2,5,1.94
2,5,0.528
2,5,1.114
2,5,1.203
2,5,1.035
2,5,1.265
2,5,1.277
2,5,0.631
2,5,1.182
2,5,0.331
2,5,0.522
2,6,1.072
2,6,1.302
2,6,0.371
2,6,0.399
2,6,0.776
2,6,1.284
2,6,0.899
2,6,1.122
2,6,0.574
2,6,0.51
2,6,0.495
2,6,1.175
2,6,1.417
2,6,0.718
2,6,0.51
2,6,0.483
2,6,0.692
2,6,0.928
2,6,1.215
2,6,1.648
2,6,0.782
2,6,1.465
2,6,0.611
2,6,0.248
2,6,0.947
2,6,0.544
2,6,1.033
2,6,1.089
2,6,1.323
2,7,1.619
2,7,1.274
2,7,0.843
2,7,0.484
2,7,0.792
2,7,1.44
2,7,0.035
2,7,0.659
2,7,0.629
2,7,1.048
2,7,0.721
2,7,0.244
2,7,1.458
2,7,0.787
2,7,0.699
2,7,1.273
2,7,0.696
2,7,0.827
2,7,1.217
2,7,0.484
2,7,0.746
2,7,0.067
2,7,1.119
2,7,0.258
2,7,1.933
2,7,0.508
2,7,0.88
2,7,1.699
2,7,0.707
2,7,0.773
2,7,1.087
2,7,0.7
2,7,0.812
2,7,1.846
2,7,0.792
2,8,0.98
2,8,0.862
2,8,0.745
2,8,0.832
2,8,0.485
2,8,1.156
2,8,0.682
2,8,1.639
2,8,0.791
2,8,0.603
2,8,1.257
2,8,1.416
2,8,1.041
2,8,0.478
2,8,1.191
2,8,0.598
2,8,0.519
2,8,0.539
2,8,1.397
2,8,0.882
2,8,1.079
2,8,1.323
2,8,0.722
2,8,0.549
2,8,0.858
2,8,1.279
2,8,0.81
2,8,0.517
2,8,0.012
2,8,0.69
2,8,1.091
2,8,1.244
2,8,0.485
2,9,1.337
2,9,0.399
2,9,0.723
2,9,1.163
2,9,0.49
2,9,0.21
2,9,0.106
2,9,1.028
2,9,0.835
2,9,1.677
2,9,0.025
2,9,0.039
2,9,0.666
2,9,0.697
2,9,1.524
2,9,0.45
2,9,0.542
2,9,0.895
2,9,1.233
2,9,0.896
2,9,0.008
2,9,0.404
2,9,1.143
2,9,1.253
2,9,0.732
2,9,0.702
2,9,0.76
2,9,0.48
2,9,1.162
2,9,0.024
2,9,0.864
2,9,0.793
2,10,0.664
2,10,1.093
2,10,0.611
2,10,1.412
2,10,0.713
2,10,1.145
2,10,0.895
2,10,0.012
2,10,0.093
2,10,0.991
2,10,0.719
2,10,0.498
2,10,1.625
2,10,0.721
2,10,0.767
2,10,0.429
2,10,1.606
2,10,1.131
2,10,0.315
2,10,1.157
2,10,1.407
2,10,0.423
2,10,0.883
2,10,0.403
2,10,0.087
2,10,1.436
2,10,0.405
2,10,0.992
2,11,0.552
2,11,1.319
2,11,1.05
2,11,0.003
2,11,0.708
2,11,1.207
2,11,0.931
2,11,1.59
2,11,0.506
2,11,0.713
2,11,0.286
2,11,0.071
2,11,1.337
2,11,0.72
2,11,0.978
2,11,0.781
2,11,0.459
2,11,0.553
2,11,0.62
2,11,0.551
2,11,0.526
2,11,0.757
2,11,1.549
2,11,0.739
2,11,0.522
2,11,0.918
2,12,0.494
2,12,0.476
2,12,0.946
2,12,0.718
2,12,1.607
2,12,1.526
2,12,0.716
2,12,0.558
2,12,1.327
2,12,0.741
2,12,0.37
2,12,0.205
2,12,1.726
2,12,0.401
2,12,0.007
2,12,1.362
2,12,0.425
2,12,1.176
2,12,1.385
2,12,0.509
2,12,1.588
2,12,0.704
2,13,0.906
2,13,0.731
2,13,1.004
2,13,0.642
2,13,0.637
2,13,0.756
2,13,0.831
2,13,0.071
2,13,0.492
2,13,1.13
2,13,0.752
2,13,0.47
2,13,0.45
2,13,0.472
2,13,0.501
2,13,0.054
2,13,0.646
2,13,0.517
2,13,1.159
2,13,0.52
2,13,0.047
2,13,0.647
2,13,0.905
2,13,0.574
2,13,0.388
2,13,0.396
2,13,0.704
2,13,0.509
2,13,0.411
2,13,0.01
2,13,0.738
2,13,1.306
2,14,0.315
2,14,1.395
2,14,0.813
2,14,0.254
2,14,1.593
2,14,0.881
2,14,1.017
2,14,0.707
2,14,0.457
2,14,1.443
2,14,0.76
2,14,1.06
2,14,0.624
2,14,0.498
2,14,1.029
2,14,0.396
2,14,1.392
2,14,0.497
2,14,1.404
2,14,0.292
2,14,0.013
2,14,0.904
2,14,0.445
2,14,0.029
2,14,0.074
2,14,0.037
2,14,1.296
2,14,0.615
2,14,0.019
2,14,0.762
2,14,0.588
2,14,0.891
2,14,0.024
2,14,0.844
2,15,0.843
2,15,1.162
2,15,1.229
2,15,0.154
2,15,1.072
2,15,0.013
2,15,0.612
2,15,0.769
2,15,0.408
2,15,0.731
2,15,1.496
2,15,1.176
2,15,0.017
2,15,0.405
2,15,1.366
2,15,0.09
2,15,0.009
2,15,1.007
2,15,1.575
2,15,1.15
2,15,0.889
2,15,0.527
2,15,0.557
2,15,0.598
2,15,0.025
2,15,1.724
2,15,0.551
2,15,0.049
2,16,1.418
2,16,0.719
2,16,0.234
2,16,0.29
2,16,0.473
2,16,0.553
2,16,0.435
2,16,0.382
2,16,0.442
2,16,1.038
2,16,1.101
2,16,0.007
2,16,0.794
2,16,0.025
2,16,0.608
2,16,0.063
2,16,1.166
2,16,1.02
2,16,0.874
2,16,0.1
2,16,0.145
2,16,0.882
2,16,0.4
2,16,0.419
2,16,1.451
2,16,1.443
2,16,0.354
2,16,0.025
2,16,0.03
2,16,0.475
2,16,0.034
2,16,0.643
2,16,0.664
2,16,0.072
2,16,1.466
2,16,0.613
2,16,0.488
2,16,0.738
2,16,0.09
2,16,0.614
2,17,0.655
2,17,1.351
2,17,0.337
2,17,0.428
2,17,0.019
2,17,0.645
2,17,1.336
2,17,1.284
2,17,0.514
2,17,0.943
2,17,0.529
2,17,0.689
2,17,0.069
2,17,1.077
2,17,1.15
2,17,0.327
2,17,0.092
2,17,0.845
2,17,1.579
2,17,0.811
2,17,0.563
2,17,0.439
2,17,0.595
2,17,0.863
2,17,0.765
2,17,0.614
2,18,0.034
2,18,0.153
2,18,0.494
2,18,0.432
2,18,0.014
2,18,0.015
2,18,0.024
2,18,0.562
2,18,0.709
2,18,0.499
2,18,0.429
2,18,0.3
2,18,1.291
2,18,0.112
2,18,0.29
2,18,0.491
2,18,0.725
2,18,0.066
2,18,0.689
2,18,0.1
2,18,0.787
2,18,0.546
2,18,0.045
2,18,0.017
2,18,0.536
2,19,0.817
2,19,0.975
2,19,0.013
2,19,1.422
2,19,0.326
2,19,0.35
2,19,0.024
2,19,0.041
2,19,0.614
2,19,0.27
2,19,0.703
2,19,0.639
2,19,0.037
2,19,0.02
2,19,0.384
2,19,0.016
2,19,0.936
2,19,1.43
2,19,0.944
2,19,0.365
2,19,0.524
2,19,1.034
2,19,1.06
2,19,1.033
2,19,0.536
2,19,0.28
2,20,1.438
2,20,0.007
2,20,0.025
2,20,1.473
2,20,0.431
2,20,0.094
2,20,1.491
2,20,0.692
2,20,0.014
2,20,0.886
2,20,1.173
2,20,0.006
2,20,0.102
2,20,0.943
2,20,0.26
2,20,0.678
2,20,0.234
2,20,0.48
2,20,0.799
2,20,0.641
2,20,0.676
2,20,1.06
2,21,0.335
2,21,0.45
2,21,1.188
2,21,1.172
2,21,0.048
2,21,0.368
2,21,1.51
2,21,0.065
2,21,0.61
2,21,1.128
2,21,0.639
2,21,1.436
2,21,0.601
2,21,1.096
2,21,0.031
2,21,1.224
2,21,0.602
2,21,0.636
2,21,1.32
2,21,0.852
2,21,0.05
2,21,0.786
2,21,0.547
2,21,0.015
2,21,0.961
2,22,0.418
2,22,0.102
2,22,0.455
2,22,0.067
2,22,0.374
2,22,1.258
2,22,1.669
2,22,1.025
2,22,1.073
2,22,0.678
2,22,0.725
2,22,2.046
2,22,0.027
2,22,0.794
2,22,1.093
2,22,0.98
2,22,0.77
2,22,1.425
2,22,0.668
2,22,0.787
2,22,1.165
2,22,0.078
2,22,0.774
2,23,0.918
2,23,0.024
2,23,0.06
2,23,0.366
2,23,0.061
2,23,0.499
2,23,0.412
2,23,0.469
2,23,0.099
2,23,0.305
2,23,0.18
2,23,0.03
2,23,0.319
2,23,1.766
2,23,0.929
2,23,0.817
2,23,0.006
2,23,0.544
2,23,0.013
2,23,0.015
2,23,0.406
2,23,0.564
2,23,0.87
2,23,1.442
2,23,0.032
2,23,0.823
2,23,0.672
2,23,0.031
2,23,0.486
2,23,0.493
2,23,0.675
2,23,0.026
2,24,1.113
2,24,0.101
2,24,1.75
2,24,0.694
2,24,0.729
2,24,1.33
2,24,0.919
2,24,0.015
2,24,0.476
2,24,0.744
2,24,0.966
2,24,1.044
2,24,0.043
2,24,1.825
2,24,0.311
2,24,0.254
2,24,1.285
2,24,1.209
2,24,0.619
2,24,0.01
2,24,0.527
2,24,0.03
2,24,0.724
2,24,0.727
2,24,0.042
2,24,0.01
2,24,1.682
2,24,0.082
2,24,0.249
2,24,0.072
2,24,0.912
2,24,0.876
2,24,0.82
2,25,0.096
2,25,0.655
2,25,0.544
2,25,0.496
2,25,0.177
2,25,0.657
2,25,1.05
2,25,0.157
2,25,1.271
2,25,0.554
2,25,1.004
2,25,0.676
2,25,0.529
2,25,0.755
2,25,0.501
2,25,0.022
2,25,0.813
2,25,0.284
2,25,0.027
2,25,0.048
2,25,0.107
2,25,1.374
2,25,1.561
2,25,0.128
2,25,0.052
2,25,1.052
2,25,1.088
2,25,0.903
2,25,1.02
2,26,0.153
2,26,0.273
2,26,0.502
2,26,1.17
2,26,0.659
2,26,0.378
2,26,0.957
2,26,0.055
2,26,0.848
2,26,0.062
2,26,1.091
2,26,1.226
2,26,1.089
2,26,0.275
2,26,0.54
2,26,0.055
2,26,0.521
2,26,0.017
2,26,0.012
2,26,0.601
2,26,0.535
2,26,0.023
2,26,0.034
2,26,0.72
2,26,0.058
2,27,0.686
2,27,0.643
2,27,0.385
2,27,0.038
2,27,0.516
2,27,0.78
2,27,0.077
2,27,0.057
2,27,0.124
2,27,0.08
2,27,0.422
2,27,0.042
2,27,0.064
2,27,0.995
2,27,1.513
2,27,0.462
2,27,0.654
2,28,0.108
2,28,0.48
2,28,0.927
2,28,1.302
2,28,0.008
2,28,0.49
2,28,0.053
2,28,0.031
2,28,0.083
2,28,0.053
2,28,1.021
2,28,0.022
2,28,1.541
2,28,2.231
2,28,0.838
2,28,0.635
2,28,0.036
2,29,0.987
2,29,0.029
2,29,0.572
2,29,0.555
2,29,0.075
2,29,0.012
2,29,1.364
2,29,0.56
2,29,1.152
2,29,0.745
2,29,1.172
2,29,0.478
2,29,0.046
2,29,0.077
2,29,1.251
2,29,1.125
2,29,0.08
2,29,0.357
2,29,1.709
2,29,1.181
2,29,1.1
2,29,1.243
2,29,0.61
2,29,0.035
2,29,0.846
2,29,1.083
2,29,0.012
2,30,1.167
2,30,0.43
2,30,0.828
2,30,1.16
2,30,0.687
2,30,0.195
2,30,1.243
2,30,0.023
2,30,1.451
2,30,0.911
2,30,0.027
2,30,0.017
2,30,0.026
2,30,1.056
2,30,0.477
2,30,0.043
3,1,1.816
3,1,1.016
3,1,1.855
3,1,1.61
3,1,1.119
3,1,1.41
3,1,1.337
3,1,0.829
3,1,0.044
3,1,1.229
3,1,1.4
3,1,1.187
3,1,1.773
3,1,1.399
3,1,1.416
3,1,1.082
3,1,1.404
3,1,1.118
3,1,0.432
3,2,1.728
3,2,1.107
3,2,0.922
3,2,0.573
3,2,0.598
3,2,0.983
3,2,0.771
3,2,1.391
3,2,1.164
3,2,1.824
3,2,0.009
3,2,1.23
3,2,1.596
3,2,1.188
3,2,1.351
3,2,0.358
3,2,1.295
3,2,1.585
3,2,1.089
3,3,0.842
3,3,0.555
3,3,1.258
3,3,1.108
3,3,0.566
3,3,1.154
3,3,0.91
3,3,1.515
3,3,0.029
3,3,1.16
3,3,1.141
3,3,1.071
3,3,0.504
3,3,0.606
3,3,1.284
3,3,0.672
3,3,0.922
3,3,0.68
3,3,1.252
3,3,0.362
3,3,0.917
3,3,1.052
3,3,0.931
3,3,1.135
3,3,0.188
3,3,0.509
3,3,1.15
3,4,1.541
3,4,1.152
3,4,0.805
3,4,0.792
3,4,0.641
3,4,0.541
3,4,0.734
3,4,0.706
3,4,0.58
3,4,0.302
3,4,0.382
3,4,0.388
3,4,0.88
3,4,0.188
3,4,0.04
3,4,0.9
3,4,0.951
3,4,1.206
3,4,0.803
3,4,0.557
3,4,0.392
3,4,0.87
3,4,0.719
3,4,0.427
3,5,0.771
3,5,1.012
3,5,0.565
3,5,1.631
3,5,0.538
3,5,0.848
3,5,0.764
3,5,1.196
3,5,1.172
3,5,0.848
3,5,0.876
3,5,0.521
3,5,0.575
3,5,1.149
3,5,0.967
3,5,1.32
3,5,0.399
3,5,0.367
3,5,1.134
3,5,0.736
3,6,1.14
3,6,1.535
3,6,1.064
3,6,0.487
3,6,0.903
3,6,0.284
3,6,1.253
3,6,0.94
3,6,0.654
3,6,0.251
3,6,0.779
3,6,0.62
3,6,0.925
3,6,1.012
3,6,0.836
3,6,0.789
3,6,0.731
3,6,0.869
3,6,1.125
3,6,1.183
3,6,0.606
3,6,0.141
3,6,0.093
3,6,0.093
3,6,0.541
3,7,0.791
3,7,1.139
3,7,0.065
3,7,0.744
3,7,0.555
3,7,0.578
3,7,0.627
3,7,0.562
3,7,0.091
3,7,0.451
3,7,0.938
3,7,1.38
3,7,0.065
3,7,0.417
3,7,1.166
3,7,0.949
3,7,0.919
3,7,0.598
3,7,0.894
3,7,1.169
3,7,0.549
3,8,0.025
3,8,0.486
3,8,0.744
3,8,0.402
3,8,0.565
3,8,0.579
3,8,0.244
3,8,0.57
3,8,0.322
3,8,0.149
3,8,0.519
3,8,0.945
3,8,0.521
3,8,0.159
3,8,0.906
3,8,1.029
3,8,1.062
3,8,0.681
3,8,0.68
3,8,1.336
3,8,0.407
3,8,1.133
3,8,0.634
3,8,0.707
3,8,0.724
3,8,0.938
3,8,0.054
3,9,0.278
3,9,1.189
3,9,0.767
3,9,0.565
3,9,0.629
3,9,0.456
3,9,0.503
3,9,0.444
3,9,0.123
3,9,0.707
3,9,0.601
3,9,0.071
3,9,0.704
3,9,0.535
3,9,0.903
3,9,0.209
3,9,0.037
3,9,1.099
3,9,0.681
3,9,0.817
3,10,0.592
3,10,0.396
3,10,0.851
3,10,0.474
3,10,0.532
3,10,1.064
3,10,0.397
3,10,1.189
3,10,0.004
3,10,0.315
3,10,0.863
3,10,0.469
3,10,0.206
3,10,0.532
3,10,0.348
3,10,1.008
3,10,0.21
3,10,0.037
3,10,0.993
3,10,0.737
3,10,0.292
3,10,0.314
3,11,0.021
3,11,0.465
3,11,0.929
3,11,0.088
3,11,0.984
3,11,0.698
3,11,0.047
3,11,1.054
3,11,0.692
3,11,0.737
3,11,0.255
3,11,0.575
3,11,0.409
3,11,0.559
3,11,0.024
3,11,0.825
3,11,1.258
3,11,0.713
3,11,0.209
3,11,0.991
3,11,1.229
3,11,0.535
3,11,0.962
3,11,0.959
3,12,0.36
3,12,0.615
3,12,0.433
3,12,0.42
3,12,0.017
3,12,0.582
3,12,0.712
3,12,0.344
3,12,0.03
3,12,1.202
3,12,1.063
3,12,0.548
3,12,0.458
3,12,0.673
3,12,0.75
3,12,0.674
3,12,0.653
3,12,1.282
3,12,0.426
3,12,0.472
3,12,0.589
3,12,0.176
3,12,0.371
3,12,1.713
3,12,0.423
3,13,0.935
3,13,1.021
3,13,0.907
3,13,0.074
3,13,0.976
3,13,0.4
3,13,0.259
3,13,0.038
3,13,0.329
3,13,0.571
3,13,0.684
3,13,0.528
3,13,0.679
3,13,0.768
3,13,0.793
3,13,0.871
3,13,0.964
3,13,0.411
3,13,1.349
3,13,0.305
3,13,0.745
3,13,1.26
3,13,0.285
3,13,0.01
3,13,0.029
3,14,1.12
3,14,0.528
3,14,0.09
3,14,0.96
3,14,0.476
3,14,0.646
3,14,0.564
3,14,0.653
3,14,1.182
3,14,0.045
3,14,1.214
3,14,0.012
3,14,1.335
3,14,0.767
3,14,0.852
3,14,0.023
3,14,0.285
3,14,0.028
3,14,0.356
3,14,0.043
3,14,0.09
3,14,0.117
3,15,0.565
3,15,0.068
3,15,0.044
3,15,0.752
3,15,0.913
3,15,0.107
3,15,1.243
3,15,0.059
3,15,0.803
3,15,0.938
3,15,0.579
3,15,0.848
3,15,0.363
3,15,0.103
3,15,0.526
3,15,0.91
3,15,1.274
3,15,0.035
3,15,0.347
3,15,0.124
3,15,0.456
3,15,0.556
3,15,0.343
3,15,1.032
3,15,0.28
3,15,0.47
3,16,0.635
3,16,0.738
3,16,0.348
3,16,0.787
3,16,1.035
3,16,0.016
3,16,0.05
3,16,0.037
3,16,0.407
3,16,0.619
3,16,0.572
3,16,0.066
3,16,0.029
3,16,0.341
3,16,0.278
3,16,0.312
3,16,0.567
3,16,0.064
3,16,0.042
3,16,0.457
3,16,0.269
3,17,0.372
3,17,0.511
3,17,0.742
3,17,0.046
3,17,0.017
3,17,0.919
3,17,1.284
3,17,0.518
3,17,0.346
3,17,1.314
3,17,0.751
3,17,0.412
3,17,1.436
3,17,0.693
3,17,0.375
3,17,0.043
3,17,1.18
3,17,0.721
3,17,0.082
3,17,0.682
3,17,0.442
3,18,0.013
3,18,0.858
3,18,0.019
3,18,1.077
3,18,0.577
3,18,0.515
3,18,0.047
3,18,1.062
3,18,0.01
3,18,0.514
3,18,0.975
3,18,0.391
3,18,0.069
3,18,0.597
3,18,0.212
3,18,0.025
3,18,0.061
3,18,0.13
3,18,0.905
3,18,0.02
3,18,0.077
3,18,0.035
3,18,0.124
3,18,0.651
3,18,0.028
3,18,0.639
3,18,0.095
3,19,0.201
3,19,0.157
3,19,0.066
3,19,0.472
3,19,0.882
3,19,0.4
3,19,0.064
3,19,0.018
3,19,0.033
3,19,0.766
3,19,0.987
3,19,0.245
3,19,0.554
3,19,0.05
3,19,0.247
3,19,0.665
3,19,0.06
3,19,0.688
3,19,0.517
3,19,0.452
3,19,0.039
3,19,0.872
3,19,0.753
3,19,0.638
3,20,0.611
3,20,0.469
3,20,0.511
3,20,0.613
3,20,0.806
3,20,0.467
3,20,0.013
3,20,0.38
3,20,0.061
3,20,0.319
3,20,0.097
3,20,0.273
3,20,1.002
3,20,0.006
3,20,0.066
3,20,1.598
3,20,0.584
3,20,0.294
3,20,0.109
3,21,1.088
3,21,0.616
3,21,0.309
3,21,0.479
3,21,0.216
3,21,0.068
3,21,0.328
3,21,0.144
3,21,0.015
3,21,0.033
3,21,0.182
3,21,0.023
3,21,0.637
3,21,0.484
3,21,0.069
3,21,0.137
3,21,0.014
3,21,0.915
3,21,0.663
3,21,0.042
3,21,0.805
3,21,0.977
3,21,0.746
3,22,1.085
3,22,1.02
3,22,0.666
3,22,0.03
3,22,0.25
3,22,0.862
3,22,0.452
3,22,0.055
3,22,0.99
3,22,0.239
3,22,0.347
3,22,0.357
3,22,0.712
3,22,1.123
3,22,0.58
3,22,1.196
3,22,0.517
3,22,0.548
3,22,0.025
3,22,0.092
3,22,1.036
3,22,0.639
3,23,0.095
3,23,1.518
3,23,0.091
3,23,1.019
3,23,0.432
3,23,1.09
3,23,0.395
3,23,0.051
3,23,1.276
3,23,1.021
3,23,0.857
3,23,0.418
3,23,0.88
3,23,0.822
3,23,0.238
3,23,1.181
3,23,0.969
3,24,0.232
3,24,0.906
3,24,0.362
3,24,0.692
3,24,0.815
3,24,0.016
3,24,0.737
3,24,1.236
3,24,0.545
3,24,0.576
3,24,0.47
3,24,0.594
3,24,1.117
3,24,0.511
3,24,0.226
3,24,0.066
3,25,0.965
3,25,0.451
3,25,0.723
3,25,0.495
3,25,0.939
3,25,0.496
3,25,0.013
3,25,0.399
3,25,0.509
3,25,0.441
3,25,0.71
3,25,0.154
3,25,0.02
3,25,0.22
3,25,1.092
3,25,0.082
3,25,0.416
3,25,1.154
3,25,0.022
3,25,0.221
3,25,0.528
3,25,0.86
3,26,0.7
3,26,0.019
3,26,0.113
3,26,1.01
3,26,0.364
3,26,0.05
3,26,0.561
3,26,0.346
3,26,0.965
3,26,0.039
3,26,0.923
3,26,0.881
3,26,0.809
3,26,0.62
3,26,0.163
3,27,1.207
3,27,0.946
3,27,1.195
3,27,0.095
3,27,0.598
3,27,0.077
3,27,0.78
3,27,0.051
3,27,0.743
3,27,0.62
3,27,0.489
3,27,0.065
3,27,0.344
3,27,0.056
3,27,0.194
3,27,0.552
3,27,0.045
3,27,0.048
3,27,0.069
3,27,0.336
3,28,0.663
3,28,0.878
3,28,0.091
3,28,1.297
3,28,1.083
3,28,0.137
3,28,1.183
3,28,0.076
3,28,0.084
3,28,0.037
3,28,1.221
3,28,1.451
3,28,1.271
3,28,0.034
3,29,0.568
3,29,0.037
3,29,0.964
3,29,0.698
3,29,0.614
3,29,1.141
3,29,0.039
3,29,0.685
3,29,0.681
3,29,1.833
3,29,0.043
3,29,0.155
3,29,0.906
3,29,0.188
3,29,0.964
3,29,1.318
3,29,0.044
3,29,0.069
3,29,0.067
3,30,0.345
3,30,0.656
3,30,0.902
3,30,0.011
3,30,1.589
3,30,0.667
3,30,1.001
3,30,0.058
3,30,0.016
3,30,0.099
3,30,1.171
3,30,1.167
4,1,1.513
4,1,0.548
4,1,1.351
4,1,1.944
4,1,1.518
4,2,0.441
4,2,0.547
4,2,1.39
4,2,1.415
4,2,1.752
4,2,0.4
4,2,1.517
4,2,1.562
4,2,1.285
4,2,0.924
4,2,0.659
4,2,1.178
4,2,1.685
4,2,1.13
4,2,1.392
4,2,0.681
4,2,0.825
4,2,1.234
4,2,0.551
4,2,1.191
4,2,1.384
4,2,1.315
4,2,1.886
4,2,1.162
4,2,0.958
4,2,1.365
4,2,0.71
4,2,1.436
4,3,1.077
4,3,0.556
4,3,0.733
4,3,1.578
4,3,0.819
4,3,1.215
4,3,0.813
4,3,1.417
4,3,1.141
4,3,1.063
4,3,0.905
4,3,0.956
4,3,0.906
4,3,0.986
4,3,1.844
4,3,0.785
4,3,0.924
4,3,1.961
4,3,1.441
4,3,1.498
4,3,1.598
4,3,1.273
4,3,0.93
4,3,1.539
4,3,1.454
4,3,0.919
4,3,1.915
4,3,1.166
4,3,0.482
4,3,1.06
4,4,0.026
4,4,0.021
4,4,1.067
4,4,1.003
4,4,1.239
4,4,1.66
4,4,1.465
4,4,2.05
4,4,1.387
4,4,0.744
4,4,1.209
4,4,1.539
4,4,1.515
4,4,0.098
4,4,1.048
4,4,1.666
4,4,0.527
4,4,1.013
4,4,1.419
4,4,1.724
4,4,1.066
4,4,0.8
4,4,0.891
4,4,0.69
4,4,0.439
4,4,1.337
4,4,1.377
4,4,0.968
4,4,0.248
4,4,1.187
4,4,1.115
4,4,0.877
4,4,1.403
4,4,1.158
4,4,0.683
4,4,1.126
4,4,0.472
4,4,0.952
4,4,1.35
4,4,0.701
4,5,1.072
4,5,0.902
4,5,0.588
4,5,0.855
4,5,1.023
4,5,1.544
4,5,0.991
4,5,0.735
4,5,1.219
4,5,0.965
4,5,0.792
4,5,1.202
4,5,1.224
4,5,2.487
4,5,0.809
4,5,1.053
4,5,1.135
4,5,0.85
4,5,1.597
4,5,1.11
4,5,1.414
4,5,1.232
4,5,1.145
4,5,1.278
4,5,0.947
4,5,0.61
4,5,0.597
4,5,0.26
4,5,0.012
4,5,1.603
4,5,1.704
4,5,1.016
4,5,1.207
4,5,1.247
4,5,0.704
4,5,1.258
4,5,1.667
4,5,1.29
4,6,1.115
4,6,0.73
4,6,0.483
4,6,1.604
4,6,0.457
4,6,0.958
4,6,1.826
4,6,0.869
4,6,1.216
4,6,1.312
4,6,0.646
4,6,0.475
4,6,1.279
4,6,0.465
4,6,0.642
4,6,0.884
4,6,0.775
4,6,1.502
4,6,0.033
4,6,0.974
4,6,1.348
4,6,0.946
4,6,0.305
4,6,1.144
4,6,1.897
4,6,0.699
4,6,2.33
4,6,0.752
4,6,1.131
4,6,1.107
4,6,0.633
4,6,0.554
4,6,1.666
4,6,1.501
4,6,1.065
4,6,2.371
4,6,0.028
4,6,0.699
4,7,0.547
4,7,1.072
4,7,0.421
4,7,0.827
4,7,0.554
4,7,0.927
4,7,1.059
4,7,0.956
4,7,1.214
4,7,0.432
4,7,0.82
4,7,0.817
4,7,0.771
4,7,0.909
4,7,1.253
4,7,1.207
4,7,0.022
4,7,0.926
4,7,0.786
4,7,1.423
4,7,0.84
4,7,1.031
4,7,0.634
4,7,0.574
4,7,0.501
4,7,0.401
4,7,0.959
4,7,0.589
4,7,0.819
4,7,1.271
4,7,1.228
4,8,0.91
4,8,1.018
4,8,0.753
4,8,0.509
4,8,1.428
4,8,0.843
4,8,1.247
4,8,0.548
4,8,0.235
4,8,1.269
4,8,0.776
4,8,1.385
4,8,1.248
4,8,1.355
4,8,0.985
4,8,0.94
4,8,0.561
4,8,0.844
4,8,1.761
4,8,1.225
4,8,0.437
4,8,1.864
4,8,1.179
4,8,1.03
4,8,0.806
4,8,0.541
4,8,1.14
4,8,1.454
4,8,0.969
4,8,0.426
4,8,0.67
4,8,1.093
4,8,0.067
4,8,1.126
4,8,0.654
4,8,2.007
4,9,1.482
4,9,0.55
4,9,1.025
4,9,1.638
4,9,0.44
4,9,0.398
4,9,0.584
4,9,0.54
4,9,0.166
4,9,1.697
4,9,0.46
4,9,0.505
4,9,0.994
4,9,1.158
4,9,1.43
4,9,1.323
4,9,0.466
4,9,1.281
4,9,0.805
4,9,1.128
4,9,0.04
4,9,0.821
4,9,0.882
4,9,0.527
4,9,2.16
4,9,0.822
4,9,0.925
4,9,1.162
4,9,0.395
4,9,1.112
4,9,1.695
4,9,1.065
4,9,1.236
4,9,0.729
4,9,1.025
4,9,1.433
4,9,1.647
4,9,0.212
4,10,0.604
4,10,0.029
4,10,0.823
4,10,1.026
4,10,1.193
4,10,1.053
4,10,0.578
4,10,1.44
4,10,0.932
4,10,0.792
4,10,0.595
4,10,0.858
4,10,1.265
4,10,1.409
4,10,0.016
4,10,0.692
4,10,1.412
4,10,0.877
4,10,0.773
4,10,2.071
4,10,0.554
4,10,0.822
4,10,0.851
4,10,0.555
4,10,1.074
4,10,0.894
4,10,0.492
4,10,0.729
4,10,0.58
4,10,0.021
4,10,0.276
4,10,1.36
4,10,1.401
4,10,0.89
4,10,0.271
4,10,1.172
4,11,1.212
4,11,0.07
4,11,1.011
4,11,1.176
4,11,1.29
4,11,0.677
4,11,0.827
4,11,0.831
4,11,0.672
4,11,0.853
4,11,1.29
4,11,1.097
4,11,0.876
4,11,0.608
4,11,0.382
4,11,1.176
4,11,0.005
4,11,0.733
4,11,0.924
4,11,0.924
4,11,0.704
4,11,1.102
4,11,0.887
4,11,0.871
4,11,1.166
4,11,0.748
4,11,0.751
4,11,0.852
4,11,1.019
4,11,0.367
4,11,0.604
4,11,0.05
4,11,1.009
4,11,0.944
4,11,0.701
4,11,1.359
4,11,1.402
4,11,1.373
4,12,1.098
4,12,1.125
4,12,0.69
4,12,1.272
4,12,0.78
4,12,0.689
4,12,0.949
4,12,0.327
4,12,1.326
4,12,0.438
4,12,0.01
4,12,0.355
4,12,0.866
4,12,0.586
4,12,0.898
4,12,0.517
4,12,0.516
4,12,0.388
4,12,0.867
4,12,1.503
4,12,0.527
4,12,1.5
4,12,1.117
4,12,1.443
4,12,0.987
4,12,0.713
4,12,0.802
4,12,0.944
4,12,1.1
4,12,0.435
4,12,1.294
4,12,1.01
4,12,0.459
4,12,0.99
4,13,0.715
4,13,0.797
4,13,1.464
4,13,1.013
4,13,1
4,13,0.051
4,13,0.639
4,13,0.79
4,13,0.683
4,13,0.855
4,13,1.19
4,13,0.917
4,13,0.394
4,13,0.92
4,13,0.012
4,13,0.79
4,13,0.842
4,13,1.296
4,13,1.058
4,13,1.28
4,13,1.822
4,13,1.585
4,13,1.278
4,13,1.966
4,13,1.611
4,13,1.22
4,13,1.333
4,13,0.871
4,13,0.424
4,13,0.513
4,13,1
4,13,1.157
4,13,1.146
4,14,0.967
4,14,1.076
4,14,0.626
4,14,0.013
4,14,0.893
4,14,0.968
4,14,0.507
4,14,1.301
4,14,0.985
4,14,1.302
4,14,0.765
4,14,0.696
4,14,0.681
4,14,1.419
4,14,1.125
4,14,0.906
4,14,0.717
4,14,0.541
4,14,0.868
4,14,1.031
4,14,0.607
4,14,0.406
4,14,1.258
4,14,0.794
4,14,1.097
4,14,1.618
4,14,1.269
4,14,1.206
4,14,2.1
4,14,1.538
4,14,0.803
4,14,0.41
4,14,0.032
4,14,1.065
4,14,0.461
4,14,0.794
4,14,0.69
4,14,0.601
4,14,1.168
4,14,0.664
4,14,0.342
4,15,1.55
4,15,1.032
4,15,0.795
4,15,1.027
4,15,0.763
4,15,0.908
4,15,0.918
4,15,0.527
4,15,0.441
4,15,1.379
4,15,1.173
4,15,0.812
4,15,0.02
4,15,0.038
4,15,0.021
4,15,0.596
4,15,1.351
4,15,1.017
4,15,1.128
4,15,2.847
4,15,0.549
4,15,0.94
4,15,0.51
4,15,1.544
4,15,1.538
4,15,1.175
4,15,0.953
4,15,1.075
4,15,0.032
4,15,0.843
4,15,0.68
4,15,1.116
4,16,0.927
4,16,0.595
4,16,1.345
4,16,0.063
4,16,0.631
4,16,0.86
4,16,0.273
4,16,0.83
4,16,0.603
4,16,1.226
4,16,1.43
4,16,0.744
4,16,1.482
4,16,0.039
4,16,1.521
4,16,0.594
4,16,1.856
4,16,0.585
4,16,1.358
4,16,0.495
4,16,0.796
4,16,0.715
4,16,1.397
4,16,1.264
4,16,0.255
4,16,0.59
4,16,0.733
4,16,1.063
4,16,0.365
4,16,0.998
4,16,1.351
4,17,0.612
4,17,0.762
4,17,0.522
4,17,0.014
4,17,1.034
4,17,0.019
4,17,1.434
4,17,0.473
4,17,0.38
4,17,0.823
4,17,1.011
4,17,0.641
4,17,1.267
4,17,0.681
4,17,1.327
4,17,1.196
4,17,0.343
4,17,0.983
4,17,0.141
4,17,0.732
4,17,0.396
4,17,0.936
4,17,0.007
4,17,0.882
4,17,1.081
4,17,0.993
4,17,0.545
4,17,0.015
4,17,1.019
4,17,1.185
4,17,1.729
4,17,1.268
4,17,1.159
4,17,0.488
4,18,0.533
4,18,0.567
4,18,0.587
4,18,1.515
4,18,0.032
4,18,0.958
4,18,0.825
4,18,0.04
4,18,0.638
4,18,0.087
4,18,0.372
4,18,0.582
4,18,0.703
4,18,1.124
4,18,0.918
4,18,0.333
4,18,0.81
4,18,1.187
4,18,1.246
4,18,1.264
4,18,0.632
4,18,1.136
4,18,1.257
4,18,1.508
4,18,1.215
4,18,0.742
4,18,0.014
4,18,0.68
4,18,0.033
4,18,1.24
4,18,0.225
4,18,0.073
4,19,0.017
4,19,0.531
4,19,0.776
4,19,1.264
4,19,1.064
4,19,0.704
4,19,1.391
4,19,0.936
4,19,1.282
4,19,1.445
4,19,1.016
4,19,0.275
4,19,0.626
4,19,0.36
4,19,0.391
4,19,0.62
4,19,0.292
4,19,0.67
4,19,0.577
4,19,0.026
4,19,0.408
4,19,0.819
4,19,1.185
4,19,1.925
4,19,1.695
4,19,0.329
4,19,1.147
4,19,1.256
4,19,1.531
4,19,1.56
4,19,0.876
4,19,0.26
4,20,0.866
4,20,0.02
4,20,1.371
4,20,0.935
4,20,0.726
4,20,0.754
4,20,0.701
4,20,0.579
4,20,0.452
4,20,0.457
4,20,0.836
4,20,0.254
4,20,0.62
4,20,1.111
4,20,0.052
4,20,0.018
4,20,0.362
4,20,0.576
4,20,0.517
4,20,0.021
4,20,1.459
4,20,1.231
4,20,0.783
4,20,1.301
4,20,0.63
4,21,0.556
4,21,1.13
4,21,0.552
4,21,0.946
4,21,0.682
4,21,1.122
4,21,1.183
4,21,0.02
4,21,1.682
4,21,0.036
4,21,0.012
4,21,0.962
4,21,0.636
4,21,1.682
4,21,0.008
4,21,0.055
4,21,0.145
4,21,0.715
4,21,1.164
4,21,0.707
4,21,1.211
4,21,1.016
4,21,1.133
4,21,1.21
4,21,0.005
4,21,0.014
4,21,1.132
4,21,0.717
4,22,0.516
4,22,1.487
4,22,0.641
4,22,0.531
4,22,1.647
4,22,0.785
4,22,1.677
4,22,2.034
4,22,1.099
4,22,0.64
4,22,0.781
4,22,1.089
4,22,0.958
4,22,0.876
4,22,1.48
4,22,0.056
4,22,1.822
4,22,0.071
4,22,1.162
4,22,1.268
4,22,1.204
4,22,0.825
4,22,1.463
4,22,0.237
4,22,0.052
4,22,1.136
4,22,0.832
4,23,0.464
4,23,1.263
4,23,0.17
4,23,0.952
4,23,1.949
4,23,0.434
4,23,0.581
4,23,1.007
4,23,1.329
4,23,0.811
4,23,1.601
4,23,1.257
4,23,0.045
4,23,0.994
4,23,0.858
4,23,0.657
4,23,0.02
4,23,0.696
4,23,1.043
4,23,0.736
4,23,0.658
4,23,0.081
4,23,0.586
4,23,1.078
4,23,0.069
4,23,0.528
4,23,0.853
4,23,0.012
4,24,0.427
4,24,1.176
4,24,0.032
4,24,0.565
4,24,1.015
4,24,1.325
4,24,0.528
4,24,0.236
4,24,0.352
4,24,0.542
4,24,0.835
4,24,0.07
4,24,0.926
4,24,0.518
4,24,0.79
4,24,1.034
4,24,1.067
4,24,1.116
4,24,1.015
4,24,0.279
4,24,1.245
4,24,0.987
4,24,1.517
4,24,0.834
4,24,0.686
4,24,0.987
4,24,1.438
4,25,0.396
4,25,1.396
4,25,0.65
4,25,1.132
4,25,0.914
4,25,0.123
4,25,0.264
4,25,0.034
4,25,0.372
4,25,1.654
4,25,0.414
4,25,0.943
4,25,0.013
4,25,1.008
4,25,0.014
4,25,0.869
4,25,0.632
4,25,0.007
4,25,1.095
4,25,0.079
4,25,0.915
4,25,0.819
4,25,0.918
4,25,1.272
4,25,0.654
4,25,1.609
4,25,0.617
4,25,0.362
4,25,0.008
4,26,0.123
4,26,0.307
4,26,1.085
4,26,0.925
4,26,0.046
4,26,0.008
4,26,0.044
4,26,0.051
4,26,0.836
4,26,1.669
4,26,1.099
4,26,1.767
4,26,0.795
4,26,0.007
4,26,0.773
4,26,0.014
4,26,0.024
4,26,0.834
4,26,1.592
4,26,0.348
4,26,0.901
4,26,0.651
4,26,0.037
4,26,0.028
4,26,0.117
4,26,1.11
4,26,1.249
4,26,0.952
4,26,1.37
4,26,0.125
4,26,1.379
4,26,0.023
4,26,0.025
4,27,0.783
4,27,0.946
4,27,0.016
4,27,0.018
4,27,1.615
4,27,0.582
4,27,0.016
4,27,1.715
4,27,1.741
4,27,0.87
4,27,0.842
4,27,0.947
4,27,1.123
4,27,0.9
4,27,0.996
4,27,0.886
4,27,0.054
4,27,0.017
4,27,1.783
4,27,0.775
4,27,0.631
4,27,1.011
4,27,1.459
4,27,1.003
4,27,1.196
4,27,0.07
4,27,0.522
4,28,0.133
4,28,0.012
4,28,0.35
4,28,0.904
4,28,0.641
4,28,1.061
4,28,0.016
4,28,1.527
4,28,0.563
4,28,0.873
4,28,1.642
4,28,0.562
4,28,0.655
4,28,0.027
4,28,0.604
4,28,0.019
4,28,1.45
4,28,0.418
4,28,1.009
4,28,0.181
4,28,1.182
4,28,0.682
4,28,1.445
4,28,0.063
4,28,0.457
4,28,1.107
4,28,0.519
4,28,0.953
4,28,1.273
4,28,0.965
4,28,1.067
4,28,0.607
4,28,1.542
4,28,1.356
4,28,0.015
4,29,1.333
4,29,0.275
4,29,0.892
4,29,0.832
4,29,0.691
4,29,0.711
4,29,0.117
4,29,0.607
4,29,0.946
4,29,1.656
4,29,1.141
4,29,1.211
4,29,1.084
4,29,1.45
4,29,0.815
4,29,0.721
4,29,0.763
4,29,1.077
4,29,1.323
4,29,0.737
4,29,0.704
4,29,1.139
4,29,1.64
4,30,0.614
4,30,0.098
4,30,0.021
4,30,1.136
4,30,1.051
4,30,0.669
4,30,2.139
4,30,1.043
4,30,0.726
4,30,0.006
4,30,1.247
4,30,1.415
4,30,0.388
4,30,1.565
4,30,0.052
4,30,0.062
4,30,1.337
4,30,0.89
4,30,0.791
4,30,0.964
4,30,0.818
4,30,0.853
4,30,0.057
4,30,1.672
4,30,0.037
4,30,1.008
