1,1,1.015
1,1,1.262
1,1,0.965
1,1,0.891
1,1,1.198
1,1,1.019
1,1,0.662
1,2,0.724
1,2,0.922
1,2,0.392
1,2,0.804
1,2,1.233
1,2,0.535
1,2,0.573
1,2,0.957
1,2,0.696
1,3,0.971
1,3,0.93
1,3,1.252
1,3,0.987
1,3,1.35
1,3,0.889
1,3,1.552
1,3,0.527
1,3,0.63
1,4,1.091
1,4,0.918
1,4,1.175
1,4,1.3
1,4,1.339
1,4,0.105
1,4,0.627
1,4,0.854
1,4,0.255
1,5,0.923
1,5,0.944
1,5,0.884
1,5,0.947
1,5,0.401
1,5,0.568
1,5,0.677
1,5,1.12
1,5,0.884
1,5,1.174
1,5,0.446
1,5,0.536
1,6,1.104
1,6,0.243
1,6,0.116
1,6,0.819
1,6,1.067
1,6,0.898
1,6,0.576
1,6,0.695
1,6,0.02
1,7,0.896
1,7,1.014
1,7,0.864
1,7,0.175
1,7,0.345
1,7,0.864
1,8,0.018
1,9,1.093
1,9,0.696
1,9,0.638
1,9,0.532
1,9,0.511
1,9,1.072
1,10,0.231
1,10,0.322
1,10,0.733
1,10,0.227
1,10,1.059
1,10,0.188
1,10,0.102
1,10,0.876
1,10,0.965
1,10,0.43
1,11,0.232
1,11,0.113
1,11,0.653
1,11,0.43
1,11,0.945
1,11,1.365
1,11,0.007
1,11,0.086
1,11,0.856
1,11,0.762
1,11,0.497
1,12,1.172
1,12,0.391
1,12,0.703
1,12,0.232
1,12,0.21
1,12,1.002
1,13,0.318
1,13,0.566
1,13,0.433
1,13,0.429
1,13,0.504
1,13,0.356
1,13,0.307
1,13,0.688
1,13,0.754
1,13,0.216
1,14,0.323
1,14,0.726
1,14,0.857
1,14,0.436
1,14,0.774
1,14,0.114
1,14,0.57
1,14,0.566
1,14,0.829
1,14,0.86
1,14,0.555
1,14,0.627
1,14,0.098
1,15,0.34
1,15,1.05
1,15,0.941
1,15,0.194
1,15,0.796
1,15,0.153
1,15,0.258
1,15,0.685
1,15,0.572
1,15,1.063
1,15,0.063
1,15,0.332
1,16,0.868
1,16,0.441
1,16,0.474
1,16,0.598
1,16,0.451
1,16,0.061
1,16,0.596
1,16,0.672
1,16,0.78
1,16,0.901
1,17,0.537
1,17,0.615
1,17,0.787
1,17,1.091
1,17,0.62
1,17,0.231
1,17,0.869
1,17,0.958
1,17,0.422
1,18,0.606
1,18,1.353
1,18,0.713
1,18,0.022
1,18,0.522
1,18,0.086
1,18,0.115
1,19,0.987
1,19,1.098
1,19,0.187
1,19,0.832
1,19,1.105
1,19,0.102
1,19,0.108
1,19,0.042
1,19,0.339
1,19,0.607
1,20,0.439
1,20,1.172
1,20,0.772
1,20,0.571
1,20,0.927
1,20,0.27
1,20,0.061
1,20,0.068
1,20,0.152
1,20,0.678
1,20,0.026
1,21,0.822
1,21,0.335
1,21,0.354
1,21,0.456
1,21,0.727
1,21,0.395
1,21,0.7
1,21,0.037
1,21,0.454
1,21,0.578
1,21,0.36
1,22,0.229
1,22,0.348
1,22,0.177
1,22,0.271
1,22,0.069
1,22,0.208
1,22,0.71
1,22,0.186
1,22,0.324
1,22,0.716
1,22,1.043
1,22,0.434
1,22,1.187
1,22,0.811
1,23,1.093
1,23,0.514
1,23,0.096
1,23,0.629
1,23,0.398
1,23,0.168
1,23,0.016
1,23,0.281
1,23,0.058
1,23,0.184
1,23,0.083
1,23,0.555
1,23,1.34
1,23,1.254
1,23,0.838
1,23,1.109
1,23,0.621
1,24,0.237
1,24,0.02
1,24,0.508
1,24,0.022
1,24,0.41
1,24,0.041
1,24,0.148
1,24,0.702
1,24,0.511
1,24,1.015
1,24,0.079
1,24,0.906
1,24,1.511
1,24,0.869
1,24,0.723
1,24,0.865
1,24,0.079
1,24,0.092
1,25,0.269
1,25,0.762
1,25,0.098
1,25,0.217
1,25,0.311
1,25,0.828
1,25,1.05
1,25,1.66
1,25,0.385
1,25,0.39
1,25,0.067
1,25,0.648
1,26,0.282
1,26,0.061
1,26,0.661
1,26,0.498
1,26,0.061
1,26,0.519
1,26,0.821
1,26,1.194
1,26,0.652
1,26,1.198
1,26,0.867
1,26,0.935
1,26,0.033
1,26,0.066
1,26,0.969
1,27,0.518
1,27,0.684
1,27,0.413
1,27,0.824
1,27,0.817
1,27,0.781
1,27,1.045
1,27,0.395
1,27,0.816
1,27,0.534
1,27,1.052
1,27,0.114
1,27,0.032
1,28,0.639
1,28,0.535
1,28,0.495
1,28,0.398
1,28,0.411
1,28,0.049
1,28,0.878
1,28,0.012
1,28,0.033
1,28,0.578
1,28,0.077
1,28,0.652
1,28,0.134
1,28,0.137
1,28,0.019
1,28,0.226
1,28,0.053
1,28,0.156
1,29,1.445
1,29,0.365
1,29,0.085
1,29,0.156
1,29,0.84
1,29,0.744
1,29,0.108
1,29,0.098
1,29,0.018
1,29,0.549
1,29,0.486
1,29,0.599
1,29,0.318
1,29,0.904
1,29,1.063
1,29,0.04
1,30,0.699
1,30,0.563
1,30,1.385
1,30,0.705
1,30,0.594
1,30,0.938
1,30,0.84
1,30,0.913
1,30,0.407
1,30,0.81
1,30,0.721
1,30,0.685
2,1,1.313
2,1,1.188
2,1,1.246
2,1,0.952
2,1,0.62
2,1,1.598
2,1,0.968
2,1,1.168
2,1,0.481
2,1,1.1
2,1,0.907
2,1,1.351
2,1,1.234
2,1,1.537
2,1,1.437
2,2,0.759
2,2,1.17
2,2,1.053
2,2,0.586
2,2,1.46
2,2,0.919
2,2,0.881
2,2,0.31
2,2,0.751
2,2,0.112
2,2,1.347
2,2,0.507
2,2,1.705
2,2,1.039
2,2,0.652
2,2,0.651
2,2,1.341
2,2,1.207
2,3,0.989
2,3,0.423
2,3,1.238
2,3,0.782
2,3,0.309
2,3,1.079
2,3,0.009
2,3,0.51
2,3,0.743
2,3,1.41
2,3,0.551
2,3,1.565
2,3,0.826
2,3,0.88
2,3,0.838
2,3,1.475
2,4,1.127
2,4,0.77
2,4,0.658
2,4,1.086
2,4,1.086
2,4,0.669
2,4,1.068
2,4,1.404
2,4,0.905
2,4,0.017
2,4,0.449
2,4,0.866
2,4,0.638
2,4,0.764
2,4,0.468
2,4,1.144
2,5,1.002
2,5,0.877
2,5,1.038
2,5,1.035
2,5,1.035
2,5,1.079
2,5,0.648
2,5,0.976
2,5,0.578
2,5,1.102
2,5,1.035
2,5,1.529
2,5,0.558
2,5,1.2
2,6,0.761
2,6,0.894
2,6,0.336
2,6,1.172
2,6,0.808
2,6,0.694
2,6,1.081
2,6,1.368
2,6,1.25
2,6,1.032
2,6,0.321
2,6,1.18
2,6,1.147
2,6,0.96
2,6,0.743
2,6,0.825
2,6,0.974
2,7,0.682
2,7,0.075
2,7,0.512
2,7,0.682
2,7,1.053
2,7,0.838
2,7,1.035
2,7,0.553
2,7,0.517
2,7,1.121
2,7,1.086
2,7,1.354
2,7,1.054
2,7,0.553
2,7,0.186
2,7,1.549
2,7,0.039
2,8,0.31
2,8,0.669
2,8,0.111
2,8,0.686
2,8,0.96
2,8,1.301
2,8,1.022
2,8,1.245
2,8,0.331
2,8,0.175
2,8,0.972
2,8,0.013
2,8,0.637
2,8,0.502
2,8,0.423
2,8,0.732
2,8,0.321
2,8,0.756
2,8,0.076
2,8,1.342
2,8,0.694
2,8,0.899
2,9,1.171
2,9,0.881
2,9,1.363
2,9,1.03
2,9,0.784
2,9,0.708
2,9,0.649
2,9,0.812
2,9,0.818
2,9,1.013
2,9,0.793
2,9,0.669
2,9,0.516
2,9,0.859
2,9,0.248
2,9,1.046
2,9,0.857
2,10,0.652
2,10,0.443
2,10,0.917
2,10,0.768
2,10,0.037
2,10,1.12
2,10,0.468
2,10,0.015
2,10,0.237
2,10,0.013
2,10,0.709
2,10,0.581
2,10,0.631
2,10,0.973
2,10,0.755
2,10,1.412
2,10,0.382
2,10,0.084
2,10,0.497
2,11,0.379
2,11,0.669
2,11,0.673
2,11,0.768
2,11,1.081
2,11,0.297
2,11,0.957
2,11,0.401
2,11,0.981
2,11,0.696
2,11,0.98
2,11,0.992
2,11,0.281
2,11,0.615
2,11,0.91
2,12,0.498
2,12,0.403
2,12,0.744
2,12,0.829
2,12,0.36
2,12,0.02
2,12,0.873
2,12,0.022
2,12,0.831
2,12,1.155
2,12,0.719
2,12,0.277
2,12,0.704
2,12,0.785
2,12,0.339
2,12,0.579
2,12,0.673
2,12,0.081
2,13,1.116
2,13,0.338
2,13,0.742
2,13,0.666
2,13,0.184
2,13,1.331
2,13,0.254
2,13,0.049
2,13,1.106
2,13,0.723
2,13,0.701
2,13,1.068
2,13,0.494
2,13,0.926
2,13,0.943
2,13,0.039
2,13,0.529
2,14,0.777
2,14,0.681
2,14,0.788
2,14,0.515
2,14,0.844
2,14,0.027
2,14,0.817
2,14,0.536
2,14,0.726
2,14,0.731
2,14,0.142
2,14,0.422
2,14,0.524
2,14,0.42
2,14,0.441
2,14,0.908
2,14,0.126
2,14,0.982
2,14,0.016
2,15,0.44
2,15,1.18
2,15,0.248
2,15,0.548
2,15,0.687
2,15,0.35
2,15,0.988
2,15,0.642
2,15,0.893
2,15,1.248
2,15,0.286
2,15,0.021
2,15,0.347
2,15,0.926
2,15,1.441
2,16,0.572
2,16,0.633
2,16,0.07
2,16,0.129
2,16,0.673
2,16,0.788
2,16,0.1
2,16,0.379
2,16,0.886
2,16,1.207
2,16,0.709
2,16,0.92
2,16,0.041
2,16,0.896
2,16,0.435
2,16,0.333
2,16,0.828
2,16,0.179
2,16,0.789
2,16,0.589
2,16,0.651
2,16,0.007
2,16,0.748
2,16,0.663
2,17,0.629
2,17,0.808
2,17,0.279
2,17,0.925
2,17,0.779
2,17,0.069
2,17,0.955
2,17,0.802
2,17,1.264
2,17,0.845
2,17,0.702
2,17,0.424
2,17,0.66
2,17,1.027
2,17,0.503
2,17,1.056
2,17,0.104
2,17,0.515
2,17,0.2
2,18,0.053
2,18,0.175
2,18,0.677
2,18,0.381
2,18,1.406
2,18,1.195
2,18,0.015
2,18,0.981
2,18,0.541
2,18,0.502
2,18,0.773
2,18,0.572
2,18,0.072
2,18,0.792
2,18,1.449
2,18,0.032
2,18,0.905
2,18,0.473
2,18,0.105
2,18,0.918
2,19,1.476
2,19,0.452
2,19,0.363
2,19,1.345
2,19,0.042
2,19,0.824
2,19,0.656
2,19,1.219
2,19,1.242
2,19,0.052
2,19,0.603
2,19,1.048
2,19,0.451
2,19,0.552
2,19,1.478
2,19,0.009
2,19,0.841
2,20,0.675
2,20,1.353
2,20,0.293
2,20,0.993
2,20,0.972
2,20,0.185
2,20,0.496
2,20,0.674
2,20,0.882
2,20,0.184
2,20,1.157
2,20,0.098
2,20,0.84
2,20,0.88
2,20,0.133
2,20,0.631
2,20,0.034
2,20,1.124
2,20,0.229
2,20,0.507
2,20,0.056
2,20,0.826
2,21,0.957
2,21,0.03
2,21,0.666
2,21,0.053
2,21,0.95
2,21,0.006
2,21,0.037
2,21,1.562
2,21,0.377
2,21,1.396
2,21,0.471
2,21,0.706
2,21,1.21
2,21,0.92
2,21,0.803
2,21,0.03
2,21,0.816
2,21,0.02
2,21,1.108
2,21,0.331
2,21,0.696
2,22,0.062
2,22,1.24
2,22,0.78
2,22,0.027
2,22,0.671
2,22,0.069
2,22,1.302
2,22,0.048
2,22,0.031
2,22,0.765
2,22,1.188
2,22,1.632
2,22,0.527
2,22,1.272
2,22,0.953
2,22,0.556
2,22,0.025
2,22,0.071
2,22,0.601
2,22,0.668
2,22,0.922
2,22,0.676
2,23,0.019
2,23,0.935
2,23,0.044
2,23,0.402
2,23,0.519
2,23,0.038
2,23,0.078
2,23,0.542
2,23,1.329
2,23,1.296
2,23,0.887
2,23,0.526
2,23,0.736
2,23,0.428
2,23,0.778
2,23,0.602
2,23,0.723
2,23,0.03
2,24,0.527
2,24,0.294
2,24,0.275
2,24,0.026
2,24,0.122
2,24,0.012
2,24,1.269
2,24,1.477
2,24,0.523
2,24,0.772
2,24,0.69
2,24,0.458
2,24,0.027
2,24,1.308
2,24,1.382
2,24,0.424
2,24,1.11
2,24,0.363
2,24,1.026
2,24,0.11
2,24,0.47
2,25,0.042
2,25,1.07
2,25,0.516
2,25,0.167
2,25,0.101
2,25,1.466
2,25,0.01
2,25,0.661
2,25,0.014
2,25,0.448
2,25,1.514
2,25,0.374
2,25,0.148
2,25,0.641
2,25,1.148
2,25,0.773
2,25,0.49
2,26,0.029
2,26,0.411
2,26,0.093
2,26,0.08
2,26,0.176
2,26,1.313
2,26,0.348
2,26,1.041
2,26,0.553
2,26,0.719
2,26,1.12
2,26,0.936
2,26,0.694
2,26,0.207
2,26,0.413
2,26,0.484
2,26,0.723
2,27,0.575
2,27,0.986
2,27,0.118
2,27,0.064
2,27,0.561
2,27,0.468
2,27,0.514
2,27,0.018
2,27,0.463
2,27,0.857
2,27,0.601
2,27,1.259
2,27,0.015
2,27,0.625
2,27,0.038
2,27,0.715
2,28,0.032
2,28,1.018
2,28,0.53
2,28,1.001
2,28,0.832
2,28,0.015
2,28,0.472
2,28,1.378
2,28,0.066
2,28,0.773
2,28,1.205
2,28,0.751
2,28,0.11
2,28,0.083
2,29,0.688
2,29,0.73
2,29,0.334
2,29,0.016
2,29,0.132
2,29,0.757
2,29,1.414
2,29,0.033
2,29,0.936
2,29,1.154
2,29,0.075
2,29,0.556
2,29,0.845
2,29,0.101
2,29,0.339
2,29,0.029
2,29,0.676
2,29,0.062
2,29,0.12
2,30,0.012
2,30,0.602
2,30,0.566
2,30,0.475
2,30,0.79
2,30,1.35
2,30,0.946
2,30,0.95
2,30,0.732
2,30,0.141
2,30,0.923
2,30,0.629
2,30,0.011
2,30,0.012
2,30,0.518
2,30,0.031
2,30,0.99
